country iso3,country name,indicator,category breakdown,technology or sector,funding stage,year,value,unit,number of observations
AFG,AFGHANISTAN,Probability to receive funding,"By sector (energy, green, digital)",Energy,Early stage,2021,0,Percentage,2
AFG,AFGHANISTAN,Probability to receive funding,"By sector (energy, green, digital)",Energy and digital,Early stage,2021,0,Percentage,1
AFG,AFGHANISTAN,Probability to receive funding,"By sector (energy, green, digital)",Energy and non-digital,Early stage,2021,0,Percentage,1
AFG,AFGHANISTAN,Fundings of start-ups,"By sector (energy, green, digital)",Non-energy,Early stage,2000,16136364,USD,1
AFG,AFGHANISTAN,Fundings of start-ups,"By sector (energy, green, digital)",Non-energy,Early stage,2012,24204.54492,USD,1
AFG,AFGHANISTAN,Fundings of start-ups,"By sector (energy, green, digital)",Non-energy,Early stage,2014,969325.3125,USD,2
AFG,AFGHANISTAN,Fundings of start-ups,"By sector (energy, green, digital)",Non-energy,Early stage,2016,2361474.25,USD,1
AFG,AFGHANISTAN,Probability to receive funding,"By sector (energy, green, digital)",Non-energy,Early stage,2021,9.433961868,Percentage,53
AFG,AFGHANISTAN,Fundings of start-ups,"By sector (energy, green, digital)",Non-energy,Early stage,2022,1.67123282,Years,53
AFG,AFGHANISTAN,Probability to receive funding,"By sector (energy, green, digital)",Energy,Later stage,2021,0,Percentage,2
AFG,AFGHANISTAN,Probability to receive funding,"By sector (energy, green, digital)",Energy and digital,Later stage,2021,0,Percentage,1
AFG,AFGHANISTAN,Probability to receive funding,"By sector (energy, green, digital)",Energy and non-digital,Later stage,2021,0,Percentage,1
AFG,AFGHANISTAN,Probability to receive funding,"By sector (energy, green, digital)",Non-energy,Later stage,2021,1.886792421,Percentage,53
AFG,AFGHANISTAN,Fundings of start-ups,"By sector (energy, green, digital)",Non-energy,Later stage,2022,11.50410938,Years,53
AFG,AFGHANISTAN,Probability to receive funding,By technology,Fossil fuels,Early stage,2015,0,Percentage,2
AFG,AFGHANISTAN,Probability to receive funding,By technology,Fossil fuels,Early stage,2016,0,Percentage,2
AFG,AFGHANISTAN,Probability to receive funding,By technology,Fossil fuels,Early stage,2017,0,Percentage,2
AFG,AFGHANISTAN,Probability to receive funding,By technology,Fossil fuels,Early stage,2018,0,Percentage,2
AFG,AFGHANISTAN,Probability to receive funding,By technology,Fossil fuels,Early stage,2019,0,Percentage,2
AFG,AFGHANISTAN,Probability to receive funding,By technology,Fossil fuels,Early stage,2020,0,Percentage,2
AFG,AFGHANISTAN,Probability to receive funding,By technology,Fossil fuels,Early stage,2021,0,Percentage,2
AFG,AFGHANISTAN,Probability to receive funding,By technology,Non-clean energy,Early stage,2021,0,Percentage,2
AFG,AFGHANISTAN,Probability to receive funding,By technology,Fossil fuels,Later stage,2015,0,Percentage,2
AFG,AFGHANISTAN,Probability to receive funding,By technology,Fossil fuels,Later stage,2016,0,Percentage,2
AFG,AFGHANISTAN,Probability to receive funding,By technology,Fossil fuels,Later stage,2017,0,Percentage,2
AFG,AFGHANISTAN,Probability to receive funding,By technology,Fossil fuels,Later stage,2018,0,Percentage,2
AFG,AFGHANISTAN,Probability to receive funding,By technology,Fossil fuels,Later stage,2019,0,Percentage,2
AFG,AFGHANISTAN,Probability to receive funding,By technology,Fossil fuels,Later stage,2020,0,Percentage,2
AFG,AFGHANISTAN,Probability to receive funding,By technology,Fossil fuels,Later stage,2021,0,Percentage,2
AFG,AFGHANISTAN,Probability to receive funding,By technology,Non-clean energy,Later stage,2021,0,Percentage,2
ALB,ALBANIA,Fundings of start-ups,"By sector (energy, green, digital)",Energy,Early stage,2015,2353591.25,USD,1
ALB,ALBANIA,Probability to receive funding,"By sector (energy, green, digital)",Energy,Early stage,2021,0,Percentage,2
ALB,ALBANIA,Probability to receive funding,"By sector (energy, green, digital)",Energy and digital,Early stage,2021,0,Percentage,1
ALB,ALBANIA,Fundings of start-ups,"By sector (energy, green, digital)",Energy and non-digital,Early stage,2015,2353591.25,USD,1
ALB,ALBANIA,Probability to receive funding,"By sector (energy, green, digital)",Energy and non-digital,Early stage,2021,0,Percentage,1
ALB,ALBANIA,Fundings of start-ups,"By sector (energy, green, digital)",Non-energy,Early stage,2015,329349.7813,USD,2
ALB,ALBANIA,Fundings of start-ups,"By sector (energy, green, digital)",Non-energy,Early stage,2016,2640260,USD,2
ALB,ALBANIA,Fundings of start-ups,"By sector (energy, green, digital)",Non-energy,Early stage,2019,7281122.5,USD,1
ALB,ALBANIA,Fundings of start-ups,"By sector (energy, green, digital)",Non-energy,Early stage,2020,21515.15234,USD,1
ALB,ALBANIA,Fundings of start-ups,"By sector (energy, green, digital)",Non-energy,Early stage,2021,493356.375,USD,2
ALB,ALBANIA,Probability to receive funding,"By sector (energy, green, digital)",Non-energy,Early stage,2021,4.504504681,Percentage,111
ALB,ALBANIA,Fundings of start-ups,"By sector (energy, green, digital)",Non-energy,Early stage,2022,0.776986301,Years,112
ALB,ALBANIA,Probability to receive funding,"By sector (energy, green, digital)",Energy,Later stage,2021,0,Percentage,2
ALB,ALBANIA,Probability to receive funding,"By sector (energy, green, digital)",Energy and digital,Later stage,2021,0,Percentage,1
ALB,ALBANIA,Probability to receive funding,"By sector (energy, green, digital)",Energy and non-digital,Later stage,2021,0,Percentage,1
ALB,ALBANIA,Probability to receive funding,"By sector (energy, green, digital)",Non-energy,Later stage,2021,0,Percentage,111
ALB,ALBANIA,Fundings of start-ups,By technology,Energy efficiency,all,2015,2353591.25,USD,1
ALB,ALBANIA,Fundings of start-ups,By technology,Clean energy,Early stage,2015,2353591.25,USD,1
ALB,ALBANIA,Probability to receive funding,By technology,Clean energy,Early stage,2021,0,Percentage,1
ALB,ALBANIA,Probability to receive funding,By technology,Energy efficiency,Early stage,2016,0,Percentage,1
ALB,ALBANIA,Probability to receive funding,By technology,Energy efficiency,Early stage,2017,0,Percentage,1
ALB,ALBANIA,Probability to receive funding,By technology,Energy efficiency,Early stage,2018,0,Percentage,1
ALB,ALBANIA,Probability to receive funding,By technology,Energy efficiency,Early stage,2019,0,Percentage,1
ALB,ALBANIA,Probability to receive funding,By technology,Energy efficiency,Early stage,2020,0,Percentage,1
ALB,ALBANIA,Probability to receive funding,By technology,Energy efficiency,Early stage,2021,0,Percentage,1
ALB,ALBANIA,Probability to receive funding,By technology,Grid,Early stage,2015,0,Percentage,1
ALB,ALBANIA,Probability to receive funding,By technology,Grid,Early stage,2016,0,Percentage,1
ALB,ALBANIA,Probability to receive funding,By technology,Grid,Early stage,2017,0,Percentage,1
ALB,ALBANIA,Probability to receive funding,By technology,Grid,Early stage,2018,0,Percentage,1
ALB,ALBANIA,Probability to receive funding,By technology,Grid,Early stage,2019,0,Percentage,1
ALB,ALBANIA,Probability to receive funding,By technology,Grid,Early stage,2020,0,Percentage,1
ALB,ALBANIA,Probability to receive funding,By technology,Grid,Early stage,2021,0,Percentage,1
ALB,ALBANIA,Probability to receive funding,By technology,Non-clean energy,Early stage,2021,0,Percentage,1
ALB,ALBANIA,Probability to receive funding,By technology,Clean energy,Later stage,2021,0,Percentage,1
ALB,ALBANIA,Probability to receive funding,By technology,Energy efficiency,Later stage,2016,0,Percentage,1
ALB,ALBANIA,Probability to receive funding,By technology,Energy efficiency,Later stage,2017,0,Percentage,1
ALB,ALBANIA,Probability to receive funding,By technology,Energy efficiency,Later stage,2018,0,Percentage,1
ALB,ALBANIA,Probability to receive funding,By technology,Energy efficiency,Later stage,2019,0,Percentage,1
ALB,ALBANIA,Probability to receive funding,By technology,Energy efficiency,Later stage,2020,0,Percentage,1
ALB,ALBANIA,Probability to receive funding,By technology,Energy efficiency,Later stage,2021,0,Percentage,1
ALB,ALBANIA,Probability to receive funding,By technology,Grid,Later stage,2015,0,Percentage,1
ALB,ALBANIA,Probability to receive funding,By technology,Grid,Later stage,2016,0,Percentage,1
ALB,ALBANIA,Probability to receive funding,By technology,Grid,Later stage,2017,0,Percentage,1
ALB,ALBANIA,Probability to receive funding,By technology,Grid,Later stage,2018,0,Percentage,1
ALB,ALBANIA,Probability to receive funding,By technology,Grid,Later stage,2019,0,Percentage,1
ALB,ALBANIA,Probability to receive funding,By technology,Grid,Later stage,2020,0,Percentage,1
ALB,ALBANIA,Probability to receive funding,By technology,Grid,Later stage,2021,0,Percentage,1
ALB,ALBANIA,Probability to receive funding,By technology,Non-clean energy,Later stage,2021,0,Percentage,1
DZA,ALGERIA,Probability to receive funding,"By sector (energy, green, digital)",Energy,Early stage,2021,0,Percentage,1
DZA,ALGERIA,Probability to receive funding,"By sector (energy, green, digital)",Energy and non-digital,Early stage,2021,0,Percentage,1
DZA,ALGERIA,Fundings of start-ups,"By sector (energy, green, digital)",Non-energy,Early stage,2014,11767.95605,USD,1
DZA,ALGERIA,Fundings of start-ups,"By sector (energy, green, digital)",Non-energy,Early stage,2018,1885937.5,USD,1
DZA,ALGERIA,Fundings of start-ups,"By sector (energy, green, digital)",Non-energy,Early stage,2019,4346939,USD,1
DZA,ALGERIA,Fundings of start-ups,"By sector (energy, green, digital)",Non-energy,Early stage,2020,4184.696777,USD,1
DZA,ALGERIA,Fundings of start-ups,"By sector (energy, green, digital)",Non-energy,Early stage,2021,69339720,USD,3
DZA,ALGERIA,Probability to receive funding,"By sector (energy, green, digital)",Non-energy,Early stage,2021,8.080807686,Percentage,99
DZA,ALGERIA,Fundings of start-ups,"By sector (energy, green, digital)",Non-energy,Early stage,2022,1.018150687,Years,99
DZA,ALGERIA,Probability to receive funding,"By sector (energy, green, digital)",Energy,Later stage,2021,0,Percentage,1
DZA,ALGERIA,Probability to receive funding,"By sector (energy, green, digital)",Energy and non-digital,Later stage,2021,0,Percentage,1
DZA,ALGERIA,Fundings of start-ups,"By sector (energy, green, digital)",Non-energy,Later stage,2020,311954.625,USD,2
DZA,ALGERIA,Probability to receive funding,"By sector (energy, green, digital)",Non-energy,Later stage,2021,2.020201921,Percentage,99
DZA,ALGERIA,Fundings of start-ups,"By sector (energy, green, digital)",Non-energy,Later stage,2022,7.213698864,Years,99
DZA,ALGERIA,Probability to receive funding,By technology,Non-clean energy,Early stage,2021,0,Percentage,1
DZA,ALGERIA,Probability to receive funding,By technology,Non-clean energy,Later stage,2021,0,Percentage,1
ASM,AMERICAN SAMOA,Fundings of start-ups,"By sector (energy, green, digital)",Non-energy,Early stage,2018,665625,USD,1
ASM,AMERICAN SAMOA,Fundings of start-ups,"By sector (energy, green, digital)",Non-energy,Early stage,2019,326020.4063,USD,1
ASM,AMERICAN SAMOA,Probability to receive funding,"By sector (energy, green, digital)",Non-energy,Early stage,2021,50,Percentage,2
ASM,AMERICAN SAMOA,Fundings of start-ups,"By sector (energy, green, digital)",Non-energy,Early stage,2022,0.12328767,Years,2
ASM,AMERICAN SAMOA,Probability to receive funding,"By sector (energy, green, digital)",Non-energy,Later stage,2021,0,Percentage,2
AND,ANDORRA,Fundings of start-ups,"By sector (energy, green, digital)",Non-energy,Early stage,2021,7004317.5,USD,1
AND,ANDORRA,Probability to receive funding,"By sector (energy, green, digital)",Non-energy,Early stage,2021,4.166666508,Percentage,24
AND,ANDORRA,Fundings of start-ups,"By sector (energy, green, digital)",Non-energy,Early stage,2022,0,Years,24
AND,ANDORRA,Fundings of start-ups,"By sector (energy, green, digital)",Non-energy,Early stage,2022,526225,USD,1
AND,ANDORRA,Probability to receive funding,"By sector (energy, green, digital)",Non-energy,Later stage,2021,0,Percentage,24
AGO,ANGOLA,Fundings of start-ups,"By sector (energy, green, digital)",Non-energy,Early stage,2013,246640.8438,USD,1
AGO,ANGOLA,Fundings of start-ups,"By sector (energy, green, digital)",Non-energy,Early stage,2017,203936.1719,USD,1
AGO,ANGOLA,Fundings of start-ups,"By sector (energy, green, digital)",Non-energy,Early stage,2018,377187.5,USD,1
AGO,ANGOLA,Probability to receive funding,"By sector (energy, green, digital)",Non-energy,Early stage,2021,4.615384579,Percentage,65
AGO,ANGOLA,Fundings of start-ups,"By sector (energy, green, digital)",Non-energy,Early stage,2022,2.147945166,Years,65
AGO,ANGOLA,Probability to receive funding,"By sector (energy, green, digital)",Non-energy,Later stage,2021,0,Percentage,65
AIA,ANGUILLA,Probability to receive funding,"By sector (energy, green, digital)",Energy,Early stage,2021,0,Percentage,1
AIA,ANGUILLA,Probability to receive funding,"By sector (energy, green, digital)",Energy and digital,Early stage,2021,0,Percentage,1
AIA,ANGUILLA,Probability to receive funding,"By sector (energy, green, digital)",Non-energy,Early stage,2021,0,Percentage,7
AIA,ANGUILLA,Probability to receive funding,"By sector (energy, green, digital)",Energy,Later stage,2021,0,Percentage,1
AIA,ANGUILLA,Probability to receive funding,"By sector (energy, green, digital)",Energy and digital,Later stage,2021,0,Percentage,1
AIA,ANGUILLA,Probability to receive funding,"By sector (energy, green, digital)",Non-energy,Later stage,2021,0,Percentage,7
AIA,ANGUILLA,Probability to receive funding,By technology,Clean energy,Early stage,2021,0,Percentage,1
AIA,ANGUILLA,Probability to receive funding,By technology,Clean energy,Later stage,2021,0,Percentage,1
ATG,ANTIGUA AND BARBUDA,Probability to receive funding,"By sector (energy, green, digital)",Non-energy,Early stage,2021,0,Percentage,8
ATG,ANTIGUA AND BARBUDA,Probability to receive funding,"By sector (energy, green, digital)",Non-energy,Later stage,2021,0,Percentage,8
ARG,ARGENTINA,Probability to receive funding,"By sector (energy, green, digital)",Energy,Early stage,2021,13.63636398,Percentage,22
ARG,ARGENTINA,Fundings of start-ups,"By sector (energy, green, digital)",Energy,Early stage,2022,1.11324203,Years,22
ARG,ARGENTINA,Probability to receive funding,"By sector (energy, green, digital)",Energy and digital,Early stage,2021,50,Percentage,6
ARG,ARGENTINA,Fundings of start-ups,"By sector (energy, green, digital)",Energy and digital,Early stage,2022,1.11324203,Years,6
ARG,ARGENTINA,Probability to receive funding,"By sector (energy, green, digital)",Energy and non-digital,Early stage,2021,0,Percentage,16
ARG,ARGENTINA,Fundings of start-ups,"By sector (energy, green, digital)",Non-energy,Early stage,2000,169431824,USD,5
ARG,ARGENTINA,Fundings of start-ups,"By sector (energy, green, digital)",Non-energy,Early stage,2001,39162244,USD,2
ARG,ARGENTINA,Fundings of start-ups,"By sector (energy, green, digital)",Non-energy,Early stage,2005,714765.125,USD,1
ARG,ARGENTINA,Fundings of start-ups,"By sector (energy, green, digital)",Non-energy,Early stage,2006,11037273,USD,3
ARG,ARGENTINA,Fundings of start-ups,"By sector (energy, green, digital)",Non-energy,Early stage,2007,1741509.375,USD,2
ARG,ARGENTINA,Fundings of start-ups,"By sector (energy, green, digital)",Non-energy,Early stage,2008,12715455,USD,4
ARG,ARGENTINA,Fundings of start-ups,"By sector (energy, green, digital)",Non-energy,Early stage,2009,5349784.5,USD,6
ARG,ARGENTINA,Fundings of start-ups,"By sector (energy, green, digital)",Non-energy,Early stage,2010,17996586,USD,7
ARG,ARGENTINA,Fundings of start-ups,"By sector (energy, green, digital)",Non-energy,Early stage,2011,9875361,USD,30
ARG,ARGENTINA,Fundings of start-ups,"By sector (energy, green, digital)",Non-energy,Early stage,2012,49750268,USD,50
ARG,ARGENTINA,Fundings of start-ups,"By sector (energy, green, digital)",Non-energy,Early stage,2013,33618824,USD,61
ARG,ARGENTINA,Fundings of start-ups,"By sector (energy, green, digital)",Non-energy,Early stage,2014,37390504,USD,41
ARG,ARGENTINA,Fundings of start-ups,"By sector (energy, green, digital)",Non-energy,Early stage,2015,18684572,USD,28
ARG,ARGENTINA,Fundings of start-ups,"By sector (energy, green, digital)",Non-energy,Early stage,2016,43560828,USD,36
ARG,ARGENTINA,Fundings of start-ups,"By sector (energy, green, digital)",Non-energy,Early stage,2017,55383148,USD,32
ARG,ARGENTINA,Fundings of start-ups,"By sector (energy, green, digital)",Non-energy,Early stage,2018,84749064,USD,40
ARG,ARGENTINA,Fundings of start-ups,"By sector (energy, green, digital)",Non-energy,Early stage,2019,57128312,USD,39
ARG,ARGENTINA,Fundings of start-ups,"By sector (energy, green, digital)",Non-energy,Early stage,2020,27184394,USD,28
ARG,ARGENTINA,Probability to receive funding,"By sector (energy, green, digital)",Non-energy,Early stage,2021,16.097332,Percentage,2137
ARG,ARGENTINA,Fundings of start-ups,"By sector (energy, green, digital)",Non-energy,Early stage,2021,167075472,USD,42
ARG,ARGENTINA,Fundings of start-ups,"By sector (energy, green, digital)",Non-energy,Early stage,2022,124534952,USD,20
ARG,ARGENTINA,Fundings of start-ups,"By sector (energy, green, digital)",Non-energy,Early stage,2022,1.243752837,Years,2140
ARG,ARGENTINA,Probability to receive funding,"By sector (energy, green, digital)",Energy,Later stage,2021,4.545454502,Percentage,22
ARG,ARGENTINA,Fundings of start-ups,"By sector (energy, green, digital)",Energy,Later stage,2022,0.947945178,Years,22
ARG,ARGENTINA,Probability to receive funding,"By sector (energy, green, digital)",Energy and digital,Later stage,2021,16.66666603,Percentage,6
ARG,ARGENTINA,Fundings of start-ups,"By sector (energy, green, digital)",Energy and digital,Later stage,2022,0.947945178,Years,6
ARG,ARGENTINA,Probability to receive funding,"By sector (energy, green, digital)",Energy and non-digital,Later stage,2021,0,Percentage,16
ARG,ARGENTINA,Fundings of start-ups,"By sector (energy, green, digital)",Non-energy,Later stage,2007,36839624,USD,1
ARG,ARGENTINA,Fundings of start-ups,"By sector (energy, green, digital)",Non-energy,Later stage,2009,2207926.75,USD,1
ARG,ARGENTINA,Fundings of start-ups,"By sector (energy, green, digital)",Non-energy,Later stage,2010,38263472,USD,1
ARG,ARGENTINA,Fundings of start-ups,"By sector (energy, green, digital)",Non-energy,Later stage,2012,27835228,USD,2
ARG,ARGENTINA,Fundings of start-ups,"By sector (energy, green, digital)",Non-energy,Later stage,2013,2153728,USD,4
ARG,ARGENTINA,Fundings of start-ups,"By sector (energy, green, digital)",Non-energy,Later stage,2014,25337094,USD,4
ARG,ARGENTINA,Fundings of start-ups,"By sector (energy, green, digital)",Non-energy,Later stage,2015,46483428,USD,3
ARG,ARGENTINA,Fundings of start-ups,"By sector (energy, green, digital)",Non-energy,Later stage,2016,2315217.5,USD,1
ARG,ARGENTINA,Fundings of start-ups,"By sector (energy, green, digital)",Non-energy,Later stage,2017,14728726,USD,3
ARG,ARGENTINA,Fundings of start-ups,"By sector (energy, green, digital)",Non-energy,Later stage,2018,17195312,USD,4
ARG,ARGENTINA,Fundings of start-ups,"By sector (energy, green, digital)",Non-energy,Later stage,2019,166813776,USD,2
ARG,ARGENTINA,Fundings of start-ups,"By sector (energy, green, digital)",Non-energy,Later stage,2020,2288114.75,USD,1
ARG,ARGENTINA,Fundings of start-ups,"By sector (energy, green, digital)",Non-energy,Later stage,2021,447630592,USD,5
ARG,ARGENTINA,Probability to receive funding,"By sector (energy, green, digital)",Non-energy,Later stage,2021,1.544220924,Percentage,2137
ARG,ARGENTINA,Fundings of start-ups,"By sector (energy, green, digital)",Non-energy,Later stage,2022,4.414694786,Years,2140
ARG,ARGENTINA,Fundings of start-ups,"By sector (energy, green, digital)",Non-energy,Later stage,2022,2000000,USD,1
ARG,ARGENTINA,Probability to receive funding,By technology,Clean energy,Early stage,2021,28.5714283,Percentage,7
ARG,ARGENTINA,Fundings of start-ups,By technology,Clean energy,Early stage,2022,1.060274005,Years,7
ARG,ARGENTINA,Probability to receive funding,By technology,Energy efficiency,Early stage,2015,0,Percentage,3.5
ARG,ARGENTINA,Probability to receive funding,By technology,Energy efficiency,Early stage,2016,0,Percentage,3.5
ARG,ARGENTINA,Probability to receive funding,By technology,Energy efficiency,Early stage,2017,22.22222137,Percentage,4.5
ARG,ARGENTINA,Probability to receive funding,By technology,Energy efficiency,Early stage,2018,22.22222137,Percentage,4.5
ARG,ARGENTINA,Probability to receive funding,By technology,Energy efficiency,Early stage,2019,22.22222137,Percentage,4.5
ARG,ARGENTINA,Probability to receive funding,By technology,Energy efficiency,Early stage,2020,22.22222137,Percentage,4.5
ARG,ARGENTINA,Probability to receive funding,By technology,Energy efficiency,Early stage,2021,22.22222137,Percentage,4.5
ARG,ARGENTINA,Probability to receive funding,By technology,Fossil fuels,Early stage,2015,0,Percentage,3.833333254
ARG,ARGENTINA,Probability to receive funding,By technology,Fossil fuels,Early stage,2016,0,Percentage,3.833333254
ARG,ARGENTINA,Probability to receive funding,By technology,Fossil fuels,Early stage,2017,0,Percentage,4.333333492
ARG,ARGENTINA,Probability to receive funding,By technology,Fossil fuels,Early stage,2018,0,Percentage,4.333333492
ARG,ARGENTINA,Probability to receive funding,By technology,Fossil fuels,Early stage,2019,0,Percentage,5.333333492
ARG,ARGENTINA,Probability to receive funding,By technology,Fossil fuels,Early stage,2020,0,Percentage,5.333333492
ARG,ARGENTINA,Probability to receive funding,By technology,Fossil fuels,Early stage,2021,0,Percentage,5.333333492
ARG,ARGENTINA,Probability to receive funding,By technology,Grid,Early stage,2015,0,Percentage,1.666666627
ARG,ARGENTINA,Probability to receive funding,By technology,Grid,Early stage,2016,0,Percentage,1.666666627
ARG,ARGENTINA,Probability to receive funding,By technology,Grid,Early stage,2017,0,Percentage,1.666666627
ARG,ARGENTINA,Probability to receive funding,By technology,Grid,Early stage,2018,0,Percentage,1.666666627
ARG,ARGENTINA,Probability to receive funding,By technology,Grid,Early stage,2019,0,Percentage,1.666666627
ARG,ARGENTINA,Probability to receive funding,By technology,Grid,Early stage,2020,0,Percentage,1.666666627
ARG,ARGENTINA,Probability to receive funding,By technology,Grid,Early stage,2021,0,Percentage,1.666666627
ARG,ARGENTINA,Probability to receive funding,By technology,Non-clean energy,Early stage,2021,6.666666508,Percentage,15
ARG,ARGENTINA,Fundings of start-ups,By technology,Non-clean energy,Early stage,2022,1.219178081,Years,15
ARG,ARGENTINA,Probability to receive funding,By technology,Other energy,Early stage,2015,0,Percentage,3
ARG,ARGENTINA,Probability to receive funding,By technology,Other energy,Early stage,2016,0,Percentage,3
ARG,ARGENTINA,Probability to receive funding,By technology,Other energy,Early stage,2017,0,Percentage,3.5
ARG,ARGENTINA,Probability to receive funding,By technology,Other energy,Early stage,2018,0,Percentage,3.5
ARG,ARGENTINA,Probability to receive funding,By technology,Other energy,Early stage,2019,0,Percentage,3.5
ARG,ARGENTINA,Probability to receive funding,By technology,Other energy,Early stage,2020,0,Percentage,3.5
ARG,ARGENTINA,Probability to receive funding,By technology,Other energy,Early stage,2021,0,Percentage,3.5
ARG,ARGENTINA,Probability to receive funding,By technology,Other renewables,Early stage,2015,0,Percentage,2.666666746
ARG,ARGENTINA,Probability to receive funding,By technology,Other renewables,Early stage,2016,0,Percentage,2.666666746
ARG,ARGENTINA,Probability to receive funding,By technology,Other renewables,Early stage,2017,11.11111069,Percentage,3
ARG,ARGENTINA,Probability to receive funding,By technology,Other renewables,Early stage,2018,11.11111069,Percentage,3
ARG,ARGENTINA,Probability to receive funding,By technology,Other renewables,Early stage,2019,11.11111069,Percentage,3
ARG,ARGENTINA,Probability to receive funding,By technology,Other renewables,Early stage,2020,33.33333206,Percentage,4
ARG,ARGENTINA,Probability to receive funding,By technology,Other renewables,Early stage,2021,33.33333206,Percentage,4
ARG,ARGENTINA,Probability to receive funding,By technology,Solar,Early stage,2015,0,Percentage,0.333333343
ARG,ARGENTINA,Probability to receive funding,By technology,Solar,Early stage,2016,0,Percentage,0.333333343
ARG,ARGENTINA,Probability to receive funding,By technology,Solar,Early stage,2017,50,Percentage,0.666666687
ARG,ARGENTINA,Probability to receive funding,By technology,Solar,Early stage,2018,50,Percentage,0.666666687
ARG,ARGENTINA,Probability to receive funding,By technology,Solar,Early stage,2019,50,Percentage,0.666666687
ARG,ARGENTINA,Probability to receive funding,By technology,Solar,Early stage,2020,50,Percentage,0.666666687
ARG,ARGENTINA,Probability to receive funding,By technology,Solar,Early stage,2021,50,Percentage,0.666666687
ARG,ARGENTINA,Probability to receive funding,By technology,Wind,Early stage,2017,100,Percentage,0.333333343
ARG,ARGENTINA,Probability to receive funding,By technology,Wind,Early stage,2018,100,Percentage,0.333333343
ARG,ARGENTINA,Probability to receive funding,By technology,Wind,Early stage,2019,100,Percentage,0.333333343
ARG,ARGENTINA,Probability to receive funding,By technology,Wind,Early stage,2020,100,Percentage,0.333333343
ARG,ARGENTINA,Probability to receive funding,By technology,Wind,Early stage,2021,100,Percentage,0.333333343
ARG,ARGENTINA,Probability to receive funding,By technology,Clean energy,Later stage,2021,14.28571415,Percentage,7
ARG,ARGENTINA,Fundings of start-ups,By technology,Clean energy,Later stage,2022,0.947945178,Years,7
ARG,ARGENTINA,Probability to receive funding,By technology,Energy efficiency,Later stage,2015,0,Percentage,3.5
ARG,ARGENTINA,Probability to receive funding,By technology,Energy efficiency,Later stage,2016,0,Percentage,3.5
ARG,ARGENTINA,Probability to receive funding,By technology,Energy efficiency,Later stage,2017,0,Percentage,4.5
ARG,ARGENTINA,Probability to receive funding,By technology,Energy efficiency,Later stage,2018,0,Percentage,4.5
ARG,ARGENTINA,Probability to receive funding,By technology,Energy efficiency,Later stage,2019,0,Percentage,4.5
ARG,ARGENTINA,Probability to receive funding,By technology,Energy efficiency,Later stage,2020,0,Percentage,4.5
ARG,ARGENTINA,Probability to receive funding,By technology,Energy efficiency,Later stage,2021,0,Percentage,4.5
ARG,ARGENTINA,Probability to receive funding,By technology,Fossil fuels,Later stage,2015,0,Percentage,3.833333254
ARG,ARGENTINA,Probability to receive funding,By technology,Fossil fuels,Later stage,2016,0,Percentage,3.833333254
ARG,ARGENTINA,Probability to receive funding,By technology,Fossil fuels,Later stage,2017,0,Percentage,4.333333492
ARG,ARGENTINA,Probability to receive funding,By technology,Fossil fuels,Later stage,2018,0,Percentage,4.333333492
ARG,ARGENTINA,Probability to receive funding,By technology,Fossil fuels,Later stage,2019,0,Percentage,5.333333492
ARG,ARGENTINA,Probability to receive funding,By technology,Fossil fuels,Later stage,2020,0,Percentage,5.333333492
ARG,ARGENTINA,Probability to receive funding,By technology,Fossil fuels,Later stage,2021,0,Percentage,5.333333492
ARG,ARGENTINA,Probability to receive funding,By technology,Grid,Later stage,2015,0,Percentage,1.666666627
ARG,ARGENTINA,Probability to receive funding,By technology,Grid,Later stage,2016,0,Percentage,1.666666627
ARG,ARGENTINA,Probability to receive funding,By technology,Grid,Later stage,2017,0,Percentage,1.666666627
ARG,ARGENTINA,Probability to receive funding,By technology,Grid,Later stage,2018,0,Percentage,1.666666627
ARG,ARGENTINA,Probability to receive funding,By technology,Grid,Later stage,2019,0,Percentage,1.666666627
ARG,ARGENTINA,Probability to receive funding,By technology,Grid,Later stage,2020,0,Percentage,1.666666627
ARG,ARGENTINA,Probability to receive funding,By technology,Grid,Later stage,2021,0,Percentage,1.666666627
ARG,ARGENTINA,Probability to receive funding,By technology,Non-clean energy,Later stage,2021,0,Percentage,15
ARG,ARGENTINA,Probability to receive funding,By technology,Other energy,Later stage,2015,0,Percentage,3
ARG,ARGENTINA,Probability to receive funding,By technology,Other energy,Later stage,2016,0,Percentage,3
ARG,ARGENTINA,Probability to receive funding,By technology,Other energy,Later stage,2017,0,Percentage,3.5
ARG,ARGENTINA,Probability to receive funding,By technology,Other energy,Later stage,2018,0,Percentage,3.5
ARG,ARGENTINA,Probability to receive funding,By technology,Other energy,Later stage,2019,0,Percentage,3.5
ARG,ARGENTINA,Probability to receive funding,By technology,Other energy,Later stage,2020,0,Percentage,3.5
ARG,ARGENTINA,Probability to receive funding,By technology,Other energy,Later stage,2021,0,Percentage,3.5
ARG,ARGENTINA,Probability to receive funding,By technology,Other renewables,Later stage,2015,0,Percentage,2.666666746
ARG,ARGENTINA,Probability to receive funding,By technology,Other renewables,Later stage,2016,0,Percentage,2.666666746
ARG,ARGENTINA,Probability to receive funding,By technology,Other renewables,Later stage,2017,11.11111069,Percentage,3
ARG,ARGENTINA,Probability to receive funding,By technology,Other renewables,Later stage,2018,11.11111069,Percentage,3
ARG,ARGENTINA,Probability to receive funding,By technology,Other renewables,Later stage,2019,11.11111069,Percentage,3
ARG,ARGENTINA,Probability to receive funding,By technology,Other renewables,Later stage,2020,8.333333015,Percentage,4
ARG,ARGENTINA,Probability to receive funding,By technology,Other renewables,Later stage,2021,8.333333015,Percentage,4
ARG,ARGENTINA,Probability to receive funding,By technology,Solar,Later stage,2015,0,Percentage,0.333333343
ARG,ARGENTINA,Probability to receive funding,By technology,Solar,Later stage,2016,0,Percentage,0.333333343
ARG,ARGENTINA,Probability to receive funding,By technology,Solar,Later stage,2017,50,Percentage,0.666666687
ARG,ARGENTINA,Probability to receive funding,By technology,Solar,Later stage,2018,50,Percentage,0.666666687
ARG,ARGENTINA,Probability to receive funding,By technology,Solar,Later stage,2019,50,Percentage,0.666666687
ARG,ARGENTINA,Probability to receive funding,By technology,Solar,Later stage,2020,50,Percentage,0.666666687
ARG,ARGENTINA,Probability to receive funding,By technology,Solar,Later stage,2021,50,Percentage,0.666666687
ARG,ARGENTINA,Probability to receive funding,By technology,Wind,Later stage,2017,100,Percentage,0.333333343
ARG,ARGENTINA,Probability to receive funding,By technology,Wind,Later stage,2018,100,Percentage,0.333333343
ARG,ARGENTINA,Probability to receive funding,By technology,Wind,Later stage,2019,100,Percentage,0.333333343
ARG,ARGENTINA,Probability to receive funding,By technology,Wind,Later stage,2020,100,Percentage,0.333333343
ARG,ARGENTINA,Probability to receive funding,By technology,Wind,Later stage,2021,100,Percentage,0.333333343
ARM,ARMENIA,Probability to receive funding,"By sector (energy, green, digital)",Energy,Early stage,2021,0,Percentage,2
ARM,ARMENIA,Probability to receive funding,"By sector (energy, green, digital)",Energy and digital,Early stage,2021,0,Percentage,1
ARM,ARMENIA,Probability to receive funding,"By sector (energy, green, digital)",Energy and non-digital,Early stage,2021,0,Percentage,1
ARM,ARMENIA,Fundings of start-ups,"By sector (energy, green, digital)",Non-energy,Early stage,2000,1613636.375,USD,1
ARM,ARMENIA,Fundings of start-ups,"By sector (energy, green, digital)",Non-energy,Early stage,2015,353038.6875,USD,2
ARM,ARMENIA,Fundings of start-ups,"By sector (energy, green, digital)",Non-energy,Early stage,2016,138913.0469,USD,1
ARM,ARMENIA,Fundings of start-ups,"By sector (energy, green, digital)",Non-energy,Early stage,2017,608610.125,USD,4
ARM,ARMENIA,Fundings of start-ups,"By sector (energy, green, digital)",Non-energy,Early stage,2019,216719.8906,USD,1
ARM,ARMENIA,Fundings of start-ups,"By sector (energy, green, digital)",Non-energy,Early stage,2020,2011666.625,USD,2
ARM,ARMENIA,Probability to receive funding,"By sector (energy, green, digital)",Non-energy,Early stage,2021,7.425742626,Percentage,202
ARM,ARMENIA,Fundings of start-ups,"By sector (energy, green, digital)",Non-energy,Early stage,2021,7202898.5,USD,1
ARM,ARMENIA,Fundings of start-ups,"By sector (energy, green, digital)",Non-energy,Early stage,2022,0.936399221,Years,202
ARM,ARMENIA,Fundings of start-ups,"By sector (energy, green, digital)",Non-energy,Early stage,2022,2000000,USD,1
ARM,ARMENIA,Probability to receive funding,"By sector (energy, green, digital)",Energy,Later stage,2021,0,Percentage,2
ARM,ARMENIA,Probability to receive funding,"By sector (energy, green, digital)",Energy and digital,Later stage,2021,0,Percentage,1
ARM,ARMENIA,Probability to receive funding,"By sector (energy, green, digital)",Energy and non-digital,Later stage,2021,0,Percentage,1
ARM,ARMENIA,Probability to receive funding,"By sector (energy, green, digital)",Non-energy,Later stage,2021,1.485148549,Percentage,202
ARM,ARMENIA,Fundings of start-ups,"By sector (energy, green, digital)",Non-energy,Later stage,2022,2.711415529,Years,202
ARM,ARMENIA,Probability to receive funding,By technology,Energy efficiency,Early stage,2016,0,Percentage,1
ARM,ARMENIA,Probability to receive funding,By technology,Energy efficiency,Early stage,2017,0,Percentage,1
ARM,ARMENIA,Probability to receive funding,By technology,Energy efficiency,Early stage,2018,0,Percentage,1
ARM,ARMENIA,Probability to receive funding,By technology,Energy efficiency,Early stage,2019,0,Percentage,1
ARM,ARMENIA,Probability to receive funding,By technology,Energy efficiency,Early stage,2020,0,Percentage,1
ARM,ARMENIA,Probability to receive funding,By technology,Energy efficiency,Early stage,2021,0,Percentage,1
ARM,ARMENIA,Probability to receive funding,By technology,Grid,Early stage,2015,0,Percentage,1
ARM,ARMENIA,Probability to receive funding,By technology,Grid,Early stage,2016,0,Percentage,1
ARM,ARMENIA,Probability to receive funding,By technology,Grid,Early stage,2017,0,Percentage,1
ARM,ARMENIA,Probability to receive funding,By technology,Grid,Early stage,2018,0,Percentage,1
ARM,ARMENIA,Probability to receive funding,By technology,Grid,Early stage,2019,0,Percentage,1
ARM,ARMENIA,Probability to receive funding,By technology,Grid,Early stage,2020,0,Percentage,1
ARM,ARMENIA,Probability to receive funding,By technology,Grid,Early stage,2021,0,Percentage,1
ARM,ARMENIA,Probability to receive funding,By technology,Non-clean energy,Early stage,2021,0,Percentage,2
ARM,ARMENIA,Probability to receive funding,By technology,Energy efficiency,Later stage,2016,0,Percentage,1
ARM,ARMENIA,Probability to receive funding,By technology,Energy efficiency,Later stage,2017,0,Percentage,1
ARM,ARMENIA,Probability to receive funding,By technology,Energy efficiency,Later stage,2018,0,Percentage,1
ARM,ARMENIA,Probability to receive funding,By technology,Energy efficiency,Later stage,2019,0,Percentage,1
ARM,ARMENIA,Probability to receive funding,By technology,Energy efficiency,Later stage,2020,0,Percentage,1
ARM,ARMENIA,Probability to receive funding,By technology,Energy efficiency,Later stage,2021,0,Percentage,1
ARM,ARMENIA,Probability to receive funding,By technology,Grid,Later stage,2015,0,Percentage,1
ARM,ARMENIA,Probability to receive funding,By technology,Grid,Later stage,2016,0,Percentage,1
ARM,ARMENIA,Probability to receive funding,By technology,Grid,Later stage,2017,0,Percentage,1
ARM,ARMENIA,Probability to receive funding,By technology,Grid,Later stage,2018,0,Percentage,1
ARM,ARMENIA,Probability to receive funding,By technology,Grid,Later stage,2019,0,Percentage,1
ARM,ARMENIA,Probability to receive funding,By technology,Grid,Later stage,2020,0,Percentage,1
ARM,ARMENIA,Probability to receive funding,By technology,Grid,Later stage,2021,0,Percentage,1
ARM,ARMENIA,Probability to receive funding,By technology,Non-clean energy,Later stage,2021,0,Percentage,2
ABW,ARUBA,Probability to receive funding,"By sector (energy, green, digital)",Non-energy,Early stage,2021,0,Percentage,6
ABW,ARUBA,Probability to receive funding,"By sector (energy, green, digital)",Non-energy,Later stage,2021,0,Percentage,6
AUS,AUSTRALIA,Fundings of start-ups,"By sector (energy, green, digital)",Energy,Early stage,2007,11274207,USD,2
AUS,AUSTRALIA,Fundings of start-ups,"By sector (energy, green, digital)",Energy,Early stage,2008,508944.7813,USD,1
AUS,AUSTRALIA,Fundings of start-ups,"By sector (energy, green, digital)",Energy,Early stage,2011,12652749,USD,2
AUS,AUSTRALIA,Fundings of start-ups,"By sector (energy, green, digital)",Energy,Early stage,2012,3243409,USD,3
AUS,AUSTRALIA,Fundings of start-ups,"By sector (energy, green, digital)",Energy,Early stage,2013,14278624,USD,4
AUS,AUSTRALIA,Fundings of start-ups,"By sector (energy, green, digital)",Energy,Early stage,2014,1624997,USD,2
AUS,AUSTRALIA,Fundings of start-ups,"By sector (energy, green, digital)",Energy,Early stage,2015,3583075.5,USD,6
AUS,AUSTRALIA,Fundings of start-ups,"By sector (energy, green, digital)",Energy,Early stage,2016,11683309,USD,6
AUS,AUSTRALIA,Fundings of start-ups,"By sector (energy, green, digital)",Energy,Early stage,2017,48962536,USD,14
AUS,AUSTRALIA,Fundings of start-ups,"By sector (energy, green, digital)",Energy,Early stage,2018,37118144,USD,14
AUS,AUSTRALIA,Fundings of start-ups,"By sector (energy, green, digital)",Energy,Early stage,2019,22203416,USD,12
AUS,AUSTRALIA,Fundings of start-ups,"By sector (energy, green, digital)",Energy,Early stage,2020,47211540,USD,15
AUS,AUSTRALIA,Fundings of start-ups,"By sector (energy, green, digital)",Energy,Early stage,2021,123665744,USD,18
AUS,AUSTRALIA,Probability to receive funding,"By sector (energy, green, digital)",Energy,Early stage,2021,8.446866035,Percentage,734
AUS,AUSTRALIA,Fundings of start-ups,"By sector (energy, green, digital)",Energy,Early stage,2022,126976904,USD,10
AUS,AUSTRALIA,Fundings of start-ups,"By sector (energy, green, digital)",Energy,Early stage,2022,3.004131317,Years,737
AUS,AUSTRALIA,Fundings of start-ups,"By sector (energy, green, digital)",Energy and digital,Early stage,2008,508944.7813,USD,1
AUS,AUSTRALIA,Fundings of start-ups,"By sector (energy, green, digital)",Energy and digital,Early stage,2011,1507399.75,USD,1
AUS,AUSTRALIA,Fundings of start-ups,"By sector (energy, green, digital)",Energy and digital,Early stage,2012,3243409,USD,3
AUS,AUSTRALIA,Fundings of start-ups,"By sector (energy, green, digital)",Energy and digital,Early stage,2013,2841994.5,USD,2
AUS,AUSTRALIA,Fundings of start-ups,"By sector (energy, green, digital)",Energy and digital,Early stage,2014,1568071.875,USD,1
AUS,AUSTRALIA,Fundings of start-ups,"By sector (energy, green, digital)",Energy and digital,Early stage,2015,2383011,USD,2
AUS,AUSTRALIA,Fundings of start-ups,"By sector (energy, green, digital)",Energy and digital,Early stage,2016,3053773,USD,2
AUS,AUSTRALIA,Fundings of start-ups,"By sector (energy, green, digital)",Energy and digital,Early stage,2017,21532364,USD,8
AUS,AUSTRALIA,Fundings of start-ups,"By sector (energy, green, digital)",Energy and digital,Early stage,2018,21338892,USD,8
AUS,AUSTRALIA,Fundings of start-ups,"By sector (energy, green, digital)",Energy and digital,Early stage,2019,14696324,USD,6
AUS,AUSTRALIA,Fundings of start-ups,"By sector (energy, green, digital)",Energy and digital,Early stage,2020,30676406,USD,7
AUS,AUSTRALIA,Probability to receive funding,"By sector (energy, green, digital)",Energy and digital,Early stage,2021,15.45893764,Percentage,207
AUS,AUSTRALIA,Fundings of start-ups,"By sector (energy, green, digital)",Energy and digital,Early stage,2021,74909856,USD,8
AUS,AUSTRALIA,Fundings of start-ups,"By sector (energy, green, digital)",Energy and digital,Early stage,2022,3.077054739,Years,208
AUS,AUSTRALIA,Fundings of start-ups,"By sector (energy, green, digital)",Energy and digital,Early stage,2022,93876472,USD,7
AUS,AUSTRALIA,Fundings of start-ups,"By sector (energy, green, digital)",Energy and non-digital,Early stage,2007,11274207,USD,2
AUS,AUSTRALIA,Fundings of start-ups,"By sector (energy, green, digital)",Energy and non-digital,Early stage,2011,11145349,USD,1
AUS,AUSTRALIA,Fundings of start-ups,"By sector (energy, green, digital)",Energy and non-digital,Early stage,2013,11436629,USD,2
AUS,AUSTRALIA,Fundings of start-ups,"By sector (energy, green, digital)",Energy and non-digital,Early stage,2014,56925.13281,USD,1
AUS,AUSTRALIA,Fundings of start-ups,"By sector (energy, green, digital)",Energy and non-digital,Early stage,2015,1200064.375,USD,4
AUS,AUSTRALIA,Fundings of start-ups,"By sector (energy, green, digital)",Energy and non-digital,Early stage,2016,8629536,USD,4
AUS,AUSTRALIA,Fundings of start-ups,"By sector (energy, green, digital)",Energy and non-digital,Early stage,2017,27430174,USD,6
AUS,AUSTRALIA,Fundings of start-ups,"By sector (energy, green, digital)",Energy and non-digital,Early stage,2018,15779251,USD,6
AUS,AUSTRALIA,Fundings of start-ups,"By sector (energy, green, digital)",Energy and non-digital,Early stage,2019,7507092.5,USD,6
AUS,AUSTRALIA,Fundings of start-ups,"By sector (energy, green, digital)",Energy and non-digital,Early stage,2020,16535133,USD,8
AUS,AUSTRALIA,Probability to receive funding,"By sector (energy, green, digital)",Energy and non-digital,Early stage,2021,5.692599773,Percentage,527
AUS,AUSTRALIA,Fundings of start-ups,"By sector (energy, green, digital)",Energy and non-digital,Early stage,2021,48755892,USD,10
AUS,AUSTRALIA,Fundings of start-ups,"By sector (energy, green, digital)",Energy and non-digital,Early stage,2022,33100432,USD,3
AUS,AUSTRALIA,Fundings of start-ups,"By sector (energy, green, digital)",Energy and non-digital,Early stage,2022,2.928855419,Years,529
AUS,AUSTRALIA,Fundings of start-ups,"By sector (energy, green, digital)",Non-energy,Early stage,2000,80601136,USD,5
AUS,AUSTRALIA,Fundings of start-ups,"By sector (energy, green, digital)",Non-energy,Early stage,2001,2372390.75,USD,2
AUS,AUSTRALIA,Fundings of start-ups,"By sector (energy, green, digital)",Non-energy,Early stage,2002,9955435,USD,3
AUS,AUSTRALIA,Fundings of start-ups,"By sector (energy, green, digital)",Non-energy,Early stage,2003,5347659.5,USD,5
AUS,AUSTRALIA,Fundings of start-ups,"By sector (energy, green, digital)",Non-energy,Early stage,2004,57363104,USD,6
AUS,AUSTRALIA,Fundings of start-ups,"By sector (energy, green, digital)",Non-energy,Early stage,2005,32046308,USD,8
AUS,AUSTRALIA,Fundings of start-ups,"By sector (energy, green, digital)",Non-energy,Early stage,2006,45172596,USD,7
AUS,AUSTRALIA,Fundings of start-ups,"By sector (energy, green, digital)",Non-energy,Early stage,2007,42344732,USD,14
AUS,AUSTRALIA,Fundings of start-ups,"By sector (energy, green, digital)",Non-energy,Early stage,2008,70888328,USD,18
AUS,AUSTRALIA,Fundings of start-ups,"By sector (energy, green, digital)",Non-energy,Early stage,2009,43641936,USD,15
AUS,AUSTRALIA,Fundings of start-ups,"By sector (energy, green, digital)",Non-energy,Early stage,2010,30211946,USD,14
AUS,AUSTRALIA,Fundings of start-ups,"By sector (energy, green, digital)",Non-energy,Early stage,2011,81396480,USD,57
AUS,AUSTRALIA,Fundings of start-ups,"By sector (energy, green, digital)",Non-energy,Early stage,2012,80890240,USD,72
AUS,AUSTRALIA,Fundings of start-ups,"By sector (energy, green, digital)",Non-energy,Early stage,2013,188659472,USD,115
AUS,AUSTRALIA,Fundings of start-ups,"By sector (energy, green, digital)",Non-energy,Early stage,2014,320214176,USD,137
AUS,AUSTRALIA,Fundings of start-ups,"By sector (energy, green, digital)",Non-energy,Early stage,2015,529377856,USD,224
AUS,AUSTRALIA,Fundings of start-ups,"By sector (energy, green, digital)",Non-energy,Early stage,2016,612427904,USD,229
AUS,AUSTRALIA,Fundings of start-ups,"By sector (energy, green, digital)",Non-energy,Early stage,2017,500759520,USD,226
AUS,AUSTRALIA,Fundings of start-ups,"By sector (energy, green, digital)",Non-energy,Early stage,2018,940226816,USD,205
AUS,AUSTRALIA,Fundings of start-ups,"By sector (energy, green, digital)",Non-energy,Early stage,2019,1102874624,USD,199
AUS,AUSTRALIA,Fundings of start-ups,"By sector (energy, green, digital)",Non-energy,Early stage,2020,789564480,USD,175
AUS,AUSTRALIA,Fundings of start-ups,"By sector (energy, green, digital)",Non-energy,Early stage,2021,1983980032,USD,238
AUS,AUSTRALIA,Probability to receive funding,"By sector (energy, green, digital)",Non-energy,Early stage,2021,6.95056963,Percentage,21768
AUS,AUSTRALIA,Fundings of start-ups,"By sector (energy, green, digital)",Non-energy,Early stage,2022,1616763264,USD,170
AUS,AUSTRALIA,Fundings of start-ups,"By sector (energy, green, digital)",Non-energy,Early stage,2022,2.078317881,Years,21829
AUS,AUSTRALIA,Fundings of start-ups,"By sector (energy, green, digital)",Energy,Later stage,2009,12987805,USD,1
AUS,AUSTRALIA,Fundings of start-ups,"By sector (energy, green, digital)",Energy,Later stage,2015,3333453.5,USD,1
AUS,AUSTRALIA,Fundings of start-ups,"By sector (energy, green, digital)",Energy,Later stage,2016,4283152,USD,1
AUS,AUSTRALIA,Fundings of start-ups,"By sector (energy, green, digital)",Energy,Later stage,2018,2218750,USD,1
AUS,AUSTRALIA,Fundings of start-ups,"By sector (energy, green, digital)",Energy,Later stage,2019,22184922,USD,2
AUS,AUSTRALIA,Fundings of start-ups,"By sector (energy, green, digital)",Energy,Later stage,2020,84065944,USD,2
AUS,AUSTRALIA,Probability to receive funding,"By sector (energy, green, digital)",Energy,Later stage,2021,2.588555813,Percentage,734
AUS,AUSTRALIA,Fundings of start-ups,"By sector (energy, green, digital)",Energy,Later stage,2022,21000000,USD,1
AUS,AUSTRALIA,Fundings of start-ups,"By sector (energy, green, digital)",Energy,Later stage,2022,5.864599705,Years,737
AUS,AUSTRALIA,Fundings of start-ups,"By sector (energy, green, digital)",Energy and digital,Later stage,2015,3333453.5,USD,1
AUS,AUSTRALIA,Fundings of start-ups,"By sector (energy, green, digital)",Energy and digital,Later stage,2016,4283152,USD,1
AUS,AUSTRALIA,Fundings of start-ups,"By sector (energy, green, digital)",Energy and digital,Later stage,2019,11317575,USD,1
AUS,AUSTRALIA,Fundings of start-ups,"By sector (energy, green, digital)",Energy and digital,Later stage,2020,84065944,USD,2
AUS,AUSTRALIA,Probability to receive funding,"By sector (energy, green, digital)",Energy and digital,Later stage,2021,4.347826004,Percentage,207
AUS,AUSTRALIA,Fundings of start-ups,"By sector (energy, green, digital)",Energy and digital,Later stage,2022,5.812176704,Years,208
AUS,AUSTRALIA,Fundings of start-ups,"By sector (energy, green, digital)",Energy and digital,Later stage,2022,21000000,USD,1
AUS,AUSTRALIA,Fundings of start-ups,"By sector (energy, green, digital)",Energy and non-digital,Later stage,2009,12987805,USD,1
AUS,AUSTRALIA,Fundings of start-ups,"By sector (energy, green, digital)",Energy and non-digital,Later stage,2018,2218750,USD,1
AUS,AUSTRALIA,Fundings of start-ups,"By sector (energy, green, digital)",Energy and non-digital,Later stage,2019,10867347,USD,1
AUS,AUSTRALIA,Probability to receive funding,"By sector (energy, green, digital)",Energy and non-digital,Later stage,2021,1.897533178,Percentage,527
AUS,AUSTRALIA,Fundings of start-ups,"By sector (energy, green, digital)",Energy and non-digital,Later stage,2022,5.911780834,Years,529
AUS,AUSTRALIA,Fundings of start-ups,"By sector (energy, green, digital)",Non-energy,Later stage,2000,125056816,USD,2
AUS,AUSTRALIA,Fundings of start-ups,"By sector (energy, green, digital)",Non-energy,Later stage,2005,2833081.5,USD,1
AUS,AUSTRALIA,Fundings of start-ups,"By sector (energy, green, digital)",Non-energy,Later stage,2010,30865868,USD,3
AUS,AUSTRALIA,Fundings of start-ups,"By sector (energy, green, digital)",Non-energy,Later stage,2011,16202654,USD,3
AUS,AUSTRALIA,Fundings of start-ups,"By sector (energy, green, digital)",Non-energy,Later stage,2012,3401687.5,USD,4
AUS,AUSTRALIA,Fundings of start-ups,"By sector (energy, green, digital)",Non-energy,Later stage,2013,16388310,USD,4
AUS,AUSTRALIA,Fundings of start-ups,"By sector (energy, green, digital)",Non-energy,Later stage,2014,35339248,USD,10
AUS,AUSTRALIA,Fundings of start-ups,"By sector (energy, green, digital)",Non-energy,Later stage,2015,300113440,USD,18
AUS,AUSTRALIA,Fundings of start-ups,"By sector (energy, green, digital)",Non-energy,Later stage,2016,74518808,USD,19
AUS,AUSTRALIA,Fundings of start-ups,"By sector (energy, green, digital)",Non-energy,Later stage,2017,210547344,USD,24
AUS,AUSTRALIA,Fundings of start-ups,"By sector (energy, green, digital)",Non-energy,Later stage,2018,237221040,USD,24
AUS,AUSTRALIA,Fundings of start-ups,"By sector (energy, green, digital)",Non-energy,Later stage,2019,699802688,USD,27
AUS,AUSTRALIA,Fundings of start-ups,"By sector (energy, green, digital)",Non-energy,Later stage,2020,1126423040,USD,25
AUS,AUSTRALIA,Fundings of start-ups,"By sector (energy, green, digital)",Non-energy,Later stage,2021,2424936448,USD,42
AUS,AUSTRALIA,Probability to receive funding,"By sector (energy, green, digital)",Non-energy,Later stage,2021,1.538956285,Percentage,21768
AUS,AUSTRALIA,Fundings of start-ups,"By sector (energy, green, digital)",Non-energy,Later stage,2022,942596544,USD,18
AUS,AUSTRALIA,Fundings of start-ups,"By sector (energy, green, digital)",Non-energy,Later stage,2022,5.087803841,Years,21829
AUS,AUSTRALIA,Fundings of start-ups,By technology,Electric mobility,all,2012,544602.25,USD,1
AUS,AUSTRALIA,Fundings of start-ups,By technology,Electric mobility,all,2013,448735.9688,USD,1
AUS,AUSTRALIA,Fundings of start-ups,By technology,Electric mobility,all,2016,718442.0625,USD,1
AUS,AUSTRALIA,Fundings of start-ups,By technology,Electric mobility,all,2017,2616457,USD,1.5
AUS,AUSTRALIA,Fundings of start-ups,By technology,Electric mobility,all,2018,9154868,USD,3
AUS,AUSTRALIA,Fundings of start-ups,By technology,Electric mobility,all,2019,4346939,USD,3
AUS,AUSTRALIA,Fundings of start-ups,By technology,Electric mobility,all,2020,15255201,USD,3.700000048
AUS,AUSTRALIA,Fundings of start-ups,By technology,Electric mobility,all,2021,76462968,USD,4.900000095
AUS,AUSTRALIA,Fundings of start-ups,By technology,Electric mobility,all,2022,42115492,USD,3
AUS,AUSTRALIA,Fundings of start-ups,By technology,Energy efficiency,all,2012,2698806.75,USD,2
AUS,AUSTRALIA,Fundings of start-ups,By technology,Energy efficiency,all,2013,3175477.5,USD,2.5
AUS,AUSTRALIA,Fundings of start-ups,By technology,Energy efficiency,all,2014,267635.6875,USD,1.5
AUS,AUSTRALIA,Fundings of start-ups,By technology,Energy efficiency,all,2015,12031071,USD,4.5
AUS,AUSTRALIA,Fundings of start-ups,By technology,Energy efficiency,all,2016,3276405.75,USD,1.416666627
AUS,AUSTRALIA,Fundings of start-ups,By technology,Energy efficiency,all,2017,25228426,USD,4.5
AUS,AUSTRALIA,Fundings of start-ups,By technology,Energy efficiency,all,2018,7835208.5,USD,7.333333492
AUS,AUSTRALIA,Fundings of start-ups,By technology,Energy efficiency,all,2019,15314311,USD,2.166666746
AUS,AUSTRALIA,Fundings of start-ups,By technology,Energy efficiency,all,2020,7758295,USD,5
AUS,AUSTRALIA,Fundings of start-ups,By technology,Energy efficiency,all,2021,10518757,USD,1.583333373
AUS,AUSTRALIA,Fundings of start-ups,By technology,Energy efficiency,all,2022,33758756,USD,3.166666746
AUS,AUSTRALIA,Fundings of start-ups,By technology,Energy storage and batteries,all,2007,1971905.375,USD,0.333333343
AUS,AUSTRALIA,Fundings of start-ups,By technology,Energy storage and batteries,all,2013,3689606.75,USD,0.333333343
AUS,AUSTRALIA,Fundings of start-ups,By technology,Energy storage and batteries,all,2015,7845.303711,USD,0.333333343
AUS,AUSTRALIA,Fundings of start-ups,By technology,Energy storage and batteries,all,2016,5406225.5,USD,2.333333254
AUS,AUSTRALIA,Fundings of start-ups,By technology,Energy storage and batteries,all,2017,12875136,USD,2.166666746
AUS,AUSTRALIA,Fundings of start-ups,By technology,Energy storage and batteries,all,2019,6094982.5,USD,1.5
AUS,AUSTRALIA,Fundings of start-ups,By technology,Energy storage and batteries,all,2020,1766863,USD,1.033333302
AUS,AUSTRALIA,Fundings of start-ups,By technology,Energy storage and batteries,all,2021,3480208.75,USD,1.483333349
AUS,AUSTRALIA,Fundings of start-ups,By technology,Energy storage and batteries,all,2022,3452616.75,USD,0.333333343
AUS,AUSTRALIA,Fundings of start-ups,By technology,Fossil fuels,all,2007,1971905.375,USD,0.333333343
AUS,AUSTRALIA,Fundings of start-ups,By technology,Fossil fuels,all,2013,3689606.75,USD,0.333333343
AUS,AUSTRALIA,Fundings of start-ups,By technology,Fossil fuels,all,2015,44737.0625,USD,1
AUS,AUSTRALIA,Fundings of start-ups,By technology,Fossil fuels,all,2016,41640.34375,USD,1
AUS,AUSTRALIA,Fundings of start-ups,By technology,Fossil fuels,all,2017,455002.5625,USD,3
AUS,AUSTRALIA,Fundings of start-ups,By technology,Fossil fuels,all,2018,258238.0938,USD,2
AUS,AUSTRALIA,Fundings of start-ups,By technology,Grid,all,2011,7430232.5,USD,0.666666687
AUS,AUSTRALIA,Fundings of start-ups,By technology,Grid,all,2021,257246.375,USD,0.25
AUS,AUSTRALIA,Fundings of start-ups,By technology,Hydrogen and fuel cells,all,2007,1971905.375,USD,0.333333343
AUS,AUSTRALIA,Fundings of start-ups,By technology,Hydrogen and fuel cells,all,2013,3689606.75,USD,0.333333343
AUS,AUSTRALIA,Fundings of start-ups,By technology,Hydrogen and fuel cells,all,2016,15808.01465,USD,0.25
AUS,AUSTRALIA,Fundings of start-ups,By technology,Other energy,all,2007,1339622.625,USD,0.25
AUS,AUSTRALIA,Fundings of start-ups,By technology,Other energy,all,2008,508944.7813,USD,1
AUS,AUSTRALIA,Fundings of start-ups,By technology,Other energy,all,2009,3246951.25,USD,0.25
AUS,AUSTRALIA,Fundings of start-ups,By technology,Other energy,all,2011,1507399.75,USD,1
AUS,AUSTRALIA,Fundings of start-ups,By technology,Other energy,all,2013,183904.5625,USD,0.5
AUS,AUSTRALIA,Fundings of start-ups,By technology,Other energy,all,2014,1596534.5,USD,1.5
AUS,AUSTRALIA,Fundings of start-ups,By technology,Other energy,all,2015,3637358.25,USD,1.833333373
AUS,AUSTRALIA,Fundings of start-ups,By technology,Other energy,all,2016,7680225.5,USD,2.666666746
AUS,AUSTRALIA,Fundings of start-ups,By technology,Other energy,all,2017,13365184,USD,2.75
AUS,AUSTRALIA,Fundings of start-ups,By technology,Other energy,all,2018,23505946,USD,2.583333254
AUS,AUSTRALIA,Fundings of start-ups,By technology,Other energy,all,2019,67643664,USD,5.083333492
AUS,AUSTRALIA,Fundings of start-ups,By technology,Other energy,all,2020,51021176,USD,4.783333302
AUS,AUSTRALIA,Fundings of start-ups,By technology,Other energy,all,2021,29654774,USD,5.400000095
AUS,AUSTRALIA,Fundings of start-ups,By technology,Other energy,all,2022,11108677,USD,1.5
AUS,AUSTRALIA,Fundings of start-ups,By technology,Other renewables,all,2007,2679245.25,USD,0.5
AUS,AUSTRALIA,Fundings of start-ups,By technology,Other renewables,all,2009,6493902.5,USD,0.5
AUS,AUSTRALIA,Fundings of start-ups,By technology,Other renewables,all,2011,3715116.25,USD,0.333333343
AUS,AUSTRALIA,Fundings of start-ups,By technology,Other renewables,all,2015,269836.2813,USD,0.5
AUS,AUSTRALIA,Fundings of start-ups,By technology,Other renewables,all,2016,6449673.5,USD,2.75
AUS,AUSTRALIA,Fundings of start-ups,By technology,Other renewables,all,2017,11104901,USD,2.666666746
AUS,AUSTRALIA,Fundings of start-ups,By technology,Other renewables,all,2018,26829592,USD,3.833333254
AUS,AUSTRALIA,Fundings of start-ups,By technology,Other renewables,all,2019,61737100,USD,3.5
AUS,AUSTRALIA,Fundings of start-ups,By technology,Other renewables,all,2020,54664696,USD,5.733333111
AUS,AUSTRALIA,Fundings of start-ups,By technology,Other renewables,all,2021,20540320,USD,6.550000191
AUS,AUSTRALIA,Fundings of start-ups,By technology,Other renewables,all,2022,10058677,USD,1
AUS,AUSTRALIA,Fundings of start-ups,By technology,Solar,all,2015,277681.5938,USD,0.833333313
AUS,AUSTRALIA,Fundings of start-ups,By technology,Solar,all,2016,7046350.5,USD,1.583333373
AUS,AUSTRALIA,Fundings of start-ups,By technology,Solar,all,2017,8283972,USD,2.416666746
AUS,AUSTRALIA,Fundings of start-ups,By technology,Solar,all,2018,3323646.75,USD,1.25
AUS,AUSTRALIA,Fundings of start-ups,By technology,Solar,all,2019,2093426.5,USD,0.75
AUS,AUSTRALIA,Fundings of start-ups,By technology,Solar,all,2020,7066023.5,USD,1.75
AUS,AUSTRALIA,Fundings of start-ups,By technology,Solar,all,2021,4386015.5,USD,0.833333313
AUS,AUSTRALIA,Fundings of start-ups,By technology,Solar,all,2022,9983677,USD,1
AUS,AUSTRALIA,Fundings of start-ups,By technology,Wind,all,2007,1339622.625,USD,0.25
AUS,AUSTRALIA,Fundings of start-ups,By technology,Wind,all,2009,3246951.25,USD,0.25
AUS,AUSTRALIA,Fundings of start-ups,By technology,Wind,all,2017,98548.1875,USD,1
AUS,AUSTRALIA,Fundings of start-ups,By technology,Clean energy,Early stage,2007,5358490.5,USD,1
AUS,AUSTRALIA,Fundings of start-ups,By technology,Clean energy,Early stage,2011,11145349,USD,1
AUS,AUSTRALIA,Fundings of start-ups,By technology,Clean energy,Early stage,2012,3243409,USD,3
AUS,AUSTRALIA,Fundings of start-ups,By technology,Clean energy,Early stage,2013,3209803.5,USD,3
AUS,AUSTRALIA,Fundings of start-ups,By technology,Clean energy,Early stage,2014,56925.13281,USD,1
AUS,AUSTRALIA,Fundings of start-ups,By technology,Clean energy,Early stage,2015,3485382.5,USD,3
AUS,AUSTRALIA,Fundings of start-ups,By technology,Clean energy,Early stage,2016,11100453,USD,4
AUS,AUSTRALIA,Fundings of start-ups,By technology,Clean energy,Early stage,2017,36675876,USD,10
AUS,AUSTRALIA,Fundings of start-ups,By technology,Clean energy,Early stage,2018,35372176,USD,11
AUS,AUSTRALIA,Fundings of start-ups,By technology,Clean energy,Early stage,2019,13509539,USD,8
AUS,AUSTRALIA,Fundings of start-ups,By technology,Clean energy,Early stage,2020,44495252,USD,13
AUS,AUSTRALIA,Probability to receive funding,By technology,Clean energy,Early stage,2021,13.49693298,Percentage,326
AUS,AUSTRALIA,Fundings of start-ups,By technology,Clean energy,Early stage,2021,87526480,USD,14
AUS,AUSTRALIA,Fundings of start-ups,By technology,Clean energy,Early stage,2022,91928328,USD,7
AUS,AUSTRALIA,Fundings of start-ups,By technology,Clean energy,Early stage,2022,3.062526703,Years,328
AUS,AUSTRALIA,Probability to receive funding,By technology,Electric mobility,Early stage,2015,29.26829338,Percentage,13.66666698
AUS,AUSTRALIA,Probability to receive funding,By technology,Electric mobility,Early stage,2016,36.26373672,Percentage,15.16666698
AUS,AUSTRALIA,Probability to receive funding,By technology,Electric mobility,Early stage,2017,36.47912979,Percentage,18.36666679
AUS,AUSTRALIA,Probability to receive funding,By technology,Electric mobility,Early stage,2018,34.42623138,Percentage,22.36666679
AUS,AUSTRALIA,Probability to receive funding,By technology,Electric mobility,Early stage,2019,30.96514702,Percentage,24.86666679
AUS,AUSTRALIA,Probability to receive funding,By technology,Electric mobility,Early stage,2020,32.32588577,Percentage,25.36666679
AUS,AUSTRALIA,Probability to receive funding,By technology,Electric mobility,Early stage,2021,34.89253998,Percentage,26.36666679
AUS,AUSTRALIA,Probability to receive funding,By technology,Energy efficiency,Early stage,2015,7.689816952,Percentage,102.9499969
AUS,AUSTRALIA,Probability to receive funding,By technology,Energy efficiency,Early stage,2016,7.792786121,Percentage,112.2833328
AUS,AUSTRALIA,Probability to receive funding,By technology,Energy efficiency,Early stage,2017,9.026258469,Percentage,121.8666687
AUS,AUSTRALIA,Probability to receive funding,By technology,Energy efficiency,Early stage,2018,9.181331635,Percentage,130.6999969
AUS,AUSTRALIA,Probability to receive funding,By technology,Energy efficiency,Early stage,2019,9.329298973,Percentage,132.1999969
AUS,AUSTRALIA,Probability to receive funding,By technology,Energy efficiency,Early stage,2020,9.17073822,Percentage,134.4857178
AUS,AUSTRALIA,Probability to receive funding,By technology,Energy efficiency,Early stage,2021,9.080709457,Percentage,135.819046
AUS,AUSTRALIA,Fundings of start-ups,By technology,Energy efficiency,Early stage,2022,3.314987898,Years,134.819046
AUS,AUSTRALIA,Probability to receive funding,By technology,Energy storage and batteries,Early stage,2015,28.46715355,Percentage,11.41666698
AUS,AUSTRALIA,Probability to receive funding,By technology,Energy storage and batteries,Early stage,2016,23.63636398,Percentage,13.75
AUS,AUSTRALIA,Probability to receive funding,By technology,Energy storage and batteries,Early stage,2017,22.25609779,Percentage,16.39999962
AUS,AUSTRALIA,Probability to receive funding,By technology,Energy storage and batteries,Early stage,2018,21.28279877,Percentage,17.14999962
AUS,AUSTRALIA,Probability to receive funding,By technology,Energy storage and batteries,Early stage,2019,22.86501312,Percentage,18.14999962
AUS,AUSTRALIA,Probability to receive funding,By technology,Energy storage and batteries,Early stage,2020,22.11087227,Percentage,18.76904678
AUS,AUSTRALIA,Probability to receive funding,By technology,Energy storage and batteries,Early stage,2021,22.11087227,Percentage,18.76904678
AUS,AUSTRALIA,Fundings of start-ups,By technology,Energy storage and batteries,Early stage,2022,3.884073257,Years,18.76904678
AUS,AUSTRALIA,Probability to receive funding,By technology,Fossil fuels,Early stage,2015,2.921646833,Percentage,62.75
AUS,AUSTRALIA,Probability to receive funding,By technology,Fossil fuels,Early stage,2016,4.182041645,Percentage,67.75
AUS,AUSTRALIA,Probability to receive funding,By technology,Fossil fuels,Early stage,2017,3.962703943,Percentage,71.5
AUS,AUSTRALIA,Probability to receive funding,By technology,Fossil fuels,Early stage,2018,3.890160084,Percentage,72.83333588
AUS,AUSTRALIA,Probability to receive funding,By technology,Fossil fuels,Early stage,2019,5.088495731,Percentage,75.33333588
AUS,AUSTRALIA,Probability to receive funding,By technology,Fossil fuels,Early stage,2020,5.021833897,Percentage,76.33333588
AUS,AUSTRALIA,Probability to receive funding,By technology,Fossil fuels,Early stage,2021,5.021833897,Percentage,76.33333588
AUS,AUSTRALIA,Fundings of start-ups,By technology,Fossil fuels,Early stage,2022,1.676355004,Years,76.33333588
AUS,AUSTRALIA,Probability to receive funding,By technology,Grid,Early stage,2015,1.882352948,Percentage,35.41666794
AUS,AUSTRALIA,Probability to receive funding,By technology,Grid,Early stage,2016,1.830663562,Percentage,36.41666794
AUS,AUSTRALIA,Probability to receive funding,By technology,Grid,Early stage,2017,2.87307024,Percentage,38.86666489
AUS,AUSTRALIA,Probability to receive funding,By technology,Grid,Early stage,2018,2.836579084,Percentage,39.36666489
AUS,AUSTRALIA,Probability to receive funding,By technology,Grid,Early stage,2019,2.836579084,Percentage,39.36666489
AUS,AUSTRALIA,Probability to receive funding,By technology,Grid,Early stage,2020,2.836579084,Percentage,39.36666489
AUS,AUSTRALIA,Probability to receive funding,By technology,Grid,Early stage,2021,2.836579084,Percentage,39.36666489
AUS,AUSTRALIA,Fundings of start-ups,By technology,Grid,Early stage,2022,1.577673316,Years,39.36666489
AUS,AUSTRALIA,Probability to receive funding,By technology,Hydrogen and fuel cells,Early stage,2015,43.75,Percentage,1.333333373
AUS,AUSTRALIA,Probability to receive funding,By technology,Hydrogen and fuel cells,Early stage,2016,35,Percentage,1.666666627
AUS,AUSTRALIA,Probability to receive funding,By technology,Hydrogen and fuel cells,Early stage,2017,35,Percentage,1.666666627
AUS,AUSTRALIA,Probability to receive funding,By technology,Hydrogen and fuel cells,Early stage,2018,29.16666603,Percentage,2
AUS,AUSTRALIA,Probability to receive funding,By technology,Hydrogen and fuel cells,Early stage,2019,29.16666603,Percentage,2
AUS,AUSTRALIA,Probability to receive funding,By technology,Hydrogen and fuel cells,Early stage,2020,29.16666603,Percentage,2
AUS,AUSTRALIA,Probability to receive funding,By technology,Hydrogen and fuel cells,Early stage,2021,29.16666603,Percentage,2
AUS,AUSTRALIA,Fundings of start-ups,By technology,Non-clean energy,Early stage,2007,5915716,USD,1
AUS,AUSTRALIA,Fundings of start-ups,By technology,Non-clean energy,Early stage,2008,508944.7813,USD,1
AUS,AUSTRALIA,Fundings of start-ups,By technology,Non-clean energy,Early stage,2011,1507399.75,USD,1
AUS,AUSTRALIA,Fundings of start-ups,By technology,Non-clean energy,Early stage,2013,11068820,USD,1
AUS,AUSTRALIA,Fundings of start-ups,By technology,Non-clean energy,Early stage,2014,1568071.875,USD,1
AUS,AUSTRALIA,Fundings of start-ups,By technology,Non-clean energy,Early stage,2015,97692.85938,USD,3
AUS,AUSTRALIA,Fundings of start-ups,By technology,Non-clean energy,Early stage,2016,582856,USD,2
AUS,AUSTRALIA,Fundings of start-ups,By technology,Non-clean energy,Early stage,2017,12286660,USD,4
AUS,AUSTRALIA,Fundings of start-ups,By technology,Non-clean energy,Early stage,2018,1745965.5,USD,3
AUS,AUSTRALIA,Fundings of start-ups,By technology,Non-clean energy,Early stage,2019,8693878,USD,4
AUS,AUSTRALIA,Fundings of start-ups,By technology,Non-clean energy,Early stage,2020,2716288,USD,2
AUS,AUSTRALIA,Fundings of start-ups,By technology,Non-clean energy,Early stage,2021,36139260,USD,4
AUS,AUSTRALIA,Probability to receive funding,By technology,Non-clean energy,Early stage,2021,4.411764622,Percentage,408
AUS,AUSTRALIA,Fundings of start-ups,By technology,Non-clean energy,Early stage,2022,35048576,USD,3
AUS,AUSTRALIA,Fundings of start-ups,By technology,Non-clean energy,Early stage,2022,2.858143091,Years,409
AUS,AUSTRALIA,Probability to receive funding,By technology,Nuclear,Early stage,2015,0,Percentage,1
AUS,AUSTRALIA,Probability to receive funding,By technology,Nuclear,Early stage,2016,0,Percentage,1
AUS,AUSTRALIA,Probability to receive funding,By technology,Nuclear,Early stage,2017,0,Percentage,1
AUS,AUSTRALIA,Probability to receive funding,By technology,Nuclear,Early stage,2018,0,Percentage,1
AUS,AUSTRALIA,Probability to receive funding,By technology,Nuclear,Early stage,2019,0,Percentage,1
AUS,AUSTRALIA,Probability to receive funding,By technology,Nuclear,Early stage,2020,0,Percentage,1
AUS,AUSTRALIA,Probability to receive funding,By technology,Nuclear,Early stage,2021,0,Percentage,1
AUS,AUSTRALIA,Probability to receive funding,By technology,Other energy,Early stage,2015,3.288807869,Percentage,164.6999969
AUS,AUSTRALIA,Probability to receive funding,By technology,Other energy,Early stage,2016,4.357196331,Percentage,177.8666687
AUS,AUSTRALIA,Probability to receive funding,By technology,Other energy,Early stage,2017,4.602695942,Percentage,187.9333344
AUS,AUSTRALIA,Probability to receive funding,By technology,Other energy,Early stage,2018,5.646474361,Percentage,194.5166626
AUS,AUSTRALIA,Probability to receive funding,By technology,Other energy,Early stage,2019,5.883329391,Percentage,200.8500061
AUS,AUSTRALIA,Probability to receive funding,By technology,Other energy,Early stage,2020,6.505984783,Percentage,204.6833344
AUS,AUSTRALIA,Probability to receive funding,By technology,Other energy,Early stage,2021,6.505984783,Percentage,204.6833344
AUS,AUSTRALIA,Fundings of start-ups,By technology,Other energy,Early stage,2022,2.687722683,Years,202.6833344
AUS,AUSTRALIA,Probability to receive funding,By technology,Other renewables,Early stage,2015,5.305039883,Percentage,75.40000153
AUS,AUSTRALIA,Probability to receive funding,By technology,Other renewables,Early stage,2016,5.760826588,Percentage,83.90000153
AUS,AUSTRALIA,Probability to receive funding,By technology,Other renewables,Early stage,2017,7.242026329,Percentage,88.83333588
AUS,AUSTRALIA,Probability to receive funding,By technology,Other renewables,Early stage,2018,8.459529877,Percentage,95.75
AUS,AUSTRALIA,Probability to receive funding,By technology,Other renewables,Early stage,2019,9.9760952,Percentage,104.5833359
AUS,AUSTRALIA,Probability to receive funding,By technology,Other renewables,Early stage,2020,10.63212681,Percentage,107.5357132
AUS,AUSTRALIA,Probability to receive funding,By technology,Other renewables,Early stage,2021,10.50191402,Percentage,108.8690491
AUS,AUSTRALIA,Fundings of start-ups,By technology,Other renewables,Early stage,2022,2.503838062,Years,108.8690491
AUS,AUSTRALIA,Probability to receive funding,By technology,Solar,Early stage,2015,6.245407581,Percentage,45.36666489
AUS,AUSTRALIA,Probability to receive funding,By technology,Solar,Early stage,2016,6.821282387,Percentage,48.86666489
AUS,AUSTRALIA,Probability to receive funding,By technology,Solar,Early stage,2017,6.797050476,Percentage,51.98333359
AUS,AUSTRALIA,Probability to receive funding,By technology,Solar,Early stage,2018,6.616729259,Percentage,53.40000153
AUS,AUSTRALIA,Probability to receive funding,By technology,Solar,Early stage,2019,6.339713097,Percentage,55.73333359
AUS,AUSTRALIA,Probability to receive funding,By technology,Solar,Early stage,2020,6.286004543,Percentage,56.20952225
AUS,AUSTRALIA,Probability to receive funding,By technology,Solar,Early stage,2021,6.248947144,Percentage,56.54285812
AUS,AUSTRALIA,Fundings of start-ups,By technology,Solar,Early stage,2022,4.089842319,Years,56.54285812
AUS,AUSTRALIA,Probability to receive funding,By technology,Wind,Early stage,2015,25,Percentage,2
AUS,AUSTRALIA,Probability to receive funding,By technology,Wind,Early stage,2016,21.4285717,Percentage,2.333333254
AUS,AUSTRALIA,Probability to receive funding,By technology,Wind,Early stage,2017,19.35483932,Percentage,2.583333254
AUS,AUSTRALIA,Probability to receive funding,By technology,Wind,Early stage,2018,17.1428566,Percentage,2.916666746
AUS,AUSTRALIA,Probability to receive funding,By technology,Wind,Early stage,2019,17.1428566,Percentage,2.916666746
AUS,AUSTRALIA,Probability to receive funding,By technology,Wind,Early stage,2020,15.38461494,Percentage,3.25
AUS,AUSTRALIA,Probability to receive funding,By technology,Wind,Early stage,2021,15.38461494,Percentage,3.25
AUS,AUSTRALIA,Fundings of start-ups,By technology,Clean energy,Later stage,2009,12987805,USD,1
AUS,AUSTRALIA,Fundings of start-ups,By technology,Clean energy,Later stage,2016,4283152,USD,1
AUS,AUSTRALIA,Fundings of start-ups,By technology,Clean energy,Later stage,2018,2218750,USD,1
AUS,AUSTRALIA,Fundings of start-ups,By technology,Clean energy,Later stage,2019,22184922,USD,2
AUS,AUSTRALIA,Fundings of start-ups,By technology,Clean energy,Later stage,2020,84065944,USD,2
AUS,AUSTRALIA,Probability to receive funding,By technology,Clean energy,Later stage,2021,3.680981636,Percentage,326
AUS,AUSTRALIA,Fundings of start-ups,By technology,Clean energy,Later stage,2022,3.963013649,Years,328
AUS,AUSTRALIA,Fundings of start-ups,By technology,Clean energy,Later stage,2022,21000000,USD,1
AUS,AUSTRALIA,Probability to receive funding,By technology,Electric mobility,Later stage,2015,7.317073345,Percentage,13.66666698
AUS,AUSTRALIA,Probability to receive funding,By technology,Electric mobility,Later stage,2016,9.890110016,Percentage,15.16666698
AUS,AUSTRALIA,Probability to receive funding,By technology,Electric mobility,Later stage,2017,8.166969299,Percentage,18.36666679
AUS,AUSTRALIA,Probability to receive funding,By technology,Electric mobility,Later stage,2018,6.706408501,Percentage,22.36666679
AUS,AUSTRALIA,Probability to receive funding,By technology,Electric mobility,Later stage,2019,6.032171726,Percentage,24.86666679
AUS,AUSTRALIA,Probability to receive funding,By technology,Electric mobility,Later stage,2020,5.913271904,Percentage,25.36666679
AUS,AUSTRALIA,Probability to receive funding,By technology,Electric mobility,Later stage,2021,5.689001083,Percentage,26.36666679
AUS,AUSTRALIA,Probability to receive funding,By technology,Energy efficiency,Later stage,2015,0.971345305,Percentage,102.9499969
AUS,AUSTRALIA,Probability to receive funding,By technology,Energy efficiency,Later stage,2016,1.632774234,Percentage,112.2833328
AUS,AUSTRALIA,Probability to receive funding,By technology,Energy efficiency,Later stage,2017,1.504376411,Percentage,121.8666687
AUS,AUSTRALIA,Probability to receive funding,By technology,Energy efficiency,Later stage,2018,1.402703404,Percentage,130.6999969
AUS,AUSTRALIA,Probability to receive funding,By technology,Energy efficiency,Later stage,2019,1.386787653,Percentage,132.1999969
AUS,AUSTRALIA,Probability to receive funding,By technology,Energy efficiency,Later stage,2020,1.36321795,Percentage,134.4857178
AUS,AUSTRALIA,Probability to receive funding,By technology,Energy efficiency,Later stage,2021,1.349835157,Percentage,135.819046
AUS,AUSTRALIA,Fundings of start-ups,By technology,Energy efficiency,Later stage,2022,3.092154503,Years,134.819046
AUS,AUSTRALIA,Probability to receive funding,By technology,Energy storage and batteries,Later stage,2015,10.21897793,Percentage,11.41666698
AUS,AUSTRALIA,Probability to receive funding,By technology,Energy storage and batteries,Later stage,2016,8.484848022,Percentage,13.75
AUS,AUSTRALIA,Probability to receive funding,By technology,Energy storage and batteries,Later stage,2017,7.11382103,Percentage,16.39999962
AUS,AUSTRALIA,Probability to receive funding,By technology,Energy storage and batteries,Later stage,2018,6.802721024,Percentage,17.14999962
AUS,AUSTRALIA,Probability to receive funding,By technology,Energy storage and batteries,Later stage,2019,6.427915573,Percentage,18.14999962
AUS,AUSTRALIA,Probability to receive funding,By technology,Energy storage and batteries,Later stage,2020,6.215907574,Percentage,18.76904678
AUS,AUSTRALIA,Probability to receive funding,By technology,Energy storage and batteries,Later stage,2021,6.215907574,Percentage,18.76904678
AUS,AUSTRALIA,Fundings of start-ups,By technology,Energy storage and batteries,Later stage,2022,7.458708286,Years,18.76904678
AUS,AUSTRALIA,Probability to receive funding,By technology,Fossil fuels,Later stage,2015,1.593625546,Percentage,62.75
AUS,AUSTRALIA,Probability to receive funding,By technology,Fossil fuels,Later stage,2016,1.476014733,Percentage,67.75
AUS,AUSTRALIA,Probability to receive funding,By technology,Fossil fuels,Later stage,2017,1.864801884,Percentage,71.5
AUS,AUSTRALIA,Probability to receive funding,By technology,Fossil fuels,Later stage,2018,1.830663562,Percentage,72.83333588
AUS,AUSTRALIA,Probability to receive funding,By technology,Fossil fuels,Later stage,2019,1.769911528,Percentage,75.33333588
AUS,AUSTRALIA,Probability to receive funding,By technology,Fossil fuels,Later stage,2020,1.746724844,Percentage,76.33333588
AUS,AUSTRALIA,Probability to receive funding,By technology,Fossil fuels,Later stage,2021,1.746724844,Percentage,76.33333588
AUS,AUSTRALIA,Fundings of start-ups,By technology,Fossil fuels,Later stage,2022,9.595205307,Years,76.33333588
AUS,AUSTRALIA,Probability to receive funding,By technology,Grid,Later stage,2015,0.941176474,Percentage,35.41666794
AUS,AUSTRALIA,Probability to receive funding,By technology,Grid,Later stage,2016,0.915331781,Percentage,36.41666794
AUS,AUSTRALIA,Probability to receive funding,By technology,Grid,Later stage,2017,0.857632935,Percentage,38.86666489
AUS,AUSTRALIA,Probability to receive funding,By technology,Grid,Later stage,2018,0.846740067,Percentage,39.36666489
AUS,AUSTRALIA,Probability to receive funding,By technology,Grid,Later stage,2019,0.846740067,Percentage,39.36666489
AUS,AUSTRALIA,Probability to receive funding,By technology,Grid,Later stage,2020,0.846740067,Percentage,39.36666489
AUS,AUSTRALIA,Probability to receive funding,By technology,Grid,Later stage,2021,0.846740067,Percentage,39.36666489
AUS,AUSTRALIA,Fundings of start-ups,By technology,Grid,Later stage,2022,5.520547867,Years,39.36666489
AUS,AUSTRALIA,Probability to receive funding,By technology,Hydrogen and fuel cells,Later stage,2015,0,Percentage,1.333333373
AUS,AUSTRALIA,Probability to receive funding,By technology,Hydrogen and fuel cells,Later stage,2016,0,Percentage,1.666666627
AUS,AUSTRALIA,Probability to receive funding,By technology,Hydrogen and fuel cells,Later stage,2017,0,Percentage,1.666666627
AUS,AUSTRALIA,Probability to receive funding,By technology,Hydrogen and fuel cells,Later stage,2018,0,Percentage,2
AUS,AUSTRALIA,Probability to receive funding,By technology,Hydrogen and fuel cells,Later stage,2019,0,Percentage,2
AUS,AUSTRALIA,Probability to receive funding,By technology,Hydrogen and fuel cells,Later stage,2020,0,Percentage,2
AUS,AUSTRALIA,Probability to receive funding,By technology,Hydrogen and fuel cells,Later stage,2021,0,Percentage,2
AUS,AUSTRALIA,Fundings of start-ups,By technology,Non-clean energy,Later stage,2015,3333453.5,USD,1
AUS,AUSTRALIA,Probability to receive funding,By technology,Non-clean energy,Later stage,2021,1.715686321,Percentage,408
AUS,AUSTRALIA,Fundings of start-ups,By technology,Non-clean energy,Later stage,2022,9.124462128,Years,409
AUS,AUSTRALIA,Probability to receive funding,By technology,Nuclear,Later stage,2015,0,Percentage,1
AUS,AUSTRALIA,Probability to receive funding,By technology,Nuclear,Later stage,2016,0,Percentage,1
AUS,AUSTRALIA,Probability to receive funding,By technology,Nuclear,Later stage,2017,0,Percentage,1
AUS,AUSTRALIA,Probability to receive funding,By technology,Nuclear,Later stage,2018,0,Percentage,1
AUS,AUSTRALIA,Probability to receive funding,By technology,Nuclear,Later stage,2019,0,Percentage,1
AUS,AUSTRALIA,Probability to receive funding,By technology,Nuclear,Later stage,2020,0,Percentage,1
AUS,AUSTRALIA,Probability to receive funding,By technology,Nuclear,Later stage,2021,0,Percentage,1
AUS,AUSTRALIA,Probability to receive funding,By technology,Other energy,Later stage,2015,3.440598965,Percentage,164.6999969
AUS,AUSTRALIA,Probability to receive funding,By technology,Other energy,Later stage,2016,4.216641903,Percentage,177.8666687
AUS,AUSTRALIA,Probability to receive funding,By technology,Other energy,Later stage,2017,4.168144703,Percentage,187.9333344
AUS,AUSTRALIA,Probability to receive funding,By technology,Other energy,Later stage,2018,4.027075768,Percentage,194.5166626
AUS,AUSTRALIA,Probability to receive funding,By technology,Other energy,Later stage,2019,3.900091171,Percentage,200.8500061
AUS,AUSTRALIA,Probability to receive funding,By technology,Other energy,Later stage,2020,3.827049971,Percentage,204.6833344
AUS,AUSTRALIA,Probability to receive funding,By technology,Other energy,Later stage,2021,3.827049971,Percentage,204.6833344
AUS,AUSTRALIA,Fundings of start-ups,By technology,Other energy,Later stage,2022,6.283648968,Years,202.6833344
AUS,AUSTRALIA,Probability to receive funding,By technology,Other renewables,Later stage,2015,3.536693096,Percentage,75.40000153
AUS,AUSTRALIA,Probability to receive funding,By technology,Other renewables,Later stage,2016,4.171632767,Percentage,83.90000153
AUS,AUSTRALIA,Probability to receive funding,By technology,Other renewables,Later stage,2017,4.315196991,Percentage,88.83333588
AUS,AUSTRALIA,Probability to receive funding,By technology,Other renewables,Later stage,2018,4.003481388,Percentage,95.75
AUS,AUSTRALIA,Probability to receive funding,By technology,Other renewables,Later stage,2019,3.665338755,Percentage,104.5833359
AUS,AUSTRALIA,Probability to receive funding,By technology,Other renewables,Later stage,2020,3.564707279,Percentage,107.5357132
AUS,AUSTRALIA,Probability to receive funding,By technology,Other renewables,Later stage,2021,3.521049738,Percentage,108.8690491
AUS,AUSTRALIA,Fundings of start-ups,By technology,Other renewables,Later stage,2022,4.195711613,Years,108.8690491
AUS,AUSTRALIA,Probability to receive funding,By technology,Solar,Later stage,2015,0.367376924,Percentage,45.36666489
AUS,AUSTRALIA,Probability to receive funding,By technology,Solar,Later stage,2016,0.341064125,Percentage,48.86666489
AUS,AUSTRALIA,Probability to receive funding,By technology,Solar,Later stage,2017,0.32061559,Percentage,51.98333359
AUS,AUSTRALIA,Probability to receive funding,By technology,Solar,Later stage,2018,0.312109858,Percentage,53.40000153
AUS,AUSTRALIA,Probability to receive funding,By technology,Solar,Later stage,2019,0.299043059,Percentage,55.73333359
AUS,AUSTRALIA,Probability to receive funding,By technology,Solar,Later stage,2020,0.296509653,Percentage,56.20952225
AUS,AUSTRALIA,Probability to receive funding,By technology,Solar,Later stage,2021,0.294761658,Percentage,56.54285812
AUS,AUSTRALIA,Fundings of start-ups,By technology,Solar,Later stage,2022,1.649315119,Years,56.54285812
AUS,AUSTRALIA,Probability to receive funding,By technology,Wind,Later stage,2015,0,Percentage,2
AUS,AUSTRALIA,Probability to receive funding,By technology,Wind,Later stage,2016,0,Percentage,2.333333254
AUS,AUSTRALIA,Probability to receive funding,By technology,Wind,Later stage,2017,0,Percentage,2.583333254
AUS,AUSTRALIA,Probability to receive funding,By technology,Wind,Later stage,2018,0,Percentage,2.916666746
AUS,AUSTRALIA,Probability to receive funding,By technology,Wind,Later stage,2019,0,Percentage,2.916666746
AUS,AUSTRALIA,Probability to receive funding,By technology,Wind,Later stage,2020,0,Percentage,3.25
AUS,AUSTRALIA,Probability to receive funding,By technology,Wind,Later stage,2021,0,Percentage,3.25
AUT,AUSTRIA,Fundings of start-ups,"By sector (energy, green, digital)",Energy,Early stage,2009,3676322.75,USD,1
AUT,AUSTRIA,Fundings of start-ups,"By sector (energy, green, digital)",Energy,Early stage,2012,78679.29688,USD,1
AUT,AUSTRIA,Fundings of start-ups,"By sector (energy, green, digital)",Energy,Early stage,2013,13458174,USD,2
AUT,AUSTRIA,Fundings of start-ups,"By sector (energy, green, digital)",Energy,Early stage,2014,7114119,USD,4
AUT,AUSTRIA,Fundings of start-ups,"By sector (energy, green, digital)",Energy,Early stage,2015,1176795.625,USD,1
AUT,AUSTRIA,Fundings of start-ups,"By sector (energy, green, digital)",Energy,Early stage,2016,6231017.5,USD,6
AUT,AUSTRIA,Fundings of start-ups,"By sector (energy, green, digital)",Energy,Early stage,2017,9947446,USD,3
AUT,AUSTRIA,Fundings of start-ups,"By sector (energy, green, digital)",Energy,Early stage,2018,2511899,USD,3
AUT,AUSTRIA,Fundings of start-ups,"By sector (energy, green, digital)",Energy,Early stage,2019,7039044.5,USD,3
AUT,AUSTRIA,Fundings of start-ups,"By sector (energy, green, digital)",Energy,Early stage,2020,13000113,USD,2
AUT,AUSTRIA,Fundings of start-ups,"By sector (energy, green, digital)",Energy,Early stage,2021,63710096,USD,6
AUT,AUSTRIA,Probability to receive funding,"By sector (energy, green, digital)",Energy,Early stage,2021,26.31579018,Percentage,76
AUT,AUSTRIA,Fundings of start-ups,"By sector (energy, green, digital)",Energy,Early stage,2022,2.598413944,Years,77
AUT,AUSTRIA,Fundings of start-ups,"By sector (energy, green, digital)",Energy,Early stage,2022,2367398,USD,1
AUT,AUSTRIA,Fundings of start-ups,"By sector (energy, green, digital)",Energy and digital,Early stage,2012,78679.29688,USD,1
AUT,AUSTRIA,Fundings of start-ups,"By sector (energy, green, digital)",Energy and digital,Early stage,2014,7114119,USD,4
AUT,AUSTRIA,Fundings of start-ups,"By sector (energy, green, digital)",Energy and digital,Early stage,2016,6231017.5,USD,6
AUT,AUSTRIA,Fundings of start-ups,"By sector (energy, green, digital)",Energy and digital,Early stage,2017,9947446,USD,3
AUT,AUSTRIA,Fundings of start-ups,"By sector (energy, green, digital)",Energy and digital,Early stage,2018,2511899,USD,3
AUT,AUSTRIA,Fundings of start-ups,"By sector (energy, green, digital)",Energy and digital,Early stage,2019,6433958.5,USD,2
AUT,AUSTRIA,Fundings of start-ups,"By sector (energy, green, digital)",Energy and digital,Early stage,2020,13000113,USD,2
AUT,AUSTRIA,Fundings of start-ups,"By sector (energy, green, digital)",Energy and digital,Early stage,2021,63647648,USD,5
AUT,AUSTRIA,Probability to receive funding,"By sector (energy, green, digital)",Energy and digital,Early stage,2021,36.36363602,Percentage,44
AUT,AUSTRIA,Fundings of start-ups,"By sector (energy, green, digital)",Energy and digital,Early stage,2022,2.541735172,Years,44
AUT,AUSTRIA,Fundings of start-ups,"By sector (energy, green, digital)",Energy and digital,Early stage,2022,2367398,USD,1
AUT,AUSTRIA,Fundings of start-ups,"By sector (energy, green, digital)",Energy and non-digital,Early stage,2009,3676322.75,USD,1
AUT,AUSTRIA,Fundings of start-ups,"By sector (energy, green, digital)",Energy and non-digital,Early stage,2013,13458174,USD,2
AUT,AUSTRIA,Fundings of start-ups,"By sector (energy, green, digital)",Energy and non-digital,Early stage,2015,1176795.625,USD,1
AUT,AUSTRIA,Fundings of start-ups,"By sector (energy, green, digital)",Energy and non-digital,Early stage,2019,605086.25,USD,1
AUT,AUSTRIA,Probability to receive funding,"By sector (energy, green, digital)",Energy and non-digital,Early stage,2021,12.5,Percentage,32
AUT,AUSTRIA,Fundings of start-ups,"By sector (energy, green, digital)",Energy and non-digital,Early stage,2021,62448.10156,USD,1
AUT,AUSTRIA,Fundings of start-ups,"By sector (energy, green, digital)",Energy and non-digital,Early stage,2022,2.810958862,Years,33
AUT,AUSTRIA,Fundings of start-ups,"By sector (energy, green, digital)",Non-energy,Early stage,2001,59514704,USD,1
AUT,AUSTRIA,Fundings of start-ups,"By sector (energy, green, digital)",Non-energy,Early stage,2004,35490960,USD,1
AUT,AUSTRIA,Fundings of start-ups,"By sector (energy, green, digital)",Non-energy,Early stage,2005,16789660,USD,3
AUT,AUSTRIA,Fundings of start-ups,"By sector (energy, green, digital)",Non-energy,Early stage,2006,36735604,USD,3
AUT,AUSTRIA,Fundings of start-ups,"By sector (energy, green, digital)",Non-energy,Early stage,2007,69832344,USD,5
AUT,AUSTRIA,Fundings of start-ups,"By sector (energy, green, digital)",Non-energy,Early stage,2008,12638186,USD,4
AUT,AUSTRIA,Fundings of start-ups,"By sector (energy, green, digital)",Non-energy,Early stage,2009,9118979,USD,4
AUT,AUSTRIA,Fundings of start-ups,"By sector (energy, green, digital)",Non-energy,Early stage,2010,25085000,USD,11
AUT,AUSTRIA,Fundings of start-ups,"By sector (energy, green, digital)",Non-energy,Early stage,2011,35017916,USD,8
AUT,AUSTRIA,Fundings of start-ups,"By sector (energy, green, digital)",Non-energy,Early stage,2012,9767155,USD,8
AUT,AUSTRIA,Fundings of start-ups,"By sector (energy, green, digital)",Non-energy,Early stage,2013,70840928,USD,19
AUT,AUSTRIA,Fundings of start-ups,"By sector (energy, green, digital)",Non-energy,Early stage,2014,37542060,USD,27
AUT,AUSTRIA,Fundings of start-ups,"By sector (energy, green, digital)",Non-energy,Early stage,2015,214993488,USD,38
AUT,AUSTRIA,Fundings of start-ups,"By sector (energy, green, digital)",Non-energy,Early stage,2016,115804184,USD,38
AUT,AUSTRIA,Fundings of start-ups,"By sector (energy, green, digital)",Non-energy,Early stage,2017,74607472,USD,40
AUT,AUSTRIA,Fundings of start-ups,"By sector (energy, green, digital)",Non-energy,Early stage,2018,87781024,USD,53
AUT,AUSTRIA,Fundings of start-ups,"By sector (energy, green, digital)",Non-energy,Early stage,2019,74667648,USD,38
AUT,AUSTRIA,Fundings of start-ups,"By sector (energy, green, digital)",Non-energy,Early stage,2020,215293440,USD,40
AUT,AUSTRIA,Fundings of start-ups,"By sector (energy, green, digital)",Non-energy,Early stage,2021,522787520,USD,47
AUT,AUSTRIA,Probability to receive funding,"By sector (energy, green, digital)",Non-energy,Early stage,2021,12.9509716,Percentage,2162
AUT,AUSTRIA,Fundings of start-ups,"By sector (energy, green, digital)",Non-energy,Early stage,2022,1.946580172,Years,2179
AUT,AUSTRIA,Fundings of start-ups,"By sector (energy, green, digital)",Non-energy,Early stage,2022,318211488,USD,31
AUT,AUSTRIA,Fundings of start-ups,"By sector (energy, green, digital)",Energy,Later stage,2011,1282482.875,USD,1
AUT,AUSTRIA,Fundings of start-ups,"By sector (energy, green, digital)",Energy,Later stage,2013,1398731.5,USD,1
AUT,AUSTRIA,Fundings of start-ups,"By sector (energy, green, digital)",Energy,Later stage,2014,1067894.875,USD,1
AUT,AUSTRIA,Fundings of start-ups,"By sector (energy, green, digital)",Energy,Later stage,2015,1756962.875,USD,1
AUT,AUSTRIA,Fundings of start-ups,"By sector (energy, green, digital)",Energy,Later stage,2016,694316.3125,USD,1
AUT,AUSTRIA,Fundings of start-ups,"By sector (energy, green, digital)",Energy,Later stage,2021,24207494,USD,1
AUT,AUSTRIA,Probability to receive funding,"By sector (energy, green, digital)",Energy,Later stage,2021,5.263157845,Percentage,76
AUT,AUSTRIA,Fundings of start-ups,"By sector (energy, green, digital)",Energy,Later stage,2022,5.036301136,Years,77
AUT,AUSTRIA,Fundings of start-ups,"By sector (energy, green, digital)",Energy and digital,Later stage,2021,24207494,USD,1
AUT,AUSTRIA,Probability to receive funding,"By sector (energy, green, digital)",Energy and digital,Later stage,2021,4.545454502,Percentage,44
AUT,AUSTRIA,Fundings of start-ups,"By sector (energy, green, digital)",Energy and digital,Later stage,2022,4.826027393,Years,44
AUT,AUSTRIA,Fundings of start-ups,"By sector (energy, green, digital)",Energy and non-digital,Later stage,2011,1282482.875,USD,1
AUT,AUSTRIA,Fundings of start-ups,"By sector (energy, green, digital)",Energy and non-digital,Later stage,2013,1398731.5,USD,1
AUT,AUSTRIA,Fundings of start-ups,"By sector (energy, green, digital)",Energy and non-digital,Later stage,2014,1067894.875,USD,1
AUT,AUSTRIA,Fundings of start-ups,"By sector (energy, green, digital)",Energy and non-digital,Later stage,2015,1756962.875,USD,1
AUT,AUSTRIA,Fundings of start-ups,"By sector (energy, green, digital)",Energy and non-digital,Later stage,2016,694316.3125,USD,1
AUT,AUSTRIA,Probability to receive funding,"By sector (energy, green, digital)",Energy and non-digital,Later stage,2021,6.25,Percentage,32
AUT,AUSTRIA,Fundings of start-ups,"By sector (energy, green, digital)",Energy and non-digital,Later stage,2022,5.246575356,Years,33
AUT,AUSTRIA,Fundings of start-ups,"By sector (energy, green, digital)",Non-energy,Later stage,2003,75531912,USD,1
AUT,AUSTRIA,Fundings of start-ups,"By sector (energy, green, digital)",Non-energy,Later stage,2006,2157662.25,USD,1
AUT,AUSTRIA,Fundings of start-ups,"By sector (energy, green, digital)",Non-energy,Later stage,2007,82936040,USD,2
AUT,AUSTRIA,Fundings of start-ups,"By sector (energy, green, digital)",Non-energy,Later stage,2009,31888262,USD,3
AUT,AUSTRIA,Fundings of start-ups,"By sector (energy, green, digital)",Non-energy,Later stage,2010,9030871,USD,4
AUT,AUSTRIA,Fundings of start-ups,"By sector (energy, green, digital)",Non-energy,Later stage,2011,4562937,USD,3
AUT,AUSTRIA,Fundings of start-ups,"By sector (energy, green, digital)",Non-energy,Later stage,2012,1451825,USD,2
AUT,AUSTRIA,Fundings of start-ups,"By sector (energy, green, digital)",Non-energy,Later stage,2013,4347373,USD,3
AUT,AUSTRIA,Fundings of start-ups,"By sector (energy, green, digital)",Non-energy,Later stage,2014,2100193,USD,1
AUT,AUSTRIA,Fundings of start-ups,"By sector (energy, green, digital)",Non-energy,Later stage,2015,11236786,USD,3
AUT,AUSTRIA,Fundings of start-ups,"By sector (energy, green, digital)",Non-energy,Later stage,2016,37721416,USD,11
AUT,AUSTRIA,Fundings of start-ups,"By sector (energy, green, digital)",Non-energy,Later stage,2017,124561088,USD,7
AUT,AUSTRIA,Fundings of start-ups,"By sector (energy, green, digital)",Non-energy,Later stage,2018,95448104,USD,6
AUT,AUSTRIA,Fundings of start-ups,"By sector (energy, green, digital)",Non-energy,Later stage,2019,103801320,USD,5
AUT,AUSTRIA,Fundings of start-ups,"By sector (energy, green, digital)",Non-energy,Later stage,2020,43983192,USD,4
AUT,AUSTRIA,Fundings of start-ups,"By sector (energy, green, digital)",Non-energy,Later stage,2021,676188416,USD,5
AUT,AUSTRIA,Probability to receive funding,"By sector (energy, green, digital)",Non-energy,Later stage,2021,2.358927011,Percentage,2162
AUT,AUSTRIA,Fundings of start-ups,"By sector (energy, green, digital)",Non-energy,Later stage,2022,4.909862995,Years,2179
AUT,AUSTRIA,Fundings of start-ups,"By sector (energy, green, digital)",Non-energy,Later stage,2022,400610080,USD,4
AUT,AUSTRIA,Fundings of start-ups,By technology,Electric mobility,all,2018,250907.3438,USD,1
AUT,AUSTRIA,Fundings of start-ups,By technology,Electric mobility,all,2020,91022,USD,1
AUT,AUSTRIA,Fundings of start-ups,By technology,Electric mobility,all,2021,95695.64844,USD,1
AUT,AUSTRIA,Fundings of start-ups,By technology,Energy efficiency,all,2012,39339.64844,USD,0.5
AUT,AUSTRIA,Fundings of start-ups,By technology,Energy efficiency,all,2013,478651.6875,USD,1
AUT,AUSTRIA,Fundings of start-ups,By technology,Energy efficiency,all,2014,6287224.5,USD,3
AUT,AUSTRIA,Fundings of start-ups,By technology,Energy efficiency,all,2015,1176795.625,USD,1
AUT,AUSTRIA,Fundings of start-ups,By technology,Energy efficiency,all,2016,6221113,USD,5.5
AUT,AUSTRIA,Fundings of start-ups,By technology,Energy efficiency,all,2017,9884157,USD,2.5
AUT,AUSTRIA,Fundings of start-ups,By technology,Energy efficiency,all,2018,953690.875,USD,1
AUT,AUSTRIA,Fundings of start-ups,By technology,Energy efficiency,all,2019,2876865.5,USD,2.5
AUT,AUSTRIA,Fundings of start-ups,By technology,Energy efficiency,all,2020,12909091,USD,1
AUT,AUSTRIA,Fundings of start-ups,By technology,Energy efficiency,all,2021,65366912,USD,3
AUT,AUSTRIA,Fundings of start-ups,By technology,Energy efficiency,all,2022,2367398,USD,1
AUT,AUSTRIA,Fundings of start-ups,By technology,Energy storage and batteries,all,2018,326825.1875,USD,0.25
AUT,AUSTRIA,Fundings of start-ups,By technology,Energy storage and batteries,all,2019,987151.1875,USD,0.25
AUT,AUSTRIA,Fundings of start-ups,By technology,Energy storage and batteries,all,2021,5598133,USD,0.5
AUT,AUSTRIA,Fundings of start-ups,By technology,Grid,all,2021,2188700,USD,0.25
AUT,AUSTRIA,Fundings of start-ups,By technology,Other energy,all,2012,39339.64844,USD,0.5
AUT,AUSTRIA,Fundings of start-ups,By technology,Other energy,all,2014,238496.4531,USD,0.5
AUT,AUSTRIA,Fundings of start-ups,By technology,Other energy,all,2016,9904.5,USD,0.5
AUT,AUSTRIA,Fundings of start-ups,By technology,Other energy,all,2017,63288.75781,USD,0.5
AUT,AUSTRIA,Fundings of start-ups,By technology,Other energy,all,2018,326825.1875,USD,0.25
AUT,AUSTRIA,Fundings of start-ups,By technology,Other energy,all,2019,1289694.375,USD,0.75
AUT,AUSTRIA,Fundings of start-ups,By technology,Other energy,all,2021,5629357,USD,1
AUT,AUSTRIA,Fundings of start-ups,By technology,Other renewables,all,2009,1838161.375,USD,0.5
AUT,AUSTRIA,Fundings of start-ups,By technology,Other renewables,all,2011,641241.4375,USD,0.5
AUT,AUSTRIA,Fundings of start-ups,By technology,Other renewables,all,2013,7189127,USD,1
AUT,AUSTRIA,Fundings of start-ups,By technology,Other renewables,all,2014,1122345.25,USD,1
AUT,AUSTRIA,Fundings of start-ups,By technology,Other renewables,all,2015,878481.4375,USD,0.5
AUT,AUSTRIA,Fundings of start-ups,By technology,Other renewables,all,2016,347158.1563,USD,0.5
AUT,AUSTRIA,Fundings of start-ups,By technology,Other renewables,all,2018,653650.375,USD,0.5
AUT,AUSTRIA,Fundings of start-ups,By technology,Other renewables,all,2019,1974302.375,USD,0.5
AUT,AUSTRIA,Fundings of start-ups,By technology,Other renewables,all,2021,9038790,USD,1.25
AUT,AUSTRIA,Fundings of start-ups,By technology,Solar,all,2009,1838161.375,USD,0.5
AUT,AUSTRIA,Fundings of start-ups,By technology,Solar,all,2011,641241.4375,USD,0.5
AUT,AUSTRIA,Fundings of start-ups,By technology,Solar,all,2013,7189127,USD,1
AUT,AUSTRIA,Fundings of start-ups,By technology,Solar,all,2014,533947.4375,USD,0.5
AUT,AUSTRIA,Fundings of start-ups,By technology,Solar,all,2015,878481.4375,USD,0.5
AUT,AUSTRIA,Fundings of start-ups,By technology,Solar,all,2016,347158.1563,USD,0.5
AUT,AUSTRIA,Fundings of start-ups,By technology,Clean energy,Early stage,2009,3676322.75,USD,1
AUT,AUSTRIA,Fundings of start-ups,By technology,Clean energy,Early stage,2012,78679.29688,USD,1
AUT,AUSTRIA,Fundings of start-ups,By technology,Clean energy,Early stage,2013,13458174,USD,2
AUT,AUSTRIA,Fundings of start-ups,By technology,Clean energy,Early stage,2014,2242186.25,USD,3
AUT,AUSTRIA,Fundings of start-ups,By technology,Clean energy,Early stage,2015,1176795.625,USD,1
AUT,AUSTRIA,Fundings of start-ups,By technology,Clean energy,Early stage,2016,2600702.25,USD,3
AUT,AUSTRIA,Fundings of start-ups,By technology,Clean energy,Early stage,2017,126577.5156,USD,1
AUT,AUSTRIA,Fundings of start-ups,By technology,Clean energy,Early stage,2018,1558208.125,USD,2
AUT,AUSTRIA,Fundings of start-ups,By technology,Clean energy,Early stage,2019,7039044.5,USD,3
AUT,AUSTRIA,Fundings of start-ups,By technology,Clean energy,Early stage,2020,13000113,USD,2
AUT,AUSTRIA,Fundings of start-ups,By technology,Clean energy,Early stage,2021,43130388,USD,5
AUT,AUSTRIA,Probability to receive funding,By technology,Clean energy,Early stage,2021,30.76922989,Percentage,39
AUT,AUSTRIA,Fundings of start-ups,By technology,Clean energy,Early stage,2022,2.322540522,Years,40
AUT,AUSTRIA,Probability to receive funding,By technology,Electric mobility,Early stage,2015,100,Percentage,1
AUT,AUSTRIA,Probability to receive funding,By technology,Electric mobility,Early stage,2016,50,Percentage,2
AUT,AUSTRIA,Probability to receive funding,By technology,Electric mobility,Early stage,2017,50,Percentage,2
AUT,AUSTRIA,Probability to receive funding,By technology,Electric mobility,Early stage,2018,50,Percentage,2
AUT,AUSTRIA,Probability to receive funding,By technology,Electric mobility,Early stage,2019,50,Percentage,2
AUT,AUSTRIA,Probability to receive funding,By technology,Electric mobility,Early stage,2020,50,Percentage,2
AUT,AUSTRIA,Probability to receive funding,By technology,Electric mobility,Early stage,2021,50,Percentage,2
AUT,AUSTRIA,Probability to receive funding,By technology,Energy efficiency,Early stage,2015,42.78075027,Percentage,18.70000076
AUT,AUSTRIA,Probability to receive funding,By technology,Energy efficiency,Early stage,2016,44.98714828,Percentage,19.45000076
AUT,AUSTRIA,Probability to receive funding,By technology,Energy efficiency,Early stage,2017,43.85964966,Percentage,19.95000076
AUT,AUSTRIA,Probability to receive funding,By technology,Energy efficiency,Early stage,2018,41.76610947,Percentage,20.95000076
AUT,AUSTRIA,Probability to receive funding,By technology,Energy efficiency,Early stage,2019,39.44562912,Percentage,23.45000076
AUT,AUSTRIA,Probability to receive funding,By technology,Energy efficiency,Early stage,2020,42.53308105,Percentage,26.45000076
AUT,AUSTRIA,Probability to receive funding,By technology,Energy efficiency,Early stage,2021,42.53308105,Percentage,26.45000076
AUT,AUSTRIA,Fundings of start-ups,By technology,Energy efficiency,Early stage,2022,2.612054825,Years,26.45000076
AUT,AUSTRIA,Probability to receive funding,By technology,Energy storage and batteries,Early stage,2018,100,Percentage,0.25
AUT,AUSTRIA,Probability to receive funding,By technology,Energy storage and batteries,Early stage,2019,100,Percentage,0.25
AUT,AUSTRIA,Probability to receive funding,By technology,Energy storage and batteries,Early stage,2020,100,Percentage,0.5
AUT,AUSTRIA,Probability to receive funding,By technology,Energy storage and batteries,Early stage,2021,100,Percentage,0.5
AUT,AUSTRIA,Probability to receive funding,By technology,Fossil fuels,Early stage,2015,0,Percentage,2.5
AUT,AUSTRIA,Probability to receive funding,By technology,Fossil fuels,Early stage,2016,0,Percentage,2.5
AUT,AUSTRIA,Probability to receive funding,By technology,Fossil fuels,Early stage,2017,0,Percentage,2.5
AUT,AUSTRIA,Probability to receive funding,By technology,Fossil fuels,Early stage,2018,0,Percentage,3
AUT,AUSTRIA,Probability to receive funding,By technology,Fossil fuels,Early stage,2019,0,Percentage,3.5
AUT,AUSTRIA,Probability to receive funding,By technology,Fossil fuels,Early stage,2020,0,Percentage,3.5
AUT,AUSTRIA,Probability to receive funding,By technology,Fossil fuels,Early stage,2021,0,Percentage,3.5
AUT,AUSTRIA,Probability to receive funding,By technology,Grid,Early stage,2015,0,Percentage,2
AUT,AUSTRIA,Probability to receive funding,By technology,Grid,Early stage,2016,11.11111069,Percentage,2.25
AUT,AUSTRIA,Probability to receive funding,By technology,Grid,Early stage,2017,7.692307472,Percentage,3.25
AUT,AUSTRIA,Probability to receive funding,By technology,Grid,Early stage,2018,7.692307472,Percentage,3.25
AUT,AUSTRIA,Probability to receive funding,By technology,Grid,Early stage,2019,7.692307472,Percentage,3.25
AUT,AUSTRIA,Probability to receive funding,By technology,Grid,Early stage,2020,14.28571415,Percentage,3.5
AUT,AUSTRIA,Probability to receive funding,By technology,Grid,Early stage,2021,14.28571415,Percentage,3.5
AUT,AUSTRIA,Probability to receive funding,By technology,Hydrogen and fuel cells,Early stage,2015,0,Percentage,0.5
AUT,AUSTRIA,Probability to receive funding,By technology,Hydrogen and fuel cells,Early stage,2016,0,Percentage,0.5
AUT,AUSTRIA,Probability to receive funding,By technology,Hydrogen and fuel cells,Early stage,2017,0,Percentage,0.5
AUT,AUSTRIA,Probability to receive funding,By technology,Hydrogen and fuel cells,Early stage,2018,0,Percentage,0.5
AUT,AUSTRIA,Probability to receive funding,By technology,Hydrogen and fuel cells,Early stage,2019,0,Percentage,0.5
AUT,AUSTRIA,Probability to receive funding,By technology,Hydrogen and fuel cells,Early stage,2020,0,Percentage,0.5
AUT,AUSTRIA,Probability to receive funding,By technology,Hydrogen and fuel cells,Early stage,2021,0,Percentage,0.5
AUT,AUSTRIA,Fundings of start-ups,By technology,Non-clean energy,Early stage,2014,4871932.5,USD,1
AUT,AUSTRIA,Fundings of start-ups,By technology,Non-clean energy,Early stage,2016,3630315.25,USD,3
AUT,AUSTRIA,Fundings of start-ups,By technology,Non-clean energy,Early stage,2017,9820868,USD,2
AUT,AUSTRIA,Fundings of start-ups,By technology,Non-clean energy,Early stage,2018,953690.875,USD,1
AUT,AUSTRIA,Fundings of start-ups,By technology,Non-clean energy,Early stage,2021,20579710,USD,1
AUT,AUSTRIA,Probability to receive funding,By technology,Non-clean energy,Early stage,2021,21.62162209,Percentage,37
AUT,AUSTRIA,Fundings of start-ups,By technology,Non-clean energy,Early stage,2022,2367398,USD,1
AUT,AUSTRIA,Fundings of start-ups,By technology,Non-clean energy,Early stage,2022,2.977739811,Years,37
AUT,AUSTRIA,Probability to receive funding,By technology,Other energy,Early stage,2015,14.59854031,Percentage,13.69999981
AUT,AUSTRIA,Probability to receive funding,By technology,Other energy,Early stage,2016,16.12903214,Percentage,13.94999981
AUT,AUSTRIA,Probability to receive funding,By technology,Other energy,Early stage,2017,14.10658264,Percentage,15.94999981
AUT,AUSTRIA,Probability to receive funding,By technology,Other energy,Early stage,2018,14.97006035,Percentage,16.70000076
AUT,AUSTRIA,Probability to receive funding,By technology,Other energy,Early stage,2019,17.4418602,Percentage,17.20000076
AUT,AUSTRIA,Probability to receive funding,By technology,Other energy,Early stage,2020,18.62464142,Percentage,17.45000076
AUT,AUSTRIA,Probability to receive funding,By technology,Other energy,Early stage,2021,18.62464142,Percentage,17.45000076
AUT,AUSTRIA,Fundings of start-ups,By technology,Other energy,Early stage,2022,2.178082228,Years,17.45000076
AUT,AUSTRIA,Probability to receive funding,By technology,Other renewables,Early stage,2015,20.27026939,Percentage,7.400000095
AUT,AUSTRIA,Probability to receive funding,By technology,Other renewables,Early stage,2016,22.87581635,Percentage,7.650000095
AUT,AUSTRIA,Probability to receive funding,By technology,Other renewables,Early stage,2017,21.47239304,Percentage,8.149999619
AUT,AUSTRIA,Probability to receive funding,By technology,Other renewables,Early stage,2018,26.01156044,Percentage,8.649999619
AUT,AUSTRIA,Probability to receive funding,By technology,Other renewables,Early stage,2019,22.1674881,Percentage,10.14999962
AUT,AUSTRIA,Probability to receive funding,By technology,Other renewables,Early stage,2020,24.03846169,Percentage,10.39999962
AUT,AUSTRIA,Probability to receive funding,By technology,Other renewables,Early stage,2021,24.03846169,Percentage,10.39999962
AUT,AUSTRIA,Probability to receive funding,By technology,Solar,Early stage,2015,9.615385056,Percentage,5.199999809
AUT,AUSTRIA,Probability to receive funding,By technology,Solar,Early stage,2016,17.54385948,Percentage,5.699999809
AUT,AUSTRIA,Probability to receive funding,By technology,Solar,Early stage,2017,17.54385948,Percentage,5.699999809
AUT,AUSTRIA,Probability to receive funding,By technology,Solar,Early stage,2018,17.54385948,Percentage,5.699999809
AUT,AUSTRIA,Probability to receive funding,By technology,Solar,Early stage,2019,17.54385948,Percentage,5.699999809
AUT,AUSTRIA,Probability to receive funding,By technology,Solar,Early stage,2020,17.54385948,Percentage,5.699999809
AUT,AUSTRIA,Probability to receive funding,By technology,Solar,Early stage,2021,17.54385948,Percentage,5.699999809
AUT,AUSTRIA,Fundings of start-ups,By technology,Clean energy,Later stage,2011,1282482.875,USD,1
AUT,AUSTRIA,Fundings of start-ups,By technology,Clean energy,Later stage,2013,1398731.5,USD,1
AUT,AUSTRIA,Fundings of start-ups,By technology,Clean energy,Later stage,2014,1067894.875,USD,1
AUT,AUSTRIA,Fundings of start-ups,By technology,Clean energy,Later stage,2015,1756962.875,USD,1
AUT,AUSTRIA,Fundings of start-ups,By technology,Clean energy,Later stage,2016,694316.3125,USD,1
AUT,AUSTRIA,Probability to receive funding,By technology,Clean energy,Later stage,2021,7.692307472,Percentage,39
AUT,AUSTRIA,Fundings of start-ups,By technology,Clean energy,Later stage,2022,4.445662022,Years,40
AUT,AUSTRIA,Probability to receive funding,By technology,Electric mobility,Later stage,2015,0,Percentage,1
AUT,AUSTRIA,Probability to receive funding,By technology,Electric mobility,Later stage,2016,0,Percentage,2
AUT,AUSTRIA,Probability to receive funding,By technology,Electric mobility,Later stage,2017,0,Percentage,2
AUT,AUSTRIA,Probability to receive funding,By technology,Electric mobility,Later stage,2018,0,Percentage,2
AUT,AUSTRIA,Probability to receive funding,By technology,Electric mobility,Later stage,2019,0,Percentage,2
AUT,AUSTRIA,Probability to receive funding,By technology,Electric mobility,Later stage,2020,0,Percentage,2
AUT,AUSTRIA,Probability to receive funding,By technology,Electric mobility,Later stage,2021,0,Percentage,2
AUT,AUSTRIA,Probability to receive funding,By technology,Energy efficiency,Later stage,2015,5.347593784,Percentage,18.70000076
AUT,AUSTRIA,Probability to receive funding,By technology,Energy efficiency,Later stage,2016,5.141387939,Percentage,19.45000076
AUT,AUSTRIA,Probability to receive funding,By technology,Energy efficiency,Later stage,2017,5.012531281,Percentage,19.95000076
AUT,AUSTRIA,Probability to receive funding,By technology,Energy efficiency,Later stage,2018,4.773269653,Percentage,20.95000076
AUT,AUSTRIA,Probability to receive funding,By technology,Energy efficiency,Later stage,2019,8.528784752,Percentage,23.45000076
AUT,AUSTRIA,Probability to receive funding,By technology,Energy efficiency,Later stage,2020,7.561436653,Percentage,26.45000076
AUT,AUSTRIA,Probability to receive funding,By technology,Energy efficiency,Later stage,2021,7.561436653,Percentage,26.45000076
AUT,AUSTRIA,Fundings of start-ups,By technology,Energy efficiency,Later stage,2022,4.826027393,Years,26.45000076
AUT,AUSTRIA,Probability to receive funding,By technology,Energy storage and batteries,Later stage,2018,0,Percentage,0.25
AUT,AUSTRIA,Probability to receive funding,By technology,Energy storage and batteries,Later stage,2019,0,Percentage,0.25
AUT,AUSTRIA,Probability to receive funding,By technology,Energy storage and batteries,Later stage,2020,0,Percentage,0.5
AUT,AUSTRIA,Probability to receive funding,By technology,Energy storage and batteries,Later stage,2021,0,Percentage,0.5
AUT,AUSTRIA,Probability to receive funding,By technology,Fossil fuels,Later stage,2015,0,Percentage,2.5
AUT,AUSTRIA,Probability to receive funding,By technology,Fossil fuels,Later stage,2016,0,Percentage,2.5
AUT,AUSTRIA,Probability to receive funding,By technology,Fossil fuels,Later stage,2017,0,Percentage,2.5
AUT,AUSTRIA,Probability to receive funding,By technology,Fossil fuels,Later stage,2018,0,Percentage,3
AUT,AUSTRIA,Probability to receive funding,By technology,Fossil fuels,Later stage,2019,0,Percentage,3.5
AUT,AUSTRIA,Probability to receive funding,By technology,Fossil fuels,Later stage,2020,0,Percentage,3.5
AUT,AUSTRIA,Probability to receive funding,By technology,Fossil fuels,Later stage,2021,0,Percentage,3.5
AUT,AUSTRIA,Probability to receive funding,By technology,Grid,Later stage,2015,0,Percentage,2
AUT,AUSTRIA,Probability to receive funding,By technology,Grid,Later stage,2016,0,Percentage,2.25
AUT,AUSTRIA,Probability to receive funding,By technology,Grid,Later stage,2017,0,Percentage,3.25
AUT,AUSTRIA,Probability to receive funding,By technology,Grid,Later stage,2018,0,Percentage,3.25
AUT,AUSTRIA,Probability to receive funding,By technology,Grid,Later stage,2019,0,Percentage,3.25
AUT,AUSTRIA,Probability to receive funding,By technology,Grid,Later stage,2020,0,Percentage,3.5
AUT,AUSTRIA,Probability to receive funding,By technology,Grid,Later stage,2021,0,Percentage,3.5
AUT,AUSTRIA,Probability to receive funding,By technology,Hydrogen and fuel cells,Later stage,2015,0,Percentage,0.5
AUT,AUSTRIA,Probability to receive funding,By technology,Hydrogen and fuel cells,Later stage,2016,0,Percentage,0.5
AUT,AUSTRIA,Probability to receive funding,By technology,Hydrogen and fuel cells,Later stage,2017,0,Percentage,0.5
AUT,AUSTRIA,Probability to receive funding,By technology,Hydrogen and fuel cells,Later stage,2018,0,Percentage,0.5
AUT,AUSTRIA,Probability to receive funding,By technology,Hydrogen and fuel cells,Later stage,2019,0,Percentage,0.5
AUT,AUSTRIA,Probability to receive funding,By technology,Hydrogen and fuel cells,Later stage,2020,0,Percentage,0.5
AUT,AUSTRIA,Probability to receive funding,By technology,Hydrogen and fuel cells,Later stage,2021,0,Percentage,0.5
AUT,AUSTRIA,Fundings of start-ups,By technology,Non-clean energy,Later stage,2021,24207494,USD,1
AUT,AUSTRIA,Probability to receive funding,By technology,Non-clean energy,Later stage,2021,2.702702761,Percentage,37
AUT,AUSTRIA,Fundings of start-ups,By technology,Non-clean energy,Later stage,2022,6.808218956,Years,37
AUT,AUSTRIA,Probability to receive funding,By technology,Other energy,Later stage,2015,2.433089972,Percentage,13.69999981
AUT,AUSTRIA,Probability to receive funding,By technology,Other energy,Later stage,2016,2.389486313,Percentage,13.94999981
AUT,AUSTRIA,Probability to receive funding,By technology,Other energy,Later stage,2017,2.089864254,Percentage,15.94999981
AUT,AUSTRIA,Probability to receive funding,By technology,Other energy,Later stage,2018,1.996008039,Percentage,16.70000076
AUT,AUSTRIA,Probability to receive funding,By technology,Other energy,Later stage,2019,1.937984467,Percentage,17.20000076
AUT,AUSTRIA,Probability to receive funding,By technology,Other energy,Later stage,2020,1.910219669,Percentage,17.45000076
AUT,AUSTRIA,Probability to receive funding,By technology,Other energy,Later stage,2021,1.910219669,Percentage,17.45000076
AUT,AUSTRIA,Fundings of start-ups,By technology,Other energy,Later stage,2022,6.980822086,Years,17.45000076
AUT,AUSTRIA,Probability to receive funding,By technology,Other renewables,Later stage,2015,11.26126099,Percentage,7.400000095
AUT,AUSTRIA,Probability to receive funding,By technology,Other renewables,Later stage,2016,10.89324665,Percentage,7.650000095
AUT,AUSTRIA,Probability to receive funding,By technology,Other renewables,Later stage,2017,10.22494888,Percentage,8.149999619
AUT,AUSTRIA,Probability to receive funding,By technology,Other renewables,Later stage,2018,9.633911133,Percentage,8.649999619
AUT,AUSTRIA,Probability to receive funding,By technology,Other renewables,Later stage,2019,8.210180283,Percentage,10.14999962
AUT,AUSTRIA,Probability to receive funding,By technology,Other renewables,Later stage,2020,8.012820244,Percentage,10.39999962
AUT,AUSTRIA,Probability to receive funding,By technology,Other renewables,Later stage,2021,8.012820244,Percentage,10.39999962
AUT,AUSTRIA,Probability to receive funding,By technology,Solar,Later stage,2015,16.02564049,Percentage,5.199999809
AUT,AUSTRIA,Probability to receive funding,By technology,Solar,Later stage,2016,14.61988258,Percentage,5.699999809
AUT,AUSTRIA,Probability to receive funding,By technology,Solar,Later stage,2017,14.61988258,Percentage,5.699999809
AUT,AUSTRIA,Probability to receive funding,By technology,Solar,Later stage,2018,14.61988258,Percentage,5.699999809
AUT,AUSTRIA,Probability to receive funding,By technology,Solar,Later stage,2019,14.61988258,Percentage,5.699999809
AUT,AUSTRIA,Probability to receive funding,By technology,Solar,Later stage,2020,14.61988258,Percentage,5.699999809
AUT,AUSTRIA,Probability to receive funding,By technology,Solar,Later stage,2021,14.61988258,Percentage,5.699999809
AZE,AZERBAIJAN,Probability to receive funding,"By sector (energy, green, digital)",Energy,Early stage,2021,16.66666603,Percentage,6
AZE,AZERBAIJAN,Fundings of start-ups,"By sector (energy, green, digital)",Energy,Early stage,2021,10547.10156,USD,1
AZE,AZERBAIJAN,Fundings of start-ups,"By sector (energy, green, digital)",Energy,Early stage,2022,0.413698643,Years,6
AZE,AZERBAIJAN,Probability to receive funding,"By sector (energy, green, digital)",Energy and digital,Early stage,2021,50,Percentage,2
AZE,AZERBAIJAN,Fundings of start-ups,"By sector (energy, green, digital)",Energy and digital,Early stage,2021,10547.10156,USD,1
AZE,AZERBAIJAN,Fundings of start-ups,"By sector (energy, green, digital)",Energy and digital,Early stage,2022,0.413698643,Years,2
AZE,AZERBAIJAN,Probability to receive funding,"By sector (energy, green, digital)",Energy and non-digital,Early stage,2021,0,Percentage,4
AZE,AZERBAIJAN,Fundings of start-ups,"By sector (energy, green, digital)",Non-energy,Early stage,2000,9245150,USD,1
AZE,AZERBAIJAN,Fundings of start-ups,"By sector (energy, green, digital)",Non-energy,Early stage,2013,372151.6875,USD,4
AZE,AZERBAIJAN,Fundings of start-ups,"By sector (energy, green, digital)",Non-energy,Early stage,2015,58839.77734,USD,3
AZE,AZERBAIJAN,Fundings of start-ups,"By sector (energy, green, digital)",Non-energy,Early stage,2016,77559.78125,USD,3
AZE,AZERBAIJAN,Fundings of start-ups,"By sector (energy, green, digital)",Non-energy,Early stage,2017,178444.1563,USD,2
AZE,AZERBAIJAN,Fundings of start-ups,"By sector (energy, green, digital)",Non-energy,Early stage,2018,407444.5938,USD,4
AZE,AZERBAIJAN,Fundings of start-ups,"By sector (energy, green, digital)",Non-energy,Early stage,2019,1060882.375,USD,2
AZE,AZERBAIJAN,Fundings of start-ups,"By sector (energy, green, digital)",Non-energy,Early stage,2020,75824.77344,USD,1
AZE,AZERBAIJAN,Probability to receive funding,"By sector (energy, green, digital)",Non-energy,Early stage,2021,15.11627865,Percentage,172
AZE,AZERBAIJAN,Fundings of start-ups,"By sector (energy, green, digital)",Non-energy,Early stage,2021,10289855,USD,1
AZE,AZERBAIJAN,Fundings of start-ups,"By sector (energy, green, digital)",Non-energy,Early stage,2022,35000,USD,2
AZE,AZERBAIJAN,Fundings of start-ups,"By sector (energy, green, digital)",Non-energy,Early stage,2022,0.699908674,Years,181
AZE,AZERBAIJAN,Probability to receive funding,"By sector (energy, green, digital)",Energy,Later stage,2021,0,Percentage,6
AZE,AZERBAIJAN,Probability to receive funding,"By sector (energy, green, digital)",Energy and digital,Later stage,2021,0,Percentage,2
AZE,AZERBAIJAN,Probability to receive funding,"By sector (energy, green, digital)",Energy and non-digital,Later stage,2021,0,Percentage,4
AZE,AZERBAIJAN,Fundings of start-ups,"By sector (energy, green, digital)",Non-energy,Later stage,2019,21191.32617,USD,1
AZE,AZERBAIJAN,Probability to receive funding,"By sector (energy, green, digital)",Non-energy,Later stage,2021,1.162790656,Percentage,172
AZE,AZERBAIJAN,Fundings of start-ups,"By sector (energy, green, digital)",Non-energy,Later stage,2022,1.664383531,Years,181
AZE,AZERBAIJAN,Fundings of start-ups,By technology,Energy efficiency,all,2021,10547.10156,USD,1
AZE,AZERBAIJAN,Fundings of start-ups,By technology,Clean energy,Early stage,2021,10547.10156,USD,1
AZE,AZERBAIJAN,Probability to receive funding,By technology,Clean energy,Early stage,2021,25,Percentage,4
AZE,AZERBAIJAN,Fundings of start-ups,By technology,Clean energy,Early stage,2022,0.413698643,Years,4
AZE,AZERBAIJAN,Probability to receive funding,By technology,Energy efficiency,Early stage,2015,0,Percentage,0.333333343
AZE,AZERBAIJAN,Probability to receive funding,By technology,Energy efficiency,Early stage,2016,0,Percentage,0.333333343
AZE,AZERBAIJAN,Probability to receive funding,By technology,Energy efficiency,Early stage,2017,0,Percentage,0.583333313
AZE,AZERBAIJAN,Probability to receive funding,By technology,Energy efficiency,Early stage,2018,0,Percentage,0.583333313
AZE,AZERBAIJAN,Probability to receive funding,By technology,Energy efficiency,Early stage,2019,0,Percentage,0.583333313
AZE,AZERBAIJAN,Probability to receive funding,By technology,Energy efficiency,Early stage,2020,0,Percentage,0.583333313
AZE,AZERBAIJAN,Probability to receive funding,By technology,Energy efficiency,Early stage,2021,63.15789413,Percentage,1.583333373
AZE,AZERBAIJAN,Probability to receive funding,By technology,Energy storage and batteries,Early stage,2015,0,Percentage,0.333333343
AZE,AZERBAIJAN,Probability to receive funding,By technology,Energy storage and batteries,Early stage,2016,0,Percentage,0.333333343
AZE,AZERBAIJAN,Probability to receive funding,By technology,Energy storage and batteries,Early stage,2017,0,Percentage,0.333333343
AZE,AZERBAIJAN,Probability to receive funding,By technology,Energy storage and batteries,Early stage,2018,0,Percentage,0.333333343
AZE,AZERBAIJAN,Probability to receive funding,By technology,Energy storage and batteries,Early stage,2019,0,Percentage,0.333333343
AZE,AZERBAIJAN,Probability to receive funding,By technology,Energy storage and batteries,Early stage,2020,0,Percentage,0.333333343
AZE,AZERBAIJAN,Probability to receive funding,By technology,Energy storage and batteries,Early stage,2021,0,Percentage,0.333333343
AZE,AZERBAIJAN,Probability to receive funding,By technology,Fossil fuels,Early stage,2015,0,Percentage,1.5
AZE,AZERBAIJAN,Probability to receive funding,By technology,Fossil fuels,Early stage,2016,0,Percentage,1.5
AZE,AZERBAIJAN,Probability to receive funding,By technology,Fossil fuels,Early stage,2017,0,Percentage,1.5
AZE,AZERBAIJAN,Probability to receive funding,By technology,Fossil fuels,Early stage,2018,0,Percentage,1.5
AZE,AZERBAIJAN,Probability to receive funding,By technology,Fossil fuels,Early stage,2019,0,Percentage,1.5
AZE,AZERBAIJAN,Probability to receive funding,By technology,Fossil fuels,Early stage,2020,0,Percentage,1.5
AZE,AZERBAIJAN,Probability to receive funding,By technology,Fossil fuels,Early stage,2021,0,Percentage,1.5
AZE,AZERBAIJAN,Probability to receive funding,By technology,Non-clean energy,Early stage,2021,0,Percentage,2
AZE,AZERBAIJAN,Probability to receive funding,By technology,Other energy,Early stage,2015,0,Percentage,0.833333313
AZE,AZERBAIJAN,Probability to receive funding,By technology,Other energy,Early stage,2016,0,Percentage,0.833333313
AZE,AZERBAIJAN,Probability to receive funding,By technology,Other energy,Early stage,2017,0,Percentage,1.083333373
AZE,AZERBAIJAN,Probability to receive funding,By technology,Other energy,Early stage,2018,0,Percentage,1.083333373
AZE,AZERBAIJAN,Probability to receive funding,By technology,Other energy,Early stage,2019,0,Percentage,1.083333373
AZE,AZERBAIJAN,Probability to receive funding,By technology,Other energy,Early stage,2020,0,Percentage,1.083333373
AZE,AZERBAIJAN,Probability to receive funding,By technology,Other energy,Early stage,2021,0,Percentage,1.083333373
AZE,AZERBAIJAN,Probability to receive funding,By technology,Other renewables,Early stage,2017,0,Percentage,0.5
AZE,AZERBAIJAN,Probability to receive funding,By technology,Other renewables,Early stage,2018,0,Percentage,0.5
AZE,AZERBAIJAN,Probability to receive funding,By technology,Other renewables,Early stage,2019,0,Percentage,0.5
AZE,AZERBAIJAN,Probability to receive funding,By technology,Other renewables,Early stage,2020,0,Percentage,0.5
AZE,AZERBAIJAN,Probability to receive funding,By technology,Other renewables,Early stage,2021,0,Percentage,0.5
AZE,AZERBAIJAN,Probability to receive funding,By technology,Clean energy,Later stage,2021,0,Percentage,4
AZE,AZERBAIJAN,Probability to receive funding,By technology,Energy efficiency,Later stage,2015,0,Percentage,0.333333343
AZE,AZERBAIJAN,Probability to receive funding,By technology,Energy efficiency,Later stage,2016,0,Percentage,0.333333343
AZE,AZERBAIJAN,Probability to receive funding,By technology,Energy efficiency,Later stage,2017,0,Percentage,0.583333313
AZE,AZERBAIJAN,Probability to receive funding,By technology,Energy efficiency,Later stage,2018,0,Percentage,0.583333313
AZE,AZERBAIJAN,Probability to receive funding,By technology,Energy efficiency,Later stage,2019,0,Percentage,0.583333313
AZE,AZERBAIJAN,Probability to receive funding,By technology,Energy efficiency,Later stage,2020,0,Percentage,0.583333313
AZE,AZERBAIJAN,Probability to receive funding,By technology,Energy efficiency,Later stage,2021,0,Percentage,1.583333373
AZE,AZERBAIJAN,Probability to receive funding,By technology,Energy storage and batteries,Later stage,2015,0,Percentage,0.333333343
AZE,AZERBAIJAN,Probability to receive funding,By technology,Energy storage and batteries,Later stage,2016,0,Percentage,0.333333343
AZE,AZERBAIJAN,Probability to receive funding,By technology,Energy storage and batteries,Later stage,2017,0,Percentage,0.333333343
AZE,AZERBAIJAN,Probability to receive funding,By technology,Energy storage and batteries,Later stage,2018,0,Percentage,0.333333343
AZE,AZERBAIJAN,Probability to receive funding,By technology,Energy storage and batteries,Later stage,2019,0,Percentage,0.333333343
AZE,AZERBAIJAN,Probability to receive funding,By technology,Energy storage and batteries,Later stage,2020,0,Percentage,0.333333343
AZE,AZERBAIJAN,Probability to receive funding,By technology,Energy storage and batteries,Later stage,2021,0,Percentage,0.333333343
AZE,AZERBAIJAN,Probability to receive funding,By technology,Fossil fuels,Later stage,2015,0,Percentage,1.5
AZE,AZERBAIJAN,Probability to receive funding,By technology,Fossil fuels,Later stage,2016,0,Percentage,1.5
AZE,AZERBAIJAN,Probability to receive funding,By technology,Fossil fuels,Later stage,2017,0,Percentage,1.5
AZE,AZERBAIJAN,Probability to receive funding,By technology,Fossil fuels,Later stage,2018,0,Percentage,1.5
AZE,AZERBAIJAN,Probability to receive funding,By technology,Fossil fuels,Later stage,2019,0,Percentage,1.5
AZE,AZERBAIJAN,Probability to receive funding,By technology,Fossil fuels,Later stage,2020,0,Percentage,1.5
AZE,AZERBAIJAN,Probability to receive funding,By technology,Fossil fuels,Later stage,2021,0,Percentage,1.5
AZE,AZERBAIJAN,Probability to receive funding,By technology,Non-clean energy,Later stage,2021,0,Percentage,2
AZE,AZERBAIJAN,Probability to receive funding,By technology,Other energy,Later stage,2015,0,Percentage,0.833333313
AZE,AZERBAIJAN,Probability to receive funding,By technology,Other energy,Later stage,2016,0,Percentage,0.833333313
AZE,AZERBAIJAN,Probability to receive funding,By technology,Other energy,Later stage,2017,0,Percentage,1.083333373
AZE,AZERBAIJAN,Probability to receive funding,By technology,Other energy,Later stage,2018,0,Percentage,1.083333373
AZE,AZERBAIJAN,Probability to receive funding,By technology,Other energy,Later stage,2019,0,Percentage,1.083333373
AZE,AZERBAIJAN,Probability to receive funding,By technology,Other energy,Later stage,2020,0,Percentage,1.083333373
AZE,AZERBAIJAN,Probability to receive funding,By technology,Other energy,Later stage,2021,0,Percentage,1.083333373
AZE,AZERBAIJAN,Probability to receive funding,By technology,Other renewables,Later stage,2017,0,Percentage,0.5
AZE,AZERBAIJAN,Probability to receive funding,By technology,Other renewables,Later stage,2018,0,Percentage,0.5
AZE,AZERBAIJAN,Probability to receive funding,By technology,Other renewables,Later stage,2019,0,Percentage,0.5
AZE,AZERBAIJAN,Probability to receive funding,By technology,Other renewables,Later stage,2020,0,Percentage,0.5
AZE,AZERBAIJAN,Probability to receive funding,By technology,Other renewables,Later stage,2021,0,Percentage,0.5
BHR,BAHRAIN,Probability to receive funding,"By sector (energy, green, digital)",Energy,Early stage,2021,0,Percentage,3
BHR,BAHRAIN,Probability to receive funding,"By sector (energy, green, digital)",Energy and digital,Early stage,2021,0,Percentage,1
BHR,BAHRAIN,Probability to receive funding,"By sector (energy, green, digital)",Energy and non-digital,Early stage,2021,0,Percentage,2
BHR,BAHRAIN,Fundings of start-ups,"By sector (energy, green, digital)",Non-energy,Early stage,2010,2032587.625,USD,1
BHR,BAHRAIN,Fundings of start-ups,"By sector (energy, green, digital)",Non-energy,Early stage,2012,92319.76563,USD,1
BHR,BAHRAIN,Fundings of start-ups,"By sector (energy, green, digital)",Non-energy,Early stage,2016,86820.64844,USD,1
BHR,BAHRAIN,Fundings of start-ups,"By sector (energy, green, digital)",Non-energy,Early stage,2017,3993750,USD,5
BHR,BAHRAIN,Fundings of start-ups,"By sector (energy, green, digital)",Non-energy,Early stage,2018,1992590.625,USD,5
BHR,BAHRAIN,Fundings of start-ups,"By sector (energy, green, digital)",Non-energy,Early stage,2019,3384360.25,USD,8
BHR,BAHRAIN,Fundings of start-ups,"By sector (energy, green, digital)",Non-energy,Early stage,2020,37740804,USD,12
BHR,BAHRAIN,Fundings of start-ups,"By sector (energy, green, digital)",Non-energy,Early stage,2021,49558000,USD,5
BHR,BAHRAIN,Probability to receive funding,"By sector (energy, green, digital)",Non-energy,Early stage,2021,10.87866116,Percentage,239
BHR,BAHRAIN,Fundings of start-ups,"By sector (energy, green, digital)",Non-energy,Early stage,2022,0.866191804,Years,239
BHR,BAHRAIN,Fundings of start-ups,"By sector (energy, green, digital)",Non-energy,Early stage,2022,110000000,USD,1
BHR,BAHRAIN,Probability to receive funding,"By sector (energy, green, digital)",Energy,Later stage,2021,0,Percentage,3
BHR,BAHRAIN,Probability to receive funding,"By sector (energy, green, digital)",Energy and digital,Later stage,2021,0,Percentage,1
BHR,BAHRAIN,Probability to receive funding,"By sector (energy, green, digital)",Energy and non-digital,Later stage,2021,0,Percentage,2
BHR,BAHRAIN,Fundings of start-ups,"By sector (energy, green, digital)",Non-energy,Later stage,2019,978061.25,USD,1
BHR,BAHRAIN,Probability to receive funding,"By sector (energy, green, digital)",Non-energy,Later stage,2021,0.836820066,Percentage,239
BHR,BAHRAIN,Fundings of start-ups,"By sector (energy, green, digital)",Non-energy,Later stage,2021,77173912,USD,1
BHR,BAHRAIN,Fundings of start-ups,"By sector (energy, green, digital)",Non-energy,Later stage,2022,3.763013601,Years,239
BHR,BAHRAIN,Probability to receive funding,By technology,Clean energy,Early stage,2021,0,Percentage,2
BHR,BAHRAIN,Probability to receive funding,By technology,Electric mobility,Early stage,2020,0,Percentage,0.5
BHR,BAHRAIN,Probability to receive funding,By technology,Electric mobility,Early stage,2021,0,Percentage,0.5
BHR,BAHRAIN,Probability to receive funding,By technology,Energy efficiency,Early stage,2015,0,Percentage,0.333333343
BHR,BAHRAIN,Probability to receive funding,By technology,Energy efficiency,Early stage,2016,0,Percentage,0.333333343
BHR,BAHRAIN,Probability to receive funding,By technology,Energy efficiency,Early stage,2017,0,Percentage,0.333333343
BHR,BAHRAIN,Probability to receive funding,By technology,Energy efficiency,Early stage,2018,0,Percentage,0.333333343
BHR,BAHRAIN,Probability to receive funding,By technology,Energy efficiency,Early stage,2019,0,Percentage,0.333333343
BHR,BAHRAIN,Probability to receive funding,By technology,Energy efficiency,Early stage,2020,0,Percentage,0.333333343
BHR,BAHRAIN,Probability to receive funding,By technology,Energy efficiency,Early stage,2021,0,Percentage,0.333333343
BHR,BAHRAIN,Probability to receive funding,By technology,Grid,Early stage,2015,0,Percentage,0.666666687
BHR,BAHRAIN,Probability to receive funding,By technology,Grid,Early stage,2016,0,Percentage,0.666666687
BHR,BAHRAIN,Probability to receive funding,By technology,Grid,Early stage,2017,0,Percentage,0.666666687
BHR,BAHRAIN,Probability to receive funding,By technology,Grid,Early stage,2018,0,Percentage,0.666666687
BHR,BAHRAIN,Probability to receive funding,By technology,Grid,Early stage,2019,0,Percentage,0.666666687
BHR,BAHRAIN,Probability to receive funding,By technology,Grid,Early stage,2020,0,Percentage,0.666666687
BHR,BAHRAIN,Probability to receive funding,By technology,Grid,Early stage,2021,0,Percentage,0.666666687
BHR,BAHRAIN,Probability to receive funding,By technology,Non-clean energy,Early stage,2021,0,Percentage,1
BHR,BAHRAIN,Probability to receive funding,By technology,Other renewables,Early stage,2020,0,Percentage,0.5
BHR,BAHRAIN,Probability to receive funding,By technology,Other renewables,Early stage,2021,0,Percentage,0.5
BHR,BAHRAIN,Probability to receive funding,By technology,Clean energy,Later stage,2021,0,Percentage,2
BHR,BAHRAIN,Probability to receive funding,By technology,Electric mobility,Later stage,2020,0,Percentage,0.5
BHR,BAHRAIN,Probability to receive funding,By technology,Electric mobility,Later stage,2021,0,Percentage,0.5
BHR,BAHRAIN,Probability to receive funding,By technology,Energy efficiency,Later stage,2015,0,Percentage,0.333333343
BHR,BAHRAIN,Probability to receive funding,By technology,Energy efficiency,Later stage,2016,0,Percentage,0.333333343
BHR,BAHRAIN,Probability to receive funding,By technology,Energy efficiency,Later stage,2017,0,Percentage,0.333333343
BHR,BAHRAIN,Probability to receive funding,By technology,Energy efficiency,Later stage,2018,0,Percentage,0.333333343
BHR,BAHRAIN,Probability to receive funding,By technology,Energy efficiency,Later stage,2019,0,Percentage,0.333333343
BHR,BAHRAIN,Probability to receive funding,By technology,Energy efficiency,Later stage,2020,0,Percentage,0.333333343
BHR,BAHRAIN,Probability to receive funding,By technology,Energy efficiency,Later stage,2021,0,Percentage,0.333333343
BHR,BAHRAIN,Probability to receive funding,By technology,Grid,Later stage,2015,0,Percentage,0.666666687
BHR,BAHRAIN,Probability to receive funding,By technology,Grid,Later stage,2016,0,Percentage,0.666666687
BHR,BAHRAIN,Probability to receive funding,By technology,Grid,Later stage,2017,0,Percentage,0.666666687
BHR,BAHRAIN,Probability to receive funding,By technology,Grid,Later stage,2018,0,Percentage,0.666666687
BHR,BAHRAIN,Probability to receive funding,By technology,Grid,Later stage,2019,0,Percentage,0.666666687
BHR,BAHRAIN,Probability to receive funding,By technology,Grid,Later stage,2020,0,Percentage,0.666666687
BHR,BAHRAIN,Probability to receive funding,By technology,Grid,Later stage,2021,0,Percentage,0.666666687
BHR,BAHRAIN,Probability to receive funding,By technology,Non-clean energy,Later stage,2021,0,Percentage,1
BHR,BAHRAIN,Probability to receive funding,By technology,Other renewables,Later stage,2020,0,Percentage,0.5
BHR,BAHRAIN,Probability to receive funding,By technology,Other renewables,Later stage,2021,0,Percentage,0.5
BGD,BANGLADESH,Fundings of start-ups,"By sector (energy, green, digital)",Energy,Early stage,2018,1880390.625,USD,2
BGD,BANGLADESH,Fundings of start-ups,"By sector (energy, green, digital)",Energy,Early stage,2020,64545.45313,USD,1
BGD,BANGLADESH,Fundings of start-ups,"By sector (energy, green, digital)",Energy,Early stage,2021,128623.1875,USD,1
BGD,BANGLADESH,Probability to receive funding,"By sector (energy, green, digital)",Energy,Early stage,2021,14.28571415,Percentage,21
BGD,BANGLADESH,Fundings of start-ups,"By sector (energy, green, digital)",Energy,Early stage,2022,2.243835688,Years,22
BGD,BANGLADESH,Fundings of start-ups,"By sector (energy, green, digital)",Energy,Early stage,2022,250000,USD,1
BGD,BANGLADESH,Fundings of start-ups,"By sector (energy, green, digital)",Energy and digital,Early stage,2018,1880390.625,USD,2
BGD,BANGLADESH,Fundings of start-ups,"By sector (energy, green, digital)",Energy and digital,Early stage,2020,64545.45313,USD,1
BGD,BANGLADESH,Fundings of start-ups,"By sector (energy, green, digital)",Energy and digital,Early stage,2021,128623.1875,USD,1
BGD,BANGLADESH,Probability to receive funding,"By sector (energy, green, digital)",Energy and digital,Early stage,2021,22.22222137,Percentage,9
BGD,BANGLADESH,Fundings of start-ups,"By sector (energy, green, digital)",Energy and digital,Early stage,2022,250000,USD,1
BGD,BANGLADESH,Fundings of start-ups,"By sector (energy, green, digital)",Energy and digital,Early stage,2022,2.535616398,Years,9
BGD,BANGLADESH,Probability to receive funding,"By sector (energy, green, digital)",Energy and non-digital,Early stage,2021,8.333333015,Percentage,12
BGD,BANGLADESH,Fundings of start-ups,"By sector (energy, green, digital)",Energy and non-digital,Early stage,2022,1.660274029,Years,13
BGD,BANGLADESH,Fundings of start-ups,"By sector (energy, green, digital)",Non-energy,Early stage,2011,206056.4531,USD,3
BGD,BANGLADESH,Fundings of start-ups,"By sector (energy, green, digital)",Non-energy,Early stage,2012,18556.41406,USD,3
BGD,BANGLADESH,Fundings of start-ups,"By sector (energy, green, digital)",Non-energy,Early stage,2013,1486931.5,USD,5
BGD,BANGLADESH,Fundings of start-ups,"By sector (energy, green, digital)",Non-energy,Early stage,2014,211823.2031,USD,3
BGD,BANGLADESH,Fundings of start-ups,"By sector (energy, green, digital)",Non-energy,Early stage,2015,14040701,USD,5
BGD,BANGLADESH,Fundings of start-ups,"By sector (energy, green, digital)",Non-energy,Early stage,2016,3218589.75,USD,8
BGD,BANGLADESH,Fundings of start-ups,"By sector (energy, green, digital)",Non-energy,Early stage,2017,7300864,USD,10
BGD,BANGLADESH,Fundings of start-ups,"By sector (energy, green, digital)",Non-energy,Early stage,2018,31998974,USD,15
BGD,BANGLADESH,Fundings of start-ups,"By sector (energy, green, digital)",Non-energy,Early stage,2019,13141614,USD,19
BGD,BANGLADESH,Fundings of start-ups,"By sector (energy, green, digital)",Non-energy,Early stage,2020,38098360,USD,17
BGD,BANGLADESH,Fundings of start-ups,"By sector (energy, green, digital)",Non-energy,Early stage,2021,142756304,USD,16
BGD,BANGLADESH,Probability to receive funding,"By sector (energy, green, digital)",Non-energy,Early stage,2021,6.176016331,Percentage,1943
BGD,BANGLADESH,Fundings of start-ups,"By sector (energy, green, digital)",Non-energy,Early stage,2022,1.689689994,Years,1991
BGD,BANGLADESH,Fundings of start-ups,"By sector (energy, green, digital)",Non-energy,Early stage,2022,80940000,USD,9
BGD,BANGLADESH,Fundings of start-ups,"By sector (energy, green, digital)",Energy,Later stage,2020,1183333.375,USD,1
BGD,BANGLADESH,Probability to receive funding,"By sector (energy, green, digital)",Energy,Later stage,2021,4.761904716,Percentage,21
BGD,BANGLADESH,Fundings of start-ups,"By sector (energy, green, digital)",Energy,Later stage,2022,5.512328625,Years,22
BGD,BANGLADESH,Fundings of start-ups,"By sector (energy, green, digital)",Energy and digital,Later stage,2020,1183333.375,USD,1
BGD,BANGLADESH,Probability to receive funding,"By sector (energy, green, digital)",Energy and digital,Later stage,2021,11.11111069,Percentage,9
BGD,BANGLADESH,Fundings of start-ups,"By sector (energy, green, digital)",Energy and digital,Later stage,2022,5.512328625,Years,9
BGD,BANGLADESH,Probability to receive funding,"By sector (energy, green, digital)",Energy and non-digital,Later stage,2021,0,Percentage,12
BGD,BANGLADESH,Fundings of start-ups,"By sector (energy, green, digital)",Non-energy,Later stage,2018,11093750,USD,1
BGD,BANGLADESH,Probability to receive funding,"By sector (energy, green, digital)",Non-energy,Later stage,2021,0.411734432,Percentage,1943
BGD,BANGLADESH,Fundings of start-ups,"By sector (energy, green, digital)",Non-energy,Later stage,2021,10289855,USD,1
BGD,BANGLADESH,Fundings of start-ups,"By sector (energy, green, digital)",Non-energy,Later stage,2022,4.911415577,Years,1991
BGD,BANGLADESH,Fundings of start-ups,"By sector (energy, green, digital)",Non-energy,Later stage,2022,3528188,USD,2
BGD,BANGLADESH,Fundings of start-ups,By technology,Energy efficiency,all,2018,38828.125,USD,1
BGD,BANGLADESH,Fundings of start-ups,By technology,Energy efficiency,all,2020,64545.45313,USD,1
BGD,BANGLADESH,Fundings of start-ups,By technology,Energy efficiency,all,2021,128623.1875,USD,1
BGD,BANGLADESH,Fundings of start-ups,By technology,Energy efficiency,all,2022,250000,USD,1
BGD,BANGLADESH,Fundings of start-ups,By technology,Other energy,all,2018,613854.1875,USD,0.333333343
BGD,BANGLADESH,Fundings of start-ups,By technology,Other energy,all,2020,394444.4375,USD,0.333333343
BGD,BANGLADESH,Fundings of start-ups,By technology,Other renewables,all,2018,613854.1875,USD,0.333333343
BGD,BANGLADESH,Fundings of start-ups,By technology,Other renewables,all,2020,394444.4375,USD,0.333333343
BGD,BANGLADESH,Fundings of start-ups,By technology,Solar,all,2018,613854.1875,USD,0.333333343
BGD,BANGLADESH,Fundings of start-ups,By technology,Solar,all,2020,394444.4375,USD,0.333333343
BGD,BANGLADESH,Fundings of start-ups,By technology,Clean energy,Early stage,2018,1841562.5,USD,1
BGD,BANGLADESH,Probability to receive funding,By technology,Clean energy,Early stage,2021,14.28571415,Percentage,7
BGD,BANGLADESH,Fundings of start-ups,By technology,Clean energy,Early stage,2022,3.742465734,Years,8
BGD,BANGLADESH,Probability to receive funding,By technology,Energy efficiency,Early stage,2015,0,Percentage,0.333333343
BGD,BANGLADESH,Probability to receive funding,By technology,Energy efficiency,Early stage,2016,0,Percentage,0.333333343
BGD,BANGLADESH,Probability to receive funding,By technology,Energy efficiency,Early stage,2017,42.8571434,Percentage,2.333333254
BGD,BANGLADESH,Probability to receive funding,By technology,Energy efficiency,Early stage,2018,42.8571434,Percentage,2.333333254
BGD,BANGLADESH,Probability to receive funding,By technology,Energy efficiency,Early stage,2019,42.8571434,Percentage,2.333333254
BGD,BANGLADESH,Probability to receive funding,By technology,Energy efficiency,Early stage,2020,42.8571434,Percentage,2.333333254
BGD,BANGLADESH,Probability to receive funding,By technology,Energy efficiency,Early stage,2021,30,Percentage,3.333333254
BGD,BANGLADESH,Probability to receive funding,By technology,Fossil fuels,Early stage,2015,0,Percentage,1
BGD,BANGLADESH,Probability to receive funding,By technology,Fossil fuels,Early stage,2016,0,Percentage,1
BGD,BANGLADESH,Probability to receive funding,By technology,Fossil fuels,Early stage,2017,0,Percentage,1
BGD,BANGLADESH,Probability to receive funding,By technology,Fossil fuels,Early stage,2018,0,Percentage,1
BGD,BANGLADESH,Probability to receive funding,By technology,Fossil fuels,Early stage,2019,0,Percentage,1
BGD,BANGLADESH,Probability to receive funding,By technology,Fossil fuels,Early stage,2020,40,Percentage,1.666666627
BGD,BANGLADESH,Probability to receive funding,By technology,Fossil fuels,Early stage,2021,25,Percentage,2.666666746
BGD,BANGLADESH,Probability to receive funding,By technology,Grid,Early stage,2015,0,Percentage,4
BGD,BANGLADESH,Probability to receive funding,By technology,Grid,Early stage,2016,0,Percentage,4
BGD,BANGLADESH,Probability to receive funding,By technology,Grid,Early stage,2017,0,Percentage,4
BGD,BANGLADESH,Probability to receive funding,By technology,Grid,Early stage,2018,0,Percentage,4
BGD,BANGLADESH,Probability to receive funding,By technology,Grid,Early stage,2019,0,Percentage,4
BGD,BANGLADESH,Probability to receive funding,By technology,Grid,Early stage,2020,0,Percentage,4
BGD,BANGLADESH,Probability to receive funding,By technology,Grid,Early stage,2021,0,Percentage,4
BGD,BANGLADESH,Fundings of start-ups,By technology,Non-clean energy,Early stage,2018,38828.125,USD,1
BGD,BANGLADESH,Fundings of start-ups,By technology,Non-clean energy,Early stage,2020,64545.45313,USD,1
BGD,BANGLADESH,Fundings of start-ups,By technology,Non-clean energy,Early stage,2021,128623.1875,USD,1
BGD,BANGLADESH,Probability to receive funding,By technology,Non-clean energy,Early stage,2021,14.28571415,Percentage,14
BGD,BANGLADESH,Fundings of start-ups,By technology,Non-clean energy,Early stage,2022,1.494520545,Years,14
BGD,BANGLADESH,Fundings of start-ups,By technology,Non-clean energy,Early stage,2022,250000,USD,1
BGD,BANGLADESH,Probability to receive funding,By technology,Other energy,Early stage,2015,5.797101498,Percentage,5.75
BGD,BANGLADESH,Probability to receive funding,By technology,Other energy,Early stage,2016,5.333333492,Percentage,6.25
BGD,BANGLADESH,Probability to receive funding,By technology,Other energy,Early stage,2017,5.333333492,Percentage,6.25
BGD,BANGLADESH,Probability to receive funding,By technology,Other energy,Early stage,2018,5.333333492,Percentage,6.25
BGD,BANGLADESH,Probability to receive funding,By technology,Other energy,Early stage,2019,5.333333492,Percentage,6.25
BGD,BANGLADESH,Probability to receive funding,By technology,Other energy,Early stage,2020,10.12658215,Percentage,6.583333492
BGD,BANGLADESH,Probability to receive funding,By technology,Other energy,Early stage,2021,10.12658215,Percentage,6.583333492
BGD,BANGLADESH,Fundings of start-ups,By technology,Other energy,Early stage,2022,2.701369762,Years,6.583333492
BGD,BANGLADESH,Probability to receive funding,By technology,Other renewables,Early stage,2015,21.05263138,Percentage,1.583333373
BGD,BANGLADESH,Probability to receive funding,By technology,Other renewables,Early stage,2016,16,Percentage,2.083333254
BGD,BANGLADESH,Probability to receive funding,By technology,Other renewables,Early stage,2017,16,Percentage,2.083333254
BGD,BANGLADESH,Probability to receive funding,By technology,Other renewables,Early stage,2018,16,Percentage,2.083333254
BGD,BANGLADESH,Probability to receive funding,By technology,Other renewables,Early stage,2019,10.81081104,Percentage,3.083333254
BGD,BANGLADESH,Probability to receive funding,By technology,Other renewables,Early stage,2020,10.81081104,Percentage,3.083333254
BGD,BANGLADESH,Probability to receive funding,By technology,Other renewables,Early stage,2021,10.81081104,Percentage,3.083333254
BGD,BANGLADESH,Fundings of start-ups,By technology,Other renewables,Early stage,2022,3.742465734,Years,3.083333254
BGD,BANGLADESH,Probability to receive funding,By technology,Solar,Early stage,2015,25,Percentage,1.333333373
BGD,BANGLADESH,Probability to receive funding,By technology,Solar,Early stage,2016,25,Percentage,1.333333373
BGD,BANGLADESH,Probability to receive funding,By technology,Solar,Early stage,2017,25,Percentage,1.333333373
BGD,BANGLADESH,Probability to receive funding,By technology,Solar,Early stage,2018,25,Percentage,1.333333373
BGD,BANGLADESH,Probability to receive funding,By technology,Solar,Early stage,2019,25,Percentage,1.333333373
BGD,BANGLADESH,Probability to receive funding,By technology,Solar,Early stage,2020,25,Percentage,1.333333373
BGD,BANGLADESH,Probability to receive funding,By technology,Solar,Early stage,2021,25,Percentage,1.333333373
BGD,BANGLADESH,Fundings of start-ups,By technology,Clean energy,Later stage,2020,1183333.375,USD,1
BGD,BANGLADESH,Probability to receive funding,By technology,Clean energy,Later stage,2021,14.28571415,Percentage,7
BGD,BANGLADESH,Fundings of start-ups,By technology,Clean energy,Later stage,2022,5.512328625,Years,8
BGD,BANGLADESH,Probability to receive funding,By technology,Energy efficiency,Later stage,2015,0,Percentage,0.333333343
BGD,BANGLADESH,Probability to receive funding,By technology,Energy efficiency,Later stage,2016,0,Percentage,0.333333343
BGD,BANGLADESH,Probability to receive funding,By technology,Energy efficiency,Later stage,2017,0,Percentage,2.333333254
BGD,BANGLADESH,Probability to receive funding,By technology,Energy efficiency,Later stage,2018,0,Percentage,2.333333254
BGD,BANGLADESH,Probability to receive funding,By technology,Energy efficiency,Later stage,2019,0,Percentage,2.333333254
BGD,BANGLADESH,Probability to receive funding,By technology,Energy efficiency,Later stage,2020,0,Percentage,2.333333254
BGD,BANGLADESH,Probability to receive funding,By technology,Energy efficiency,Later stage,2021,0,Percentage,3.333333254
BGD,BANGLADESH,Probability to receive funding,By technology,Fossil fuels,Later stage,2015,0,Percentage,1
BGD,BANGLADESH,Probability to receive funding,By technology,Fossil fuels,Later stage,2016,0,Percentage,1
BGD,BANGLADESH,Probability to receive funding,By technology,Fossil fuels,Later stage,2017,0,Percentage,1
BGD,BANGLADESH,Probability to receive funding,By technology,Fossil fuels,Later stage,2018,0,Percentage,1
BGD,BANGLADESH,Probability to receive funding,By technology,Fossil fuels,Later stage,2019,0,Percentage,1
BGD,BANGLADESH,Probability to receive funding,By technology,Fossil fuels,Later stage,2020,0,Percentage,1.666666627
BGD,BANGLADESH,Probability to receive funding,By technology,Fossil fuels,Later stage,2021,0,Percentage,2.666666746
BGD,BANGLADESH,Probability to receive funding,By technology,Grid,Later stage,2015,0,Percentage,4
BGD,BANGLADESH,Probability to receive funding,By technology,Grid,Later stage,2016,0,Percentage,4
BGD,BANGLADESH,Probability to receive funding,By technology,Grid,Later stage,2017,0,Percentage,4
BGD,BANGLADESH,Probability to receive funding,By technology,Grid,Later stage,2018,0,Percentage,4
BGD,BANGLADESH,Probability to receive funding,By technology,Grid,Later stage,2019,0,Percentage,4
BGD,BANGLADESH,Probability to receive funding,By technology,Grid,Later stage,2020,0,Percentage,4
BGD,BANGLADESH,Probability to receive funding,By technology,Grid,Later stage,2021,0,Percentage,4
BGD,BANGLADESH,Probability to receive funding,By technology,Non-clean energy,Later stage,2021,0,Percentage,14
BGD,BANGLADESH,Probability to receive funding,By technology,Other energy,Later stage,2015,5.797101498,Percentage,5.75
BGD,BANGLADESH,Probability to receive funding,By technology,Other energy,Later stage,2016,5.333333492,Percentage,6.25
BGD,BANGLADESH,Probability to receive funding,By technology,Other energy,Later stage,2017,5.333333492,Percentage,6.25
BGD,BANGLADESH,Probability to receive funding,By technology,Other energy,Later stage,2018,5.333333492,Percentage,6.25
BGD,BANGLADESH,Probability to receive funding,By technology,Other energy,Later stage,2019,5.333333492,Percentage,6.25
BGD,BANGLADESH,Probability to receive funding,By technology,Other energy,Later stage,2020,5.063291073,Percentage,6.583333492
BGD,BANGLADESH,Probability to receive funding,By technology,Other energy,Later stage,2021,5.063291073,Percentage,6.583333492
BGD,BANGLADESH,Fundings of start-ups,By technology,Other energy,Later stage,2022,5.512328625,Years,6.583333492
BGD,BANGLADESH,Probability to receive funding,By technology,Other renewables,Later stage,2015,21.05263138,Percentage,1.583333373
BGD,BANGLADESH,Probability to receive funding,By technology,Other renewables,Later stage,2016,16,Percentage,2.083333254
BGD,BANGLADESH,Probability to receive funding,By technology,Other renewables,Later stage,2017,16,Percentage,2.083333254
BGD,BANGLADESH,Probability to receive funding,By technology,Other renewables,Later stage,2018,16,Percentage,2.083333254
BGD,BANGLADESH,Probability to receive funding,By technology,Other renewables,Later stage,2019,10.81081104,Percentage,3.083333254
BGD,BANGLADESH,Probability to receive funding,By technology,Other renewables,Later stage,2020,10.81081104,Percentage,3.083333254
BGD,BANGLADESH,Probability to receive funding,By technology,Other renewables,Later stage,2021,10.81081104,Percentage,3.083333254
BGD,BANGLADESH,Fundings of start-ups,By technology,Other renewables,Later stage,2022,5.512328625,Years,3.083333254
BGD,BANGLADESH,Probability to receive funding,By technology,Solar,Later stage,2015,25,Percentage,1.333333373
BGD,BANGLADESH,Probability to receive funding,By technology,Solar,Later stage,2016,25,Percentage,1.333333373
BGD,BANGLADESH,Probability to receive funding,By technology,Solar,Later stage,2017,25,Percentage,1.333333373
BGD,BANGLADESH,Probability to receive funding,By technology,Solar,Later stage,2018,25,Percentage,1.333333373
BGD,BANGLADESH,Probability to receive funding,By technology,Solar,Later stage,2019,25,Percentage,1.333333373
BGD,BANGLADESH,Probability to receive funding,By technology,Solar,Later stage,2020,25,Percentage,1.333333373
BGD,BANGLADESH,Probability to receive funding,By technology,Solar,Later stage,2021,25,Percentage,1.333333373
BRB,BARBADOS,Fundings of start-ups,"By sector (energy, green, digital)",Energy,Early stage,2019,108673.4688,USD,1
BRB,BARBADOS,Probability to receive funding,"By sector (energy, green, digital)",Energy,Early stage,2021,25,Percentage,4
BRB,BARBADOS,Probability to receive funding,"By sector (energy, green, digital)",Energy and digital,Early stage,2021,0,Percentage,1
BRB,BARBADOS,Fundings of start-ups,"By sector (energy, green, digital)",Energy and non-digital,Early stage,2019,108673.4688,USD,1
BRB,BARBADOS,Probability to receive funding,"By sector (energy, green, digital)",Energy and non-digital,Early stage,2021,33.33333206,Percentage,3
BRB,BARBADOS,Fundings of start-ups,"By sector (energy, green, digital)",Non-energy,Early stage,2015,1871105,USD,2
BRB,BARBADOS,Fundings of start-ups,"By sector (energy, green, digital)",Non-energy,Early stage,2016,4630435,USD,1
BRB,BARBADOS,Fundings of start-ups,"By sector (energy, green, digital)",Non-energy,Early stage,2018,3328125,USD,1
BRB,BARBADOS,Fundings of start-ups,"By sector (energy, green, digital)",Non-energy,Early stage,2019,4164910.75,USD,2
BRB,BARBADOS,Fundings of start-ups,"By sector (energy, green, digital)",Non-energy,Early stage,2020,28507576,USD,2
BRB,BARBADOS,Probability to receive funding,"By sector (energy, green, digital)",Non-energy,Early stage,2021,10.86956501,Percentage,46
BRB,BARBADOS,Fundings of start-ups,"By sector (energy, green, digital)",Non-energy,Early stage,2022,1.846575379,Years,47
BRB,BARBADOS,Fundings of start-ups,"By sector (energy, green, digital)",Non-energy,Early stage,2022,3800000,USD,1
BRB,BARBADOS,Probability to receive funding,"By sector (energy, green, digital)",Energy,Later stage,2021,0,Percentage,4
BRB,BARBADOS,Probability to receive funding,"By sector (energy, green, digital)",Energy and digital,Later stage,2021,0,Percentage,1
BRB,BARBADOS,Probability to receive funding,"By sector (energy, green, digital)",Energy and non-digital,Later stage,2021,0,Percentage,3
BRB,BARBADOS,Probability to receive funding,"By sector (energy, green, digital)",Non-energy,Later stage,2021,0,Percentage,46
BRB,BARBADOS,Fundings of start-ups,By technology,Other renewables,all,2019,108673.4688,USD,1
BRB,BARBADOS,Fundings of start-ups,By technology,Clean energy,Early stage,2019,108673.4688,USD,1
BRB,BARBADOS,Probability to receive funding,By technology,Clean energy,Early stage,2021,33.33333206,Percentage,3
BRB,BARBADOS,Probability to receive funding,By technology,Energy efficiency,Early stage,2015,0,Percentage,1
BRB,BARBADOS,Probability to receive funding,By technology,Energy efficiency,Early stage,2016,0,Percentage,1
BRB,BARBADOS,Probability to receive funding,By technology,Energy efficiency,Early stage,2017,0,Percentage,1
BRB,BARBADOS,Probability to receive funding,By technology,Energy efficiency,Early stage,2018,0,Percentage,1
BRB,BARBADOS,Probability to receive funding,By technology,Energy efficiency,Early stage,2019,0,Percentage,1
BRB,BARBADOS,Probability to receive funding,By technology,Energy efficiency,Early stage,2020,0,Percentage,1
BRB,BARBADOS,Probability to receive funding,By technology,Energy efficiency,Early stage,2021,0,Percentage,1
BRB,BARBADOS,Probability to receive funding,By technology,Non-clean energy,Early stage,2021,0,Percentage,1
BRB,BARBADOS,Probability to receive funding,By technology,Other energy,Early stage,2017,0,Percentage,0.5
BRB,BARBADOS,Probability to receive funding,By technology,Other energy,Early stage,2018,0,Percentage,1
BRB,BARBADOS,Probability to receive funding,By technology,Other energy,Early stage,2019,0,Percentage,1
BRB,BARBADOS,Probability to receive funding,By technology,Other energy,Early stage,2020,0,Percentage,1
BRB,BARBADOS,Probability to receive funding,By technology,Other energy,Early stage,2021,0,Percentage,1
BRB,BARBADOS,Probability to receive funding,By technology,Other renewables,Early stage,2017,0,Percentage,0.5
BRB,BARBADOS,Probability to receive funding,By technology,Other renewables,Early stage,2018,0,Percentage,1
BRB,BARBADOS,Probability to receive funding,By technology,Other renewables,Early stage,2019,0,Percentage,1
BRB,BARBADOS,Probability to receive funding,By technology,Other renewables,Early stage,2020,0,Percentage,1
BRB,BARBADOS,Probability to receive funding,By technology,Other renewables,Early stage,2021,50,Percentage,2
BRB,BARBADOS,Probability to receive funding,By technology,Clean energy,Later stage,2021,0,Percentage,3
BRB,BARBADOS,Probability to receive funding,By technology,Energy efficiency,Later stage,2015,0,Percentage,1
BRB,BARBADOS,Probability to receive funding,By technology,Energy efficiency,Later stage,2016,0,Percentage,1
BRB,BARBADOS,Probability to receive funding,By technology,Energy efficiency,Later stage,2017,0,Percentage,1
BRB,BARBADOS,Probability to receive funding,By technology,Energy efficiency,Later stage,2018,0,Percentage,1
BRB,BARBADOS,Probability to receive funding,By technology,Energy efficiency,Later stage,2019,0,Percentage,1
BRB,BARBADOS,Probability to receive funding,By technology,Energy efficiency,Later stage,2020,0,Percentage,1
BRB,BARBADOS,Probability to receive funding,By technology,Energy efficiency,Later stage,2021,0,Percentage,1
BRB,BARBADOS,Probability to receive funding,By technology,Non-clean energy,Later stage,2021,0,Percentage,1
BRB,BARBADOS,Probability to receive funding,By technology,Other energy,Later stage,2017,0,Percentage,0.5
BRB,BARBADOS,Probability to receive funding,By technology,Other energy,Later stage,2018,0,Percentage,1
BRB,BARBADOS,Probability to receive funding,By technology,Other energy,Later stage,2019,0,Percentage,1
BRB,BARBADOS,Probability to receive funding,By technology,Other energy,Later stage,2020,0,Percentage,1
BRB,BARBADOS,Probability to receive funding,By technology,Other energy,Later stage,2021,0,Percentage,1
BRB,BARBADOS,Probability to receive funding,By technology,Other renewables,Later stage,2017,0,Percentage,0.5
BRB,BARBADOS,Probability to receive funding,By technology,Other renewables,Later stage,2018,0,Percentage,1
BRB,BARBADOS,Probability to receive funding,By technology,Other renewables,Later stage,2019,0,Percentage,1
BRB,BARBADOS,Probability to receive funding,By technology,Other renewables,Later stage,2020,0,Percentage,1
BRB,BARBADOS,Probability to receive funding,By technology,Other renewables,Later stage,2021,0,Percentage,2
BLR,BELARUS,Fundings of start-ups,"By sector (energy, green, digital)",Energy,Early stage,2008,1290909.125,USD,1
BLR,BELARUS,Fundings of start-ups,"By sector (energy, green, digital)",Energy,Early stage,2016,11576087,USD,1
BLR,BELARUS,Probability to receive funding,"By sector (energy, green, digital)",Energy,Early stage,2021,25,Percentage,4
BLR,BELARUS,Fundings of start-ups,"By sector (energy, green, digital)",Energy,Early stage,2022,1,Years,4
BLR,BELARUS,Fundings of start-ups,"By sector (energy, green, digital)",Energy and digital,Early stage,2008,1290909.125,USD,1
BLR,BELARUS,Fundings of start-ups,"By sector (energy, green, digital)",Energy and digital,Early stage,2016,11576087,USD,1
BLR,BELARUS,Probability to receive funding,"By sector (energy, green, digital)",Energy and digital,Early stage,2021,25,Percentage,4
BLR,BELARUS,Fundings of start-ups,"By sector (energy, green, digital)",Energy and digital,Early stage,2022,1,Years,4
BLR,BELARUS,Fundings of start-ups,"By sector (energy, green, digital)",Non-energy,Early stage,2009,6493.902344,USD,1
BLR,BELARUS,Fundings of start-ups,"By sector (energy, green, digital)",Non-energy,Early stage,2010,12754.49121,USD,1
BLR,BELARUS,Fundings of start-ups,"By sector (energy, green, digital)",Non-energy,Early stage,2011,24767.44141,USD,1
BLR,BELARUS,Fundings of start-ups,"By sector (energy, green, digital)",Non-energy,Early stage,2012,108920.4531,USD,1
BLR,BELARUS,Fundings of start-ups,"By sector (energy, green, digital)",Non-energy,Early stage,2013,975252.8125,USD,2
BLR,BELARUS,Fundings of start-ups,"By sector (energy, green, digital)",Non-energy,Early stage,2014,235359.1094,USD,1
BLR,BELARUS,Fundings of start-ups,"By sector (energy, green, digital)",Non-energy,Early stage,2015,164751.375,USD,2
BLR,BELARUS,Fundings of start-ups,"By sector (energy, green, digital)",Non-energy,Early stage,2016,636684.8125,USD,3
BLR,BELARUS,Fundings of start-ups,"By sector (energy, green, digital)",Non-energy,Early stage,2017,4701861.5,USD,4
BLR,BELARUS,Fundings of start-ups,"By sector (energy, green, digital)",Non-energy,Early stage,2018,4104687.5,USD,2
BLR,BELARUS,Fundings of start-ups,"By sector (energy, green, digital)",Non-energy,Early stage,2019,271683.6875,USD,1
BLR,BELARUS,Fundings of start-ups,"By sector (energy, green, digital)",Non-energy,Early stage,2020,322727.2813,USD,1
BLR,BELARUS,Probability to receive funding,"By sector (energy, green, digital)",Non-energy,Early stage,2021,7.581227303,Percentage,277
BLR,BELARUS,Fundings of start-ups,"By sector (energy, green, digital)",Non-energy,Early stage,2021,2057971,USD,2
BLR,BELARUS,Fundings of start-ups,"By sector (energy, green, digital)",Non-energy,Early stage,2022,1.158643126,Years,277
BLR,BELARUS,Probability to receive funding,"By sector (energy, green, digital)",Energy,Later stage,2021,0,Percentage,4
BLR,BELARUS,Probability to receive funding,"By sector (energy, green, digital)",Energy and digital,Later stage,2021,0,Percentage,4
BLR,BELARUS,Probability to receive funding,"By sector (energy, green, digital)",Non-energy,Later stage,2021,0,Percentage,277
BLR,BELARUS,Fundings of start-ups,By technology,Energy efficiency,all,2008,1290909.125,USD,1
BLR,BELARUS,Fundings of start-ups,By technology,Energy efficiency,all,2012,491352.2813,USD,1
BLR,BELARUS,Fundings of start-ups,By technology,Energy efficiency,all,2016,11576087,USD,1
BLR,BELARUS,Probability to receive funding,By technology,Clean energy,Early stage,2021,0,Percentage,1
BLR,BELARUS,Probability to receive funding,By technology,Electric mobility,Early stage,2016,0,Percentage,1
BLR,BELARUS,Probability to receive funding,By technology,Electric mobility,Early stage,2017,0,Percentage,1
BLR,BELARUS,Probability to receive funding,By technology,Electric mobility,Early stage,2018,0,Percentage,1
BLR,BELARUS,Probability to receive funding,By technology,Electric mobility,Early stage,2019,0,Percentage,1
BLR,BELARUS,Probability to receive funding,By technology,Electric mobility,Early stage,2020,0,Percentage,1
BLR,BELARUS,Probability to receive funding,By technology,Electric mobility,Early stage,2021,0,Percentage,1
BLR,BELARUS,Probability to receive funding,By technology,Energy efficiency,Early stage,2015,50,Percentage,2
BLR,BELARUS,Probability to receive funding,By technology,Energy efficiency,Early stage,2016,50,Percentage,2
BLR,BELARUS,Probability to receive funding,By technology,Energy efficiency,Early stage,2017,50,Percentage,2
BLR,BELARUS,Probability to receive funding,By technology,Energy efficiency,Early stage,2018,50,Percentage,2
BLR,BELARUS,Probability to receive funding,By technology,Energy efficiency,Early stage,2019,50,Percentage,2
BLR,BELARUS,Probability to receive funding,By technology,Energy efficiency,Early stage,2020,50,Percentage,2
BLR,BELARUS,Probability to receive funding,By technology,Energy efficiency,Early stage,2021,50,Percentage,2
BLR,BELARUS,Fundings of start-ups,By technology,Non-clean energy,Early stage,2008,1290909.125,USD,1
BLR,BELARUS,Fundings of start-ups,By technology,Non-clean energy,Early stage,2016,11576087,USD,1
BLR,BELARUS,Probability to receive funding,By technology,Non-clean energy,Early stage,2021,33.33333206,Percentage,3
BLR,BELARUS,Fundings of start-ups,By technology,Non-clean energy,Early stage,2022,1,Years,3
BLR,BELARUS,Probability to receive funding,By technology,Clean energy,Later stage,2021,0,Percentage,1
BLR,BELARUS,Probability to receive funding,By technology,Electric mobility,Later stage,2016,0,Percentage,1
BLR,BELARUS,Probability to receive funding,By technology,Electric mobility,Later stage,2017,0,Percentage,1
BLR,BELARUS,Probability to receive funding,By technology,Electric mobility,Later stage,2018,0,Percentage,1
BLR,BELARUS,Probability to receive funding,By technology,Electric mobility,Later stage,2019,0,Percentage,1
BLR,BELARUS,Probability to receive funding,By technology,Electric mobility,Later stage,2020,0,Percentage,1
BLR,BELARUS,Probability to receive funding,By technology,Electric mobility,Later stage,2021,0,Percentage,1
BLR,BELARUS,Probability to receive funding,By technology,Energy efficiency,Later stage,2015,0,Percentage,2
BLR,BELARUS,Probability to receive funding,By technology,Energy efficiency,Later stage,2016,0,Percentage,2
BLR,BELARUS,Probability to receive funding,By technology,Energy efficiency,Later stage,2017,0,Percentage,2
BLR,BELARUS,Probability to receive funding,By technology,Energy efficiency,Later stage,2018,0,Percentage,2
BLR,BELARUS,Probability to receive funding,By technology,Energy efficiency,Later stage,2019,0,Percentage,2
BLR,BELARUS,Probability to receive funding,By technology,Energy efficiency,Later stage,2020,0,Percentage,2
BLR,BELARUS,Probability to receive funding,By technology,Energy efficiency,Later stage,2021,0,Percentage,2
BLR,BELARUS,Probability to receive funding,By technology,Non-clean energy,Later stage,2021,0,Percentage,3
BEL,BELGIUM,Fundings of start-ups,"By sector (energy, green, digital)",Energy,Early stage,2007,264349.0625,USD,1
BEL,BELGIUM,Fundings of start-ups,"By sector (energy, green, digital)",Energy,Early stage,2008,881817.4375,USD,1
BEL,BELGIUM,Fundings of start-ups,"By sector (energy, green, digital)",Energy,Early stage,2009,2272865.75,USD,1
BEL,BELGIUM,Fundings of start-ups,"By sector (energy, green, digital)",Energy,Early stage,2010,14102175,USD,2
BEL,BELGIUM,Fundings of start-ups,"By sector (energy, green, digital)",Energy,Early stage,2011,33436046,USD,1
BEL,BELGIUM,Fundings of start-ups,"By sector (energy, green, digital)",Energy,Early stage,2013,1579384.25,USD,1
BEL,BELGIUM,Fundings of start-ups,"By sector (energy, green, digital)",Energy,Early stage,2014,400600.0313,USD,1
BEL,BELGIUM,Fundings of start-ups,"By sector (energy, green, digital)",Energy,Early stage,2015,11142035,USD,7
BEL,BELGIUM,Fundings of start-ups,"By sector (energy, green, digital)",Energy,Early stage,2016,14585477,USD,8
BEL,BELGIUM,Fundings of start-ups,"By sector (energy, green, digital)",Energy,Early stage,2017,4988883.5,USD,6
BEL,BELGIUM,Fundings of start-ups,"By sector (energy, green, digital)",Energy,Early stage,2018,25076608,USD,11
BEL,BELGIUM,Fundings of start-ups,"By sector (energy, green, digital)",Energy,Early stage,2019,32552122,USD,4
BEL,BELGIUM,Fundings of start-ups,"By sector (energy, green, digital)",Energy,Early stage,2020,55803892,USD,5
BEL,BELGIUM,Fundings of start-ups,"By sector (energy, green, digital)",Energy,Early stage,2021,5500519,USD,3
BEL,BELGIUM,Probability to receive funding,"By sector (energy, green, digital)",Energy,Early stage,2021,11.69811344,Percentage,265
BEL,BELGIUM,Fundings of start-ups,"By sector (energy, green, digital)",Energy,Early stage,2022,1.857887745,Years,265
BEL,BELGIUM,Fundings of start-ups,"By sector (energy, green, digital)",Energy and digital,Early stage,2007,264349.0625,USD,1
BEL,BELGIUM,Fundings of start-ups,"By sector (energy, green, digital)",Energy and digital,Early stage,2008,881817.4375,USD,1
BEL,BELGIUM,Fundings of start-ups,"By sector (energy, green, digital)",Energy and digital,Early stage,2009,2272865.75,USD,1
BEL,BELGIUM,Fundings of start-ups,"By sector (energy, green, digital)",Energy and digital,Early stage,2010,14102175,USD,2
BEL,BELGIUM,Fundings of start-ups,"By sector (energy, green, digital)",Energy and digital,Early stage,2013,1579384.25,USD,1
BEL,BELGIUM,Fundings of start-ups,"By sector (energy, green, digital)",Energy and digital,Early stage,2014,400600.0313,USD,1
BEL,BELGIUM,Fundings of start-ups,"By sector (energy, green, digital)",Energy and digital,Early stage,2015,8704756,USD,6
BEL,BELGIUM,Fundings of start-ups,"By sector (energy, green, digital)",Energy and digital,Early stage,2016,14044633,USD,7
BEL,BELGIUM,Fundings of start-ups,"By sector (energy, green, digital)",Energy and digital,Early stage,2017,2319285.5,USD,5
BEL,BELGIUM,Fundings of start-ups,"By sector (energy, green, digital)",Energy and digital,Early stage,2018,5591185.5,USD,5
BEL,BELGIUM,Fundings of start-ups,"By sector (energy, green, digital)",Energy and digital,Early stage,2019,32552122,USD,4
BEL,BELGIUM,Fundings of start-ups,"By sector (energy, green, digital)",Energy and digital,Early stage,2020,6035352,USD,2
BEL,BELGIUM,Fundings of start-ups,"By sector (energy, green, digital)",Energy and digital,Early stage,2021,5500519,USD,3
BEL,BELGIUM,Probability to receive funding,"By sector (energy, green, digital)",Energy and digital,Early stage,2021,24.7311821,Percentage,93
BEL,BELGIUM,Fundings of start-ups,"By sector (energy, green, digital)",Energy and digital,Early stage,2022,1.463132858,Years,93
BEL,BELGIUM,Fundings of start-ups,"By sector (energy, green, digital)",Energy and non-digital,Early stage,2011,33436046,USD,1
BEL,BELGIUM,Fundings of start-ups,"By sector (energy, green, digital)",Energy and non-digital,Early stage,2015,2437279,USD,1
BEL,BELGIUM,Fundings of start-ups,"By sector (energy, green, digital)",Energy and non-digital,Early stage,2016,540844.0625,USD,1
BEL,BELGIUM,Fundings of start-ups,"By sector (energy, green, digital)",Energy and non-digital,Early stage,2017,2669598,USD,1
BEL,BELGIUM,Fundings of start-ups,"By sector (energy, green, digital)",Energy and non-digital,Early stage,2018,19485422,USD,6
BEL,BELGIUM,Fundings of start-ups,"By sector (energy, green, digital)",Energy and non-digital,Early stage,2020,49768540,USD,3
BEL,BELGIUM,Probability to receive funding,"By sector (energy, green, digital)",Energy and non-digital,Early stage,2021,4.651162624,Percentage,172
BEL,BELGIUM,Fundings of start-ups,"By sector (energy, green, digital)",Energy and non-digital,Early stage,2022,2.992808104,Years,172
BEL,BELGIUM,Fundings of start-ups,"By sector (energy, green, digital)",Non-energy,Early stage,2001,10161680,USD,5
BEL,BELGIUM,Fundings of start-ups,"By sector (energy, green, digital)",Non-energy,Early stage,2002,20753906,USD,3
BEL,BELGIUM,Fundings of start-ups,"By sector (energy, green, digital)",Non-energy,Early stage,2003,10564667,USD,1
BEL,BELGIUM,Fundings of start-ups,"By sector (energy, green, digital)",Non-energy,Early stage,2004,354334848,USD,4
BEL,BELGIUM,Fundings of start-ups,"By sector (energy, green, digital)",Non-energy,Early stage,2005,733349,USD,2
BEL,BELGIUM,Fundings of start-ups,"By sector (energy, green, digital)",Non-energy,Early stage,2006,51792892,USD,6
BEL,BELGIUM,Fundings of start-ups,"By sector (energy, green, digital)",Non-energy,Early stage,2007,135513840,USD,12
BEL,BELGIUM,Fundings of start-ups,"By sector (energy, green, digital)",Non-energy,Early stage,2008,36929064,USD,11
BEL,BELGIUM,Fundings of start-ups,"By sector (energy, green, digital)",Non-energy,Early stage,2009,49020316,USD,17
BEL,BELGIUM,Fundings of start-ups,"By sector (energy, green, digital)",Non-energy,Early stage,2010,56648280,USD,16
BEL,BELGIUM,Fundings of start-ups,"By sector (energy, green, digital)",Non-energy,Early stage,2011,63525748,USD,18
BEL,BELGIUM,Fundings of start-ups,"By sector (energy, green, digital)",Non-energy,Early stage,2012,58529816,USD,25
BEL,BELGIUM,Fundings of start-ups,"By sector (energy, green, digital)",Non-energy,Early stage,2013,58859164,USD,31
BEL,BELGIUM,Fundings of start-ups,"By sector (energy, green, digital)",Non-energy,Early stage,2014,64615240,USD,47
BEL,BELGIUM,Fundings of start-ups,"By sector (energy, green, digital)",Non-energy,Early stage,2015,196615120,USD,67
BEL,BELGIUM,Fundings of start-ups,"By sector (energy, green, digital)",Non-energy,Early stage,2016,217932672,USD,77
BEL,BELGIUM,Fundings of start-ups,"By sector (energy, green, digital)",Non-energy,Early stage,2017,174022208,USD,68
BEL,BELGIUM,Fundings of start-ups,"By sector (energy, green, digital)",Non-energy,Early stage,2018,351609920,USD,87
BEL,BELGIUM,Fundings of start-ups,"By sector (energy, green, digital)",Non-energy,Early stage,2019,306402912,USD,72
BEL,BELGIUM,Fundings of start-ups,"By sector (energy, green, digital)",Non-energy,Early stage,2020,474220512,USD,77
BEL,BELGIUM,Probability to receive funding,"By sector (energy, green, digital)",Non-energy,Early stage,2021,9.357832909,Percentage,5279
BEL,BELGIUM,Fundings of start-ups,"By sector (energy, green, digital)",Non-energy,Early stage,2021,511692128,USD,62
BEL,BELGIUM,Fundings of start-ups,"By sector (energy, green, digital)",Non-energy,Early stage,2022,514650528,USD,42
BEL,BELGIUM,Fundings of start-ups,"By sector (energy, green, digital)",Non-energy,Early stage,2022,2.176483154,Years,5296
BEL,BELGIUM,Fundings of start-ups,"By sector (energy, green, digital)",Energy,Later stage,2013,3835089,USD,1
BEL,BELGIUM,Fundings of start-ups,"By sector (energy, green, digital)",Energy,Later stage,2016,1275382.625,USD,1
BEL,BELGIUM,Fundings of start-ups,"By sector (energy, green, digital)",Energy,Later stage,2017,5105358.5,USD,1
BEL,BELGIUM,Fundings of start-ups,"By sector (energy, green, digital)",Energy,Later stage,2019,1825714.25,USD,1
BEL,BELGIUM,Probability to receive funding,"By sector (energy, green, digital)",Energy,Later stage,2021,6.415094376,Percentage,265
BEL,BELGIUM,Fundings of start-ups,"By sector (energy, green, digital)",Energy,Later stage,2022,110554144,USD,3
BEL,BELGIUM,Fundings of start-ups,"By sector (energy, green, digital)",Energy,Later stage,2022,5.963577747,Years,265
BEL,BELGIUM,Fundings of start-ups,"By sector (energy, green, digital)",Energy and digital,Later stage,2013,3835089,USD,1
BEL,BELGIUM,Fundings of start-ups,"By sector (energy, green, digital)",Energy and digital,Later stage,2016,1275382.625,USD,1
BEL,BELGIUM,Fundings of start-ups,"By sector (energy, green, digital)",Energy and digital,Later stage,2017,5105358.5,USD,1
BEL,BELGIUM,Fundings of start-ups,"By sector (energy, green, digital)",Energy and digital,Later stage,2019,1825714.25,USD,1
BEL,BELGIUM,Probability to receive funding,"By sector (energy, green, digital)",Energy and digital,Later stage,2021,11.82795715,Percentage,93
BEL,BELGIUM,Fundings of start-ups,"By sector (energy, green, digital)",Energy and digital,Later stage,2022,10620943,USD,1
BEL,BELGIUM,Fundings of start-ups,"By sector (energy, green, digital)",Energy and digital,Later stage,2022,6.374097347,Years,93
BEL,BELGIUM,Probability to receive funding,"By sector (energy, green, digital)",Energy and non-digital,Later stage,2021,3.488372087,Percentage,172
BEL,BELGIUM,Fundings of start-ups,"By sector (energy, green, digital)",Energy and non-digital,Later stage,2022,99933200,USD,2
BEL,BELGIUM,Fundings of start-ups,"By sector (energy, green, digital)",Energy and non-digital,Later stage,2022,5.210958958,Years,172
BEL,BELGIUM,Fundings of start-ups,"By sector (energy, green, digital)",Non-energy,Later stage,2003,20544680,USD,1
BEL,BELGIUM,Fundings of start-ups,"By sector (energy, green, digital)",Non-energy,Later stage,2004,11436424,USD,1
BEL,BELGIUM,Fundings of start-ups,"By sector (energy, green, digital)",Non-energy,Later stage,2006,98360120,USD,4
BEL,BELGIUM,Fundings of start-ups,"By sector (energy, green, digital)",Non-energy,Later stage,2008,30803522,USD,4
BEL,BELGIUM,Fundings of start-ups,"By sector (energy, green, digital)",Non-energy,Later stage,2009,102070536,USD,3
BEL,BELGIUM,Fundings of start-ups,"By sector (energy, green, digital)",Non-energy,Later stage,2010,27932336,USD,1
BEL,BELGIUM,Fundings of start-ups,"By sector (energy, green, digital)",Non-energy,Later stage,2012,54757116,USD,7
BEL,BELGIUM,Fundings of start-ups,"By sector (energy, green, digital)",Non-energy,Later stage,2013,38216364,USD,3
BEL,BELGIUM,Fundings of start-ups,"By sector (energy, green, digital)",Non-energy,Later stage,2014,65091568,USD,5
BEL,BELGIUM,Fundings of start-ups,"By sector (energy, green, digital)",Non-energy,Later stage,2015,20290884,USD,5
BEL,BELGIUM,Fundings of start-ups,"By sector (energy, green, digital)",Non-energy,Later stage,2016,99319216,USD,11
BEL,BELGIUM,Fundings of start-ups,"By sector (energy, green, digital)",Non-energy,Later stage,2017,170280672,USD,10
BEL,BELGIUM,Fundings of start-ups,"By sector (energy, green, digital)",Non-energy,Later stage,2018,149977120,USD,11
BEL,BELGIUM,Fundings of start-ups,"By sector (energy, green, digital)",Non-energy,Later stage,2019,352477344,USD,8
BEL,BELGIUM,Fundings of start-ups,"By sector (energy, green, digital)",Non-energy,Later stage,2020,336002016,USD,13
BEL,BELGIUM,Probability to receive funding,"By sector (energy, green, digital)",Non-energy,Later stage,2021,2.462587595,Percentage,5279
BEL,BELGIUM,Fundings of start-ups,"By sector (energy, green, digital)",Non-energy,Later stage,2021,830917952,USD,8
BEL,BELGIUM,Fundings of start-ups,"By sector (energy, green, digital)",Non-energy,Later stage,2022,288579232,USD,5
BEL,BELGIUM,Fundings of start-ups,"By sector (energy, green, digital)",Non-energy,Later stage,2022,4.727797508,Years,5296
BEL,BELGIUM,Fundings of start-ups,By technology,Electric mobility,all,2015,1218639.5,USD,0.5
BEL,BELGIUM,Fundings of start-ups,By technology,Electric mobility,all,2017,2669598,USD,1
BEL,BELGIUM,Fundings of start-ups,By technology,Electric mobility,all,2018,16608228,USD,3
BEL,BELGIUM,Fundings of start-ups,By technology,Electric mobility,all,2019,5392215.5,USD,1
BEL,BELGIUM,Fundings of start-ups,By technology,Electric mobility,all,2020,49660968,USD,2
BEL,BELGIUM,Fundings of start-ups,By technology,Electric mobility,all,2021,903424.5625,USD,1
BEL,BELGIUM,Fundings of start-ups,By technology,Electric mobility,all,2022,102476016,USD,3
BEL,BELGIUM,Fundings of start-ups,By technology,Energy efficiency,all,2013,1579384.25,USD,1
BEL,BELGIUM,Fundings of start-ups,By technology,Energy efficiency,all,2014,400600.0313,USD,1
BEL,BELGIUM,Fundings of start-ups,By technology,Energy efficiency,all,2015,2450939.25,USD,5
BEL,BELGIUM,Fundings of start-ups,By technology,Energy efficiency,all,2016,12842424,USD,7.166666508
BEL,BELGIUM,Fundings of start-ups,By technology,Energy efficiency,all,2017,7293090.5,USD,5
BEL,BELGIUM,Fundings of start-ups,By technology,Energy efficiency,all,2018,6241034,USD,5.666666508
BEL,BELGIUM,Fundings of start-ups,By technology,Energy efficiency,all,2019,23517100,USD,3
BEL,BELGIUM,Fundings of start-ups,By technology,Energy efficiency,all,2020,6035352,USD,2
BEL,BELGIUM,Fundings of start-ups,By technology,Energy efficiency,all,2021,3690151,USD,2
BEL,BELGIUM,Fundings of start-ups,By technology,Energy efficiency,all,2022,10620943,USD,1
BEL,BELGIUM,Fundings of start-ups,By technology,Fossil fuels,all,2007,264349.0625,USD,1
BEL,BELGIUM,Fundings of start-ups,By technology,Fossil fuels,all,2008,881817.4375,USD,1
BEL,BELGIUM,Fundings of start-ups,By technology,Fossil fuels,all,2010,3898582.25,USD,1
BEL,BELGIUM,Fundings of start-ups,By technology,Fossil fuels,all,2015,6253816.5,USD,1
BEL,BELGIUM,Fundings of start-ups,By technology,Fossil fuels,all,2016,1275382.625,USD,1
BEL,BELGIUM,Fundings of start-ups,By technology,Other energy,all,2009,2272865.75,USD,1
BEL,BELGIUM,Fundings of start-ups,By technology,Other energy,all,2010,10203593,USD,1
BEL,BELGIUM,Fundings of start-ups,By technology,Other energy,all,2011,16718023,USD,0.5
BEL,BELGIUM,Fundings of start-ups,By technology,Other energy,all,2013,3835089,USD,1
BEL,BELGIUM,Fundings of start-ups,By technology,Other energy,all,2016,1743053.125,USD,0.833333313
BEL,BELGIUM,Fundings of start-ups,By technology,Other energy,all,2017,131553.5625,USD,1
BEL,BELGIUM,Fundings of start-ups,By technology,Other energy,all,2018,938228.75,USD,1.333333373
BEL,BELGIUM,Fundings of start-ups,By technology,Other energy,all,2019,2443437.75,USD,0.5
BEL,BELGIUM,Fundings of start-ups,By technology,Other energy,all,2020,107575.7578,USD,1
BEL,BELGIUM,Fundings of start-ups,By technology,Other energy,all,2021,905184.125,USD,0.5
BEL,BELGIUM,Fundings of start-ups,By technology,Other renewables,all,2011,16718023,USD,0.5
BEL,BELGIUM,Fundings of start-ups,By technology,Other renewables,all,2015,1218639.5,USD,0.5
BEL,BELGIUM,Fundings of start-ups,By technology,Other renewables,all,2018,1289117,USD,1
BEL,BELGIUM,Fundings of start-ups,By technology,Other renewables,all,2019,8417298,USD,1.5
BEL,BELGIUM,Fundings of start-ups,By technology,Other renewables,all,2021,905184.125,USD,0.5
BEL,BELGIUM,Probability to receive funding,By technology,Bioenergy,Early stage,2015,0,Percentage,1
BEL,BELGIUM,Probability to receive funding,By technology,Bioenergy,Early stage,2016,0,Percentage,1
BEL,BELGIUM,Probability to receive funding,By technology,Bioenergy,Early stage,2017,0,Percentage,1
BEL,BELGIUM,Probability to receive funding,By technology,Bioenergy,Early stage,2018,0,Percentage,1
BEL,BELGIUM,Probability to receive funding,By technology,Bioenergy,Early stage,2019,0,Percentage,1
BEL,BELGIUM,Probability to receive funding,By technology,Bioenergy,Early stage,2020,0,Percentage,1
BEL,BELGIUM,Probability to receive funding,By technology,Bioenergy,Early stage,2021,0,Percentage,1
BEL,BELGIUM,Fundings of start-ups,By technology,Clean energy,Early stage,2011,33436046,USD,1
BEL,BELGIUM,Fundings of start-ups,By technology,Clean energy,Early stage,2015,2628947.25,USD,2
BEL,BELGIUM,Fundings of start-ups,By technology,Clean energy,Early stage,2016,6571476,USD,5
BEL,BELGIUM,Fundings of start-ups,By technology,Clean energy,Early stage,2017,4673155.5,USD,3
BEL,BELGIUM,Fundings of start-ups,By technology,Clean energy,Early stage,2018,22499558,USD,7
BEL,BELGIUM,Fundings of start-ups,By technology,Clean energy,Early stage,2019,10860735,USD,2
BEL,BELGIUM,Fundings of start-ups,By technology,Clean energy,Early stage,2020,55696316,USD,4
BEL,BELGIUM,Fundings of start-ups,By technology,Clean energy,Early stage,2021,3052136.75,USD,2
BEL,BELGIUM,Probability to receive funding,By technology,Clean energy,Early stage,2021,12.58741283,Percentage,143
BEL,BELGIUM,Fundings of start-ups,By technology,Clean energy,Early stage,2022,2.583409548,Years,143
BEL,BELGIUM,Probability to receive funding,By technology,Electric mobility,Early stage,2015,42.8571434,Percentage,3.5
BEL,BELGIUM,Probability to receive funding,By technology,Electric mobility,Early stage,2016,30,Percentage,5
BEL,BELGIUM,Probability to receive funding,By technology,Electric mobility,Early stage,2017,41.66666794,Percentage,6
BEL,BELGIUM,Probability to receive funding,By technology,Electric mobility,Early stage,2018,50,Percentage,7
BEL,BELGIUM,Probability to receive funding,By technology,Electric mobility,Early stage,2019,50,Percentage,9
BEL,BELGIUM,Probability to receive funding,By technology,Electric mobility,Early stage,2020,40.90909195,Percentage,11
BEL,BELGIUM,Probability to receive funding,By technology,Electric mobility,Early stage,2021,40.90909195,Percentage,11
BEL,BELGIUM,Fundings of start-ups,By technology,Electric mobility,Early stage,2022,1.458751917,Years,11
BEL,BELGIUM,Probability to receive funding,By technology,Energy efficiency,Early stage,2015,18.20157623,Percentage,61.34999847
BEL,BELGIUM,Probability to receive funding,By technology,Energy efficiency,Early stage,2016,19.8942337,Percentage,66.18333435
BEL,BELGIUM,Probability to receive funding,By technology,Energy efficiency,Early stage,2017,22.55289459,Percentage,71.68333435
BEL,BELGIUM,Probability to receive funding,By technology,Energy efficiency,Early stage,2018,21.94073677,Percentage,73.68333435
BEL,BELGIUM,Probability to receive funding,By technology,Energy efficiency,Early stage,2019,21.64695358,Percentage,74.68333435
BEL,BELGIUM,Probability to receive funding,By technology,Energy efficiency,Early stage,2020,22.38643837,Percentage,76.68333435
BEL,BELGIUM,Probability to receive funding,By technology,Energy efficiency,Early stage,2021,22.38643837,Percentage,76.68333435
BEL,BELGIUM,Fundings of start-ups,By technology,Energy efficiency,Early stage,2022,2.181806087,Years,76.68333435
BEL,BELGIUM,Probability to receive funding,By technology,Energy storage and batteries,Early stage,2015,0,Percentage,3.033333302
BEL,BELGIUM,Probability to receive funding,By technology,Energy storage and batteries,Early stage,2016,0,Percentage,3.033333302
BEL,BELGIUM,Probability to receive funding,By technology,Energy storage and batteries,Early stage,2017,0,Percentage,4.033333302
BEL,BELGIUM,Probability to receive funding,By technology,Energy storage and batteries,Early stage,2018,0,Percentage,4.033333302
BEL,BELGIUM,Probability to receive funding,By technology,Energy storage and batteries,Early stage,2019,0,Percentage,4.033333302
BEL,BELGIUM,Probability to receive funding,By technology,Energy storage and batteries,Early stage,2020,0,Percentage,4.033333302
BEL,BELGIUM,Probability to receive funding,By technology,Energy storage and batteries,Early stage,2021,0,Percentage,4.033333302
BEL,BELGIUM,Probability to receive funding,By technology,Fossil fuels,Early stage,2015,10.05025101,Percentage,9.949999809
BEL,BELGIUM,Probability to receive funding,By technology,Fossil fuels,Early stage,2016,8.733624458,Percentage,11.44999981
BEL,BELGIUM,Probability to receive funding,By technology,Fossil fuels,Early stage,2017,8.733624458,Percentage,11.44999981
BEL,BELGIUM,Probability to receive funding,By technology,Fossil fuels,Early stage,2018,8.368201256,Percentage,11.94999981
BEL,BELGIUM,Probability to receive funding,By technology,Fossil fuels,Early stage,2019,8.368201256,Percentage,11.94999981
BEL,BELGIUM,Probability to receive funding,By technology,Fossil fuels,Early stage,2020,8.368201256,Percentage,11.94999981
BEL,BELGIUM,Probability to receive funding,By technology,Fossil fuels,Early stage,2021,8.368201256,Percentage,11.94999981
BEL,BELGIUM,Fundings of start-ups,By technology,Fossil fuels,Early stage,2022,0.08219178,Years,11.94999981
BEL,BELGIUM,Probability to receive funding,By technology,Grid,Early stage,2015,3.514938593,Percentage,9.483333588
BEL,BELGIUM,Probability to receive funding,By technology,Grid,Early stage,2016,3.034901381,Percentage,10.98333359
BEL,BELGIUM,Probability to receive funding,By technology,Grid,Early stage,2017,3.034901381,Percentage,10.98333359
BEL,BELGIUM,Probability to receive funding,By technology,Grid,Early stage,2018,3.034901381,Percentage,10.98333359
BEL,BELGIUM,Probability to receive funding,By technology,Grid,Early stage,2019,2.781641245,Percentage,11.98333359
BEL,BELGIUM,Probability to receive funding,By technology,Grid,Early stage,2020,2.781641245,Percentage,11.98333359
BEL,BELGIUM,Probability to receive funding,By technology,Grid,Early stage,2021,2.781641245,Percentage,11.98333359
BEL,BELGIUM,Fundings of start-ups,By technology,Grid,Early stage,2022,0.249315068,Years,11.98333359
BEL,BELGIUM,Probability to receive funding,By technology,Hydrogen and fuel cells,Early stage,2017,0,Percentage,0.25
BEL,BELGIUM,Probability to receive funding,By technology,Hydrogen and fuel cells,Early stage,2018,0,Percentage,0.25
BEL,BELGIUM,Probability to receive funding,By technology,Hydrogen and fuel cells,Early stage,2019,0,Percentage,0.25
BEL,BELGIUM,Probability to receive funding,By technology,Hydrogen and fuel cells,Early stage,2020,0,Percentage,0.25
BEL,BELGIUM,Probability to receive funding,By technology,Hydrogen and fuel cells,Early stage,2021,0,Percentage,0.25
BEL,BELGIUM,Fundings of start-ups,By technology,Non-clean energy,Early stage,2007,264349.0625,USD,1
BEL,BELGIUM,Fundings of start-ups,By technology,Non-clean energy,Early stage,2008,881817.4375,USD,1
BEL,BELGIUM,Fundings of start-ups,By technology,Non-clean energy,Early stage,2009,2272865.75,USD,1
BEL,BELGIUM,Fundings of start-ups,By technology,Non-clean energy,Early stage,2010,14102175,USD,2
BEL,BELGIUM,Fundings of start-ups,By technology,Non-clean energy,Early stage,2013,1579384.25,USD,1
BEL,BELGIUM,Fundings of start-ups,By technology,Non-clean energy,Early stage,2014,400600.0313,USD,1
BEL,BELGIUM,Fundings of start-ups,By technology,Non-clean energy,Early stage,2015,8513088,USD,5
BEL,BELGIUM,Fundings of start-ups,By technology,Non-clean energy,Early stage,2016,8014001,USD,3
BEL,BELGIUM,Fundings of start-ups,By technology,Non-clean energy,Early stage,2017,315728.3125,USD,3
BEL,BELGIUM,Fundings of start-ups,By technology,Non-clean energy,Early stage,2018,2577049.25,USD,4
BEL,BELGIUM,Fundings of start-ups,By technology,Non-clean energy,Early stage,2019,21691386,USD,2
BEL,BELGIUM,Fundings of start-ups,By technology,Non-clean energy,Early stage,2020,107575.7578,USD,1
BEL,BELGIUM,Fundings of start-ups,By technology,Non-clean energy,Early stage,2021,2448382.5,USD,1
BEL,BELGIUM,Probability to receive funding,By technology,Non-clean energy,Early stage,2021,10.65573788,Percentage,122
BEL,BELGIUM,Fundings of start-ups,By technology,Non-clean energy,Early stage,2022,0.853319287,Years,122
BEL,BELGIUM,Probability to receive funding,By technology,Nuclear,Early stage,2015,0,Percentage,4
BEL,BELGIUM,Probability to receive funding,By technology,Nuclear,Early stage,2016,0,Percentage,4
BEL,BELGIUM,Probability to receive funding,By technology,Nuclear,Early stage,2017,0,Percentage,4
BEL,BELGIUM,Probability to receive funding,By technology,Nuclear,Early stage,2018,0,Percentage,4
BEL,BELGIUM,Probability to receive funding,By technology,Nuclear,Early stage,2019,0,Percentage,4
BEL,BELGIUM,Probability to receive funding,By technology,Nuclear,Early stage,2020,0,Percentage,4
BEL,BELGIUM,Probability to receive funding,By technology,Nuclear,Early stage,2021,0,Percentage,4
BEL,BELGIUM,Probability to receive funding,By technology,Other energy,Early stage,2015,5.968529701,Percentage,61.43333435
BEL,BELGIUM,Probability to receive funding,By technology,Other energy,Early stage,2016,5.795574188,Percentage,63.26666641
BEL,BELGIUM,Probability to receive funding,By technology,Other energy,Early stage,2017,6.810995102,Percentage,68.51667023
BEL,BELGIUM,Probability to receive funding,By technology,Other energy,Early stage,2018,6.761651993,Percentage,69.01667023
BEL,BELGIUM,Probability to receive funding,By technology,Other energy,Early stage,2019,7.124798775,Percentage,72.51667023
BEL,BELGIUM,Probability to receive funding,By technology,Other energy,Early stage,2020,7.124798775,Percentage,72.51667023
BEL,BELGIUM,Probability to receive funding,By technology,Other energy,Early stage,2021,7.124798775,Percentage,72.51667023
BEL,BELGIUM,Fundings of start-ups,By technology,Other energy,Early stage,2022,1.627132177,Years,72.51667023
BEL,BELGIUM,Probability to receive funding,By technology,Other renewables,Early stage,2015,4.725339413,Percentage,28.21666718
BEL,BELGIUM,Probability to receive funding,By technology,Other renewables,Early stage,2016,7.39566803,Percentage,31.54999924
BEL,BELGIUM,Probability to receive funding,By technology,Other renewables,Early stage,2017,7.168458939,Percentage,32.54999924
BEL,BELGIUM,Probability to receive funding,By technology,Other renewables,Early stage,2018,7.168458939,Percentage,32.54999924
BEL,BELGIUM,Probability to receive funding,By technology,Other renewables,Early stage,2019,8.572869301,Percentage,33.04999924
BEL,BELGIUM,Probability to receive funding,By technology,Other renewables,Early stage,2020,8.572869301,Percentage,33.04999924
BEL,BELGIUM,Probability to receive funding,By technology,Other renewables,Early stage,2021,8.572869301,Percentage,33.04999924
BEL,BELGIUM,Fundings of start-ups,By technology,Other renewables,Early stage,2022,1.765995145,Years,33.04999924
BEL,BELGIUM,Probability to receive funding,By technology,Solar,Early stage,2015,0,Percentage,23.20000076
BEL,BELGIUM,Probability to receive funding,By technology,Solar,Early stage,2016,0,Percentage,23.70000076
BEL,BELGIUM,Probability to receive funding,By technology,Solar,Early stage,2017,0,Percentage,23.70000076
BEL,BELGIUM,Probability to receive funding,By technology,Solar,Early stage,2018,0,Percentage,23.70000076
BEL,BELGIUM,Probability to receive funding,By technology,Solar,Early stage,2019,0,Percentage,23.70000076
BEL,BELGIUM,Probability to receive funding,By technology,Solar,Early stage,2020,0,Percentage,23.70000076
BEL,BELGIUM,Probability to receive funding,By technology,Solar,Early stage,2021,0,Percentage,23.70000076
BEL,BELGIUM,Probability to receive funding,By technology,Wind,Early stage,2015,0,Percentage,1.833333373
BEL,BELGIUM,Probability to receive funding,By technology,Wind,Early stage,2016,0,Percentage,1.833333373
BEL,BELGIUM,Probability to receive funding,By technology,Wind,Early stage,2017,0,Percentage,1.833333373
BEL,BELGIUM,Probability to receive funding,By technology,Wind,Early stage,2018,0,Percentage,1.833333373
BEL,BELGIUM,Probability to receive funding,By technology,Wind,Early stage,2019,0,Percentage,1.833333373
BEL,BELGIUM,Probability to receive funding,By technology,Wind,Early stage,2020,0,Percentage,1.833333373
BEL,BELGIUM,Probability to receive funding,By technology,Wind,Early stage,2021,0,Percentage,1.833333373
BEL,BELGIUM,Probability to receive funding,By technology,Bioenergy,Later stage,2015,100,Percentage,1
BEL,BELGIUM,Probability to receive funding,By technology,Bioenergy,Later stage,2016,100,Percentage,1
BEL,BELGIUM,Probability to receive funding,By technology,Bioenergy,Later stage,2017,100,Percentage,1
BEL,BELGIUM,Probability to receive funding,By technology,Bioenergy,Later stage,2018,100,Percentage,1
BEL,BELGIUM,Probability to receive funding,By technology,Bioenergy,Later stage,2019,100,Percentage,1
BEL,BELGIUM,Probability to receive funding,By technology,Bioenergy,Later stage,2020,100,Percentage,1
BEL,BELGIUM,Probability to receive funding,By technology,Bioenergy,Later stage,2021,100,Percentage,1
BEL,BELGIUM,Fundings of start-ups,By technology,Clean energy,Later stage,2017,5105358.5,USD,1
BEL,BELGIUM,Fundings of start-ups,By technology,Clean energy,Later stage,2019,1825714.25,USD,1
BEL,BELGIUM,Probability to receive funding,By technology,Clean energy,Later stage,2021,7.692307472,Percentage,143
BEL,BELGIUM,Fundings of start-ups,By technology,Clean energy,Later stage,2022,99933200,USD,2
BEL,BELGIUM,Fundings of start-ups,By technology,Clean energy,Later stage,2022,6.183312416,Years,143
BEL,BELGIUM,Probability to receive funding,By technology,Electric mobility,Later stage,2015,28.5714283,Percentage,3.5
BEL,BELGIUM,Probability to receive funding,By technology,Electric mobility,Later stage,2016,20,Percentage,5
BEL,BELGIUM,Probability to receive funding,By technology,Electric mobility,Later stage,2017,33.33333206,Percentage,6
BEL,BELGIUM,Probability to receive funding,By technology,Electric mobility,Later stage,2018,28.5714283,Percentage,7
BEL,BELGIUM,Probability to receive funding,By technology,Electric mobility,Later stage,2019,22.22222137,Percentage,9
BEL,BELGIUM,Probability to receive funding,By technology,Electric mobility,Later stage,2020,18.18181801,Percentage,11
BEL,BELGIUM,Probability to receive funding,By technology,Electric mobility,Later stage,2021,18.18181801,Percentage,11
BEL,BELGIUM,Fundings of start-ups,By technology,Electric mobility,Later stage,2022,6.195890427,Years,11
BEL,BELGIUM,Probability to receive funding,By technology,Energy efficiency,Later stage,2015,6.356968403,Percentage,61.34999847
BEL,BELGIUM,Probability to receive funding,By technology,Energy efficiency,Later stage,2016,5.89272213,Percentage,66.18333435
BEL,BELGIUM,Probability to receive funding,By technology,Energy efficiency,Later stage,2017,5.44059515,Percentage,71.68333435
BEL,BELGIUM,Probability to receive funding,By technology,Energy efficiency,Later stage,2018,5.292920113,Percentage,73.68333435
BEL,BELGIUM,Probability to receive funding,By technology,Energy efficiency,Later stage,2019,5.222048759,Percentage,74.68333435
BEL,BELGIUM,Probability to receive funding,By technology,Energy efficiency,Later stage,2020,5.085850716,Percentage,76.68333435
BEL,BELGIUM,Probability to receive funding,By technology,Energy efficiency,Later stage,2021,5.085850716,Percentage,76.68333435
BEL,BELGIUM,Fundings of start-ups,By technology,Energy efficiency,Later stage,2022,6.504320145,Years,76.68333435
BEL,BELGIUM,Probability to receive funding,By technology,Energy storage and batteries,Later stage,2015,16.48351669,Percentage,3.033333302
BEL,BELGIUM,Probability to receive funding,By technology,Energy storage and batteries,Later stage,2016,16.48351669,Percentage,3.033333302
BEL,BELGIUM,Probability to receive funding,By technology,Energy storage and batteries,Later stage,2017,12.39669418,Percentage,4.033333302
BEL,BELGIUM,Probability to receive funding,By technology,Energy storage and batteries,Later stage,2018,12.39669418,Percentage,4.033333302
BEL,BELGIUM,Probability to receive funding,By technology,Energy storage and batteries,Later stage,2019,12.39669418,Percentage,4.033333302
BEL,BELGIUM,Probability to receive funding,By technology,Energy storage and batteries,Later stage,2020,12.39669418,Percentage,4.033333302
BEL,BELGIUM,Probability to receive funding,By technology,Energy storage and batteries,Later stage,2021,12.39669418,Percentage,4.033333302
BEL,BELGIUM,Probability to receive funding,By technology,Fossil fuels,Later stage,2015,20.10050201,Percentage,9.949999809
BEL,BELGIUM,Probability to receive funding,By technology,Fossil fuels,Later stage,2016,17.46724892,Percentage,11.44999981
BEL,BELGIUM,Probability to receive funding,By technology,Fossil fuels,Later stage,2017,17.46724892,Percentage,11.44999981
BEL,BELGIUM,Probability to receive funding,By technology,Fossil fuels,Later stage,2018,16.73640251,Percentage,11.94999981
BEL,BELGIUM,Probability to receive funding,By technology,Fossil fuels,Later stage,2019,16.73640251,Percentage,11.94999981
BEL,BELGIUM,Probability to receive funding,By technology,Fossil fuels,Later stage,2020,16.73640251,Percentage,11.94999981
BEL,BELGIUM,Probability to receive funding,By technology,Fossil fuels,Later stage,2021,16.73640251,Percentage,11.94999981
BEL,BELGIUM,Fundings of start-ups,By technology,Fossil fuels,Later stage,2022,8.35068512,Years,11.94999981
BEL,BELGIUM,Probability to receive funding,By technology,Grid,Later stage,2015,5.272407532,Percentage,9.483333588
BEL,BELGIUM,Probability to receive funding,By technology,Grid,Later stage,2016,4.552351952,Percentage,10.98333359
BEL,BELGIUM,Probability to receive funding,By technology,Grid,Later stage,2017,4.552351952,Percentage,10.98333359
BEL,BELGIUM,Probability to receive funding,By technology,Grid,Later stage,2018,4.552351952,Percentage,10.98333359
BEL,BELGIUM,Probability to receive funding,By technology,Grid,Later stage,2019,4.172461987,Percentage,11.98333359
BEL,BELGIUM,Probability to receive funding,By technology,Grid,Later stage,2020,4.172461987,Percentage,11.98333359
BEL,BELGIUM,Probability to receive funding,By technology,Grid,Later stage,2021,4.172461987,Percentage,11.98333359
BEL,BELGIUM,Fundings of start-ups,By technology,Grid,Later stage,2022,10.6575346,Years,11.98333359
BEL,BELGIUM,Probability to receive funding,By technology,Hydrogen and fuel cells,Later stage,2017,0,Percentage,0.25
BEL,BELGIUM,Probability to receive funding,By technology,Hydrogen and fuel cells,Later stage,2018,0,Percentage,0.25
BEL,BELGIUM,Probability to receive funding,By technology,Hydrogen and fuel cells,Later stage,2019,0,Percentage,0.25
BEL,BELGIUM,Probability to receive funding,By technology,Hydrogen and fuel cells,Later stage,2020,0,Percentage,0.25
BEL,BELGIUM,Probability to receive funding,By technology,Hydrogen and fuel cells,Later stage,2021,0,Percentage,0.25
BEL,BELGIUM,Fundings of start-ups,By technology,Non-clean energy,Later stage,2013,3835089,USD,1
BEL,BELGIUM,Fundings of start-ups,By technology,Non-clean energy,Later stage,2016,1275382.625,USD,1
BEL,BELGIUM,Probability to receive funding,By technology,Non-clean energy,Later stage,2021,4.918032646,Percentage,122
BEL,BELGIUM,Fundings of start-ups,By technology,Non-clean energy,Later stage,2022,10620943,USD,1
BEL,BELGIUM,Fundings of start-ups,By technology,Non-clean energy,Later stage,2022,5.560730457,Years,122
BEL,BELGIUM,Probability to receive funding,By technology,Nuclear,Later stage,2015,0,Percentage,4
BEL,BELGIUM,Probability to receive funding,By technology,Nuclear,Later stage,2016,0,Percentage,4
BEL,BELGIUM,Probability to receive funding,By technology,Nuclear,Later stage,2017,0,Percentage,4
BEL,BELGIUM,Probability to receive funding,By technology,Nuclear,Later stage,2018,0,Percentage,4
BEL,BELGIUM,Probability to receive funding,By technology,Nuclear,Later stage,2019,0,Percentage,4
BEL,BELGIUM,Probability to receive funding,By technology,Nuclear,Later stage,2020,0,Percentage,4
BEL,BELGIUM,Probability to receive funding,By technology,Nuclear,Later stage,2021,0,Percentage,4
BEL,BELGIUM,Probability to receive funding,By technology,Other energy,Later stage,2015,5.480195522,Percentage,61.43333435
BEL,BELGIUM,Probability to receive funding,By technology,Other energy,Later stage,2016,5.321391106,Percentage,63.26666641
BEL,BELGIUM,Probability to receive funding,By technology,Other energy,Later stage,2017,4.913646221,Percentage,68.51667023
BEL,BELGIUM,Probability to receive funding,By technology,Other energy,Later stage,2018,4.878048897,Percentage,69.01667023
BEL,BELGIUM,Probability to receive funding,By technology,Other energy,Later stage,2019,6.021604061,Percentage,72.51667023
BEL,BELGIUM,Probability to receive funding,By technology,Other energy,Later stage,2020,6.021604061,Percentage,72.51667023
BEL,BELGIUM,Probability to receive funding,By technology,Other energy,Later stage,2021,6.021604061,Percentage,72.51667023
BEL,BELGIUM,Fundings of start-ups,By technology,Other energy,Later stage,2022,4.296580791,Years,72.51667023
BEL,BELGIUM,Probability to receive funding,By technology,Other renewables,Later stage,2015,5.552274227,Percentage,28.21666718
BEL,BELGIUM,Probability to receive funding,By technology,Other renewables,Later stage,2016,4.965662956,Percentage,31.54999924
BEL,BELGIUM,Probability to receive funding,By technology,Other renewables,Later stage,2017,4.813107967,Percentage,32.54999924
BEL,BELGIUM,Probability to receive funding,By technology,Other renewables,Later stage,2018,4.813107967,Percentage,32.54999924
BEL,BELGIUM,Probability to receive funding,By technology,Other renewables,Later stage,2019,4.740292549,Percentage,33.04999924
BEL,BELGIUM,Probability to receive funding,By technology,Other renewables,Later stage,2020,4.740292549,Percentage,33.04999924
BEL,BELGIUM,Probability to receive funding,By technology,Other renewables,Later stage,2021,4.740292549,Percentage,33.04999924
BEL,BELGIUM,Fundings of start-ups,By technology,Other renewables,Later stage,2022,6.305566788,Years,33.04999924
BEL,BELGIUM,Probability to receive funding,By technology,Solar,Later stage,2015,5.028735638,Percentage,23.20000076
BEL,BELGIUM,Probability to receive funding,By technology,Solar,Later stage,2016,4.922644138,Percentage,23.70000076
BEL,BELGIUM,Probability to receive funding,By technology,Solar,Later stage,2017,4.922644138,Percentage,23.70000076
BEL,BELGIUM,Probability to receive funding,By technology,Solar,Later stage,2018,4.922644138,Percentage,23.70000076
BEL,BELGIUM,Probability to receive funding,By technology,Solar,Later stage,2019,4.922644138,Percentage,23.70000076
BEL,BELGIUM,Probability to receive funding,By technology,Solar,Later stage,2020,4.922644138,Percentage,23.70000076
BEL,BELGIUM,Probability to receive funding,By technology,Solar,Later stage,2021,4.922644138,Percentage,23.70000076
BEL,BELGIUM,Probability to receive funding,By technology,Wind,Later stage,2015,0,Percentage,1.833333373
BEL,BELGIUM,Probability to receive funding,By technology,Wind,Later stage,2016,0,Percentage,1.833333373
BEL,BELGIUM,Probability to receive funding,By technology,Wind,Later stage,2017,0,Percentage,1.833333373
BEL,BELGIUM,Probability to receive funding,By technology,Wind,Later stage,2018,0,Percentage,1.833333373
BEL,BELGIUM,Probability to receive funding,By technology,Wind,Later stage,2019,0,Percentage,1.833333373
BEL,BELGIUM,Probability to receive funding,By technology,Wind,Later stage,2020,0,Percentage,1.833333373
BEL,BELGIUM,Probability to receive funding,By technology,Wind,Later stage,2021,0,Percentage,1.833333373
BLZ,BELIZE,Probability to receive funding,"By sector (energy, green, digital)",Energy,Early stage,2021,0,Percentage,1
BLZ,BELIZE,Probability to receive funding,"By sector (energy, green, digital)",Energy and digital,Early stage,2021,0,Percentage,1
BLZ,BELIZE,Fundings of start-ups,"By sector (energy, green, digital)",Non-energy,Early stage,2014,470718.2188,USD,1
BLZ,BELIZE,Fundings of start-ups,"By sector (energy, green, digital)",Non-energy,Early stage,2020,1129545.5,USD,5
BLZ,BELIZE,Probability to receive funding,"By sector (energy, green, digital)",Non-energy,Early stage,2021,8.823529243,Percentage,68
BLZ,BELIZE,Fundings of start-ups,"By sector (energy, green, digital)",Non-energy,Early stage,2021,1492029,USD,1
BLZ,BELIZE,Fundings of start-ups,"By sector (energy, green, digital)",Non-energy,Early stage,2022,3.524200916,Years,68
BLZ,BELIZE,Fundings of start-ups,"By sector (energy, green, digital)",Non-energy,Early stage,2022,350000,USD,1
BLZ,BELIZE,Probability to receive funding,"By sector (energy, green, digital)",Energy,Later stage,2021,0,Percentage,1
BLZ,BELIZE,Probability to receive funding,"By sector (energy, green, digital)",Energy and digital,Later stage,2021,0,Percentage,1
BLZ,BELIZE,Probability to receive funding,"By sector (energy, green, digital)",Non-energy,Later stage,2021,1.470588207,Percentage,68
BLZ,BELIZE,Fundings of start-ups,"By sector (energy, green, digital)",Non-energy,Later stage,2022,3.736986399,Years,68
BLZ,BELIZE,Probability to receive funding,By technology,Fossil fuels,Early stage,2015,0,Percentage,1
BLZ,BELIZE,Probability to receive funding,By technology,Fossil fuels,Early stage,2016,0,Percentage,1
BLZ,BELIZE,Probability to receive funding,By technology,Fossil fuels,Early stage,2017,0,Percentage,1
BLZ,BELIZE,Probability to receive funding,By technology,Fossil fuels,Early stage,2018,0,Percentage,1
BLZ,BELIZE,Probability to receive funding,By technology,Fossil fuels,Early stage,2019,0,Percentage,1
BLZ,BELIZE,Probability to receive funding,By technology,Fossil fuels,Early stage,2020,0,Percentage,1
BLZ,BELIZE,Probability to receive funding,By technology,Fossil fuels,Early stage,2021,0,Percentage,1
BLZ,BELIZE,Probability to receive funding,By technology,Non-clean energy,Early stage,2021,0,Percentage,1
BLZ,BELIZE,Probability to receive funding,By technology,Fossil fuels,Later stage,2015,0,Percentage,1
BLZ,BELIZE,Probability to receive funding,By technology,Fossil fuels,Later stage,2016,0,Percentage,1
BLZ,BELIZE,Probability to receive funding,By technology,Fossil fuels,Later stage,2017,0,Percentage,1
BLZ,BELIZE,Probability to receive funding,By technology,Fossil fuels,Later stage,2018,0,Percentage,1
BLZ,BELIZE,Probability to receive funding,By technology,Fossil fuels,Later stage,2019,0,Percentage,1
BLZ,BELIZE,Probability to receive funding,By technology,Fossil fuels,Later stage,2020,0,Percentage,1
BLZ,BELIZE,Probability to receive funding,By technology,Fossil fuels,Later stage,2021,0,Percentage,1
BLZ,BELIZE,Probability to receive funding,By technology,Non-clean energy,Later stage,2021,0,Percentage,1
BEN,BENIN,Fundings of start-ups,"By sector (energy, green, digital)",Non-energy,Early stage,2020,17857.57617,USD,1
BEN,BENIN,Probability to receive funding,"By sector (energy, green, digital)",Non-energy,Early stage,2021,4.166666508,Percentage,48
BEN,BENIN,Fundings of start-ups,"By sector (energy, green, digital)",Non-energy,Early stage,2022,2.550684929,Years,48
BEN,BENIN,Probability to receive funding,"By sector (energy, green, digital)",Non-energy,Later stage,2021,0,Percentage,48
BMU,BERMUDA,Fundings of start-ups,"By sector (energy, green, digital)",Energy,Early stage,2013,139108.1406,USD,1
BMU,BERMUDA,Fundings of start-ups,"By sector (energy, green, digital)",Energy,Early stage,2014,129447.5156,USD,1
BMU,BERMUDA,Probability to receive funding,"By sector (energy, green, digital)",Energy,Early stage,2021,12.5,Percentage,8
BMU,BERMUDA,Fundings of start-ups,"By sector (energy, green, digital)",Energy,Early stage,2022,5.813698769,Years,8
BMU,BERMUDA,Probability to receive funding,"By sector (energy, green, digital)",Energy and digital,Early stage,2021,0,Percentage,1
BMU,BERMUDA,Fundings of start-ups,"By sector (energy, green, digital)",Energy and non-digital,Early stage,2013,139108.1406,USD,1
BMU,BERMUDA,Fundings of start-ups,"By sector (energy, green, digital)",Energy and non-digital,Early stage,2014,129447.5156,USD,1
BMU,BERMUDA,Probability to receive funding,"By sector (energy, green, digital)",Energy and non-digital,Early stage,2021,14.28571415,Percentage,7
BMU,BERMUDA,Fundings of start-ups,"By sector (energy, green, digital)",Energy and non-digital,Early stage,2022,5.813698769,Years,7
BMU,BERMUDA,Fundings of start-ups,"By sector (energy, green, digital)",Non-energy,Early stage,2011,30959302,USD,1
BMU,BERMUDA,Fundings of start-ups,"By sector (energy, green, digital)",Non-energy,Early stage,2012,14522727,USD,1
BMU,BERMUDA,Fundings of start-ups,"By sector (energy, green, digital)",Non-energy,Early stage,2013,4454700,USD,2
BMU,BERMUDA,Fundings of start-ups,"By sector (energy, green, digital)",Non-energy,Early stage,2015,94202488,USD,2
BMU,BERMUDA,Fundings of start-ups,"By sector (energy, green, digital)",Non-energy,Early stage,2017,45319148,USD,1
BMU,BERMUDA,Fundings of start-ups,"By sector (energy, green, digital)",Non-energy,Early stage,2019,2173469.5,USD,1
BMU,BERMUDA,Fundings of start-ups,"By sector (energy, green, digital)",Non-energy,Early stage,2020,2345151.5,USD,1
BMU,BERMUDA,Probability to receive funding,"By sector (energy, green, digital)",Non-energy,Early stage,2021,8.888889313,Percentage,90
BMU,BERMUDA,Fundings of start-ups,"By sector (energy, green, digital)",Non-energy,Early stage,2021,14663043,USD,1
BMU,BERMUDA,Fundings of start-ups,"By sector (energy, green, digital)",Non-energy,Early stage,2022,7025000,USD,1
BMU,BERMUDA,Fundings of start-ups,"By sector (energy, green, digital)",Non-energy,Early stage,2022,2.39246583,Years,90
BMU,BERMUDA,Fundings of start-ups,"By sector (energy, green, digital)",Energy,Later stage,2010,3262598.75,USD,1
BMU,BERMUDA,Fundings of start-ups,"By sector (energy, green, digital)",Energy,Later stage,2011,1486046.5,USD,1
BMU,BERMUDA,Fundings of start-ups,"By sector (energy, green, digital)",Energy,Later stage,2012,424789.7813,USD,1
BMU,BERMUDA,Fundings of start-ups,"By sector (energy, green, digital)",Energy,Later stage,2016,380353.1875,USD,1
BMU,BERMUDA,Probability to receive funding,"By sector (energy, green, digital)",Energy,Later stage,2021,12.5,Percentage,8
BMU,BERMUDA,Fundings of start-ups,"By sector (energy, green, digital)",Energy,Later stage,2022,2.279452085,Years,8
BMU,BERMUDA,Probability to receive funding,"By sector (energy, green, digital)",Energy and digital,Later stage,2021,0,Percentage,1
BMU,BERMUDA,Fundings of start-ups,"By sector (energy, green, digital)",Energy and non-digital,Later stage,2010,3262598.75,USD,1
BMU,BERMUDA,Fundings of start-ups,"By sector (energy, green, digital)",Energy and non-digital,Later stage,2011,1486046.5,USD,1
BMU,BERMUDA,Fundings of start-ups,"By sector (energy, green, digital)",Energy and non-digital,Later stage,2012,424789.7813,USD,1
BMU,BERMUDA,Fundings of start-ups,"By sector (energy, green, digital)",Energy and non-digital,Later stage,2016,380353.1875,USD,1
BMU,BERMUDA,Probability to receive funding,"By sector (energy, green, digital)",Energy and non-digital,Later stage,2021,14.28571415,Percentage,7
BMU,BERMUDA,Fundings of start-ups,"By sector (energy, green, digital)",Energy and non-digital,Later stage,2022,2.279452085,Years,7
BMU,BERMUDA,Fundings of start-ups,"By sector (energy, green, digital)",Non-energy,Later stage,2014,31185082,USD,1
BMU,BERMUDA,Fundings of start-ups,"By sector (energy, green, digital)",Non-energy,Later stage,2017,88089096,USD,1
BMU,BERMUDA,Fundings of start-ups,"By sector (energy, green, digital)",Non-energy,Later stage,2018,221875008,USD,1
BMU,BERMUDA,Probability to receive funding,"By sector (energy, green, digital)",Non-energy,Later stage,2021,7.777777672,Percentage,90
BMU,BERMUDA,Fundings of start-ups,"By sector (energy, green, digital)",Non-energy,Later stage,2022,4.796477318,Years,90
BMU,BERMUDA,Fundings of start-ups,By technology,Energy efficiency,all,2010,1087532.875,USD,0.333333343
BMU,BERMUDA,Fundings of start-ups,By technology,Energy efficiency,all,2011,495348.8438,USD,0.333333343
BMU,BERMUDA,Fundings of start-ups,By technology,Energy efficiency,all,2012,141596.5938,USD,0.333333343
BMU,BERMUDA,Fundings of start-ups,By technology,Energy efficiency,all,2013,46369.38281,USD,0.333333343
BMU,BERMUDA,Fundings of start-ups,By technology,Energy efficiency,all,2014,43149.17188,USD,0.333333343
BMU,BERMUDA,Fundings of start-ups,By technology,Energy efficiency,all,2016,126784.3906,USD,0.333333343
BMU,BERMUDA,Fundings of start-ups,By technology,Other energy,all,2010,1087532.875,USD,0.333333343
BMU,BERMUDA,Fundings of start-ups,By technology,Other energy,all,2011,495348.8438,USD,0.333333343
BMU,BERMUDA,Fundings of start-ups,By technology,Other energy,all,2012,141596.5938,USD,0.333333343
BMU,BERMUDA,Fundings of start-ups,By technology,Other energy,all,2013,46369.38281,USD,0.333333343
BMU,BERMUDA,Fundings of start-ups,By technology,Other energy,all,2014,43149.17188,USD,0.333333343
BMU,BERMUDA,Fundings of start-ups,By technology,Other energy,all,2016,126784.3906,USD,0.333333343
BMU,BERMUDA,Fundings of start-ups,By technology,Other renewables,all,2010,1087532.875,USD,0.333333343
BMU,BERMUDA,Fundings of start-ups,By technology,Other renewables,all,2011,495348.8438,USD,0.333333343
BMU,BERMUDA,Fundings of start-ups,By technology,Other renewables,all,2012,141596.5938,USD,0.333333343
BMU,BERMUDA,Fundings of start-ups,By technology,Other renewables,all,2013,46369.38281,USD,0.333333343
BMU,BERMUDA,Fundings of start-ups,By technology,Other renewables,all,2014,43149.17188,USD,0.333333343
BMU,BERMUDA,Fundings of start-ups,By technology,Other renewables,all,2016,126784.3906,USD,0.333333343
BMU,BERMUDA,Fundings of start-ups,By technology,Clean energy,Early stage,2013,139108.1406,USD,1
BMU,BERMUDA,Fundings of start-ups,By technology,Clean energy,Early stage,2014,129447.5156,USD,1
BMU,BERMUDA,Probability to receive funding,By technology,Clean energy,Early stage,2021,100,Percentage,1
BMU,BERMUDA,Fundings of start-ups,By technology,Clean energy,Early stage,2022,5.813698769,Years,1
BMU,BERMUDA,Probability to receive funding,By technology,Energy efficiency,Early stage,2015,100,Percentage,0.333333343
BMU,BERMUDA,Probability to receive funding,By technology,Energy efficiency,Early stage,2016,100,Percentage,0.333333343
BMU,BERMUDA,Probability to receive funding,By technology,Energy efficiency,Early stage,2017,100,Percentage,0.333333343
BMU,BERMUDA,Probability to receive funding,By technology,Energy efficiency,Early stage,2018,100,Percentage,0.333333343
BMU,BERMUDA,Probability to receive funding,By technology,Energy efficiency,Early stage,2019,100,Percentage,0.333333343
BMU,BERMUDA,Probability to receive funding,By technology,Energy efficiency,Early stage,2020,100,Percentage,0.333333343
BMU,BERMUDA,Probability to receive funding,By technology,Energy efficiency,Early stage,2021,100,Percentage,0.333333343
BMU,BERMUDA,Probability to receive funding,By technology,Fossil fuels,Early stage,2015,0,Percentage,2.5
BMU,BERMUDA,Probability to receive funding,By technology,Fossil fuels,Early stage,2016,0,Percentage,3
BMU,BERMUDA,Probability to receive funding,By technology,Fossil fuels,Early stage,2017,0,Percentage,3
BMU,BERMUDA,Probability to receive funding,By technology,Fossil fuels,Early stage,2018,0,Percentage,3
BMU,BERMUDA,Probability to receive funding,By technology,Fossil fuels,Early stage,2019,0,Percentage,3
BMU,BERMUDA,Probability to receive funding,By technology,Fossil fuels,Early stage,2020,0,Percentage,3
BMU,BERMUDA,Probability to receive funding,By technology,Fossil fuels,Early stage,2021,0,Percentage,3
BMU,BERMUDA,Probability to receive funding,By technology,Non-clean energy,Early stage,2021,0,Percentage,7
BMU,BERMUDA,Probability to receive funding,By technology,Other energy,Early stage,2015,18.18181801,Percentage,1.833333373
BMU,BERMUDA,Probability to receive funding,By technology,Other energy,Early stage,2016,14.28571415,Percentage,2.333333254
BMU,BERMUDA,Probability to receive funding,By technology,Other energy,Early stage,2017,10,Percentage,3.333333254
BMU,BERMUDA,Probability to receive funding,By technology,Other energy,Early stage,2018,10,Percentage,3.333333254
BMU,BERMUDA,Probability to receive funding,By technology,Other energy,Early stage,2019,10,Percentage,3.333333254
BMU,BERMUDA,Probability to receive funding,By technology,Other energy,Early stage,2020,10,Percentage,3.333333254
BMU,BERMUDA,Probability to receive funding,By technology,Other energy,Early stage,2021,10,Percentage,3.333333254
BMU,BERMUDA,Fundings of start-ups,By technology,Other energy,Early stage,2022,5.813698769,Years,3.333333254
BMU,BERMUDA,Probability to receive funding,By technology,Other renewables,Early stage,2015,100,Percentage,0.333333343
BMU,BERMUDA,Probability to receive funding,By technology,Other renewables,Early stage,2016,100,Percentage,0.333333343
BMU,BERMUDA,Probability to receive funding,By technology,Other renewables,Early stage,2017,100,Percentage,0.333333343
BMU,BERMUDA,Probability to receive funding,By technology,Other renewables,Early stage,2018,100,Percentage,0.333333343
BMU,BERMUDA,Probability to receive funding,By technology,Other renewables,Early stage,2019,100,Percentage,0.333333343
BMU,BERMUDA,Probability to receive funding,By technology,Other renewables,Early stage,2020,100,Percentage,0.333333343
BMU,BERMUDA,Probability to receive funding,By technology,Other renewables,Early stage,2021,100,Percentage,0.333333343
BMU,BERMUDA,Fundings of start-ups,By technology,Clean energy,Later stage,2010,3262598.75,USD,1
BMU,BERMUDA,Fundings of start-ups,By technology,Clean energy,Later stage,2011,1486046.5,USD,1
BMU,BERMUDA,Fundings of start-ups,By technology,Clean energy,Later stage,2012,424789.7813,USD,1
BMU,BERMUDA,Fundings of start-ups,By technology,Clean energy,Later stage,2016,380353.1875,USD,1
BMU,BERMUDA,Probability to receive funding,By technology,Clean energy,Later stage,2021,100,Percentage,1
BMU,BERMUDA,Fundings of start-ups,By technology,Clean energy,Later stage,2022,2.279452085,Years,1
BMU,BERMUDA,Probability to receive funding,By technology,Energy efficiency,Later stage,2015,100,Percentage,0.333333343
BMU,BERMUDA,Probability to receive funding,By technology,Energy efficiency,Later stage,2016,100,Percentage,0.333333343
BMU,BERMUDA,Probability to receive funding,By technology,Energy efficiency,Later stage,2017,100,Percentage,0.333333343
BMU,BERMUDA,Probability to receive funding,By technology,Energy efficiency,Later stage,2018,100,Percentage,0.333333343
BMU,BERMUDA,Probability to receive funding,By technology,Energy efficiency,Later stage,2019,100,Percentage,0.333333343
BMU,BERMUDA,Probability to receive funding,By technology,Energy efficiency,Later stage,2020,100,Percentage,0.333333343
BMU,BERMUDA,Probability to receive funding,By technology,Energy efficiency,Later stage,2021,100,Percentage,0.333333343
BMU,BERMUDA,Probability to receive funding,By technology,Fossil fuels,Later stage,2015,0,Percentage,2.5
BMU,BERMUDA,Probability to receive funding,By technology,Fossil fuels,Later stage,2016,0,Percentage,3
BMU,BERMUDA,Probability to receive funding,By technology,Fossil fuels,Later stage,2017,0,Percentage,3
BMU,BERMUDA,Probability to receive funding,By technology,Fossil fuels,Later stage,2018,0,Percentage,3
BMU,BERMUDA,Probability to receive funding,By technology,Fossil fuels,Later stage,2019,0,Percentage,3
BMU,BERMUDA,Probability to receive funding,By technology,Fossil fuels,Later stage,2020,0,Percentage,3
BMU,BERMUDA,Probability to receive funding,By technology,Fossil fuels,Later stage,2021,0,Percentage,3
BMU,BERMUDA,Probability to receive funding,By technology,Non-clean energy,Later stage,2021,0,Percentage,7
BMU,BERMUDA,Probability to receive funding,By technology,Other energy,Later stage,2015,18.18181801,Percentage,1.833333373
BMU,BERMUDA,Probability to receive funding,By technology,Other energy,Later stage,2016,14.28571415,Percentage,2.333333254
BMU,BERMUDA,Probability to receive funding,By technology,Other energy,Later stage,2017,10,Percentage,3.333333254
BMU,BERMUDA,Probability to receive funding,By technology,Other energy,Later stage,2018,10,Percentage,3.333333254
BMU,BERMUDA,Probability to receive funding,By technology,Other energy,Later stage,2019,10,Percentage,3.333333254
BMU,BERMUDA,Probability to receive funding,By technology,Other energy,Later stage,2020,10,Percentage,3.333333254
BMU,BERMUDA,Probability to receive funding,By technology,Other energy,Later stage,2021,10,Percentage,3.333333254
BMU,BERMUDA,Fundings of start-ups,By technology,Other energy,Later stage,2022,2.279452085,Years,3.333333254
BMU,BERMUDA,Probability to receive funding,By technology,Other renewables,Later stage,2015,100,Percentage,0.333333343
BMU,BERMUDA,Probability to receive funding,By technology,Other renewables,Later stage,2016,100,Percentage,0.333333343
BMU,BERMUDA,Probability to receive funding,By technology,Other renewables,Later stage,2017,100,Percentage,0.333333343
BMU,BERMUDA,Probability to receive funding,By technology,Other renewables,Later stage,2018,100,Percentage,0.333333343
BMU,BERMUDA,Probability to receive funding,By technology,Other renewables,Later stage,2019,100,Percentage,0.333333343
BMU,BERMUDA,Probability to receive funding,By technology,Other renewables,Later stage,2020,100,Percentage,0.333333343
BMU,BERMUDA,Probability to receive funding,By technology,Other renewables,Later stage,2021,100,Percentage,0.333333343
BTN,BHUTAN,Fundings of start-ups,"By sector (energy, green, digital)",Non-energy,Early stage,2017,3911.04248,USD,1
BTN,BHUTAN,Probability to receive funding,"By sector (energy, green, digital)",Non-energy,Early stage,2021,16.66666603,Percentage,6
BTN,BHUTAN,Fundings of start-ups,"By sector (energy, green, digital)",Non-energy,Early stage,2022,0,Years,6
BTN,BHUTAN,Probability to receive funding,"By sector (energy, green, digital)",Non-energy,Later stage,2021,0,Percentage,6
VEN,BOLIVARIAN REPUBLIC OF VENEZUELA,Fundings of start-ups,"By sector (energy, green, digital)",Energy,Early stage,2019,1086734.75,USD,1
VEN,BOLIVARIAN REPUBLIC OF VENEZUELA,Probability to receive funding,"By sector (energy, green, digital)",Energy,Early stage,2021,33.33333206,Percentage,3
VEN,BOLIVARIAN REPUBLIC OF VENEZUELA,Fundings of start-ups,"By sector (energy, green, digital)",Energy,Early stage,2022,4.594520569,Years,3
VEN,BOLIVARIAN REPUBLIC OF VENEZUELA,Fundings of start-ups,"By sector (energy, green, digital)",Energy and digital,Early stage,2019,1086734.75,USD,1
VEN,BOLIVARIAN REPUBLIC OF VENEZUELA,Probability to receive funding,"By sector (energy, green, digital)",Energy and digital,Early stage,2021,100,Percentage,1
VEN,BOLIVARIAN REPUBLIC OF VENEZUELA,Fundings of start-ups,"By sector (energy, green, digital)",Energy and digital,Early stage,2022,4.594520569,Years,1
VEN,BOLIVARIAN REPUBLIC OF VENEZUELA,Probability to receive funding,"By sector (energy, green, digital)",Energy and non-digital,Early stage,2021,0,Percentage,2
VEN,BOLIVARIAN REPUBLIC OF VENEZUELA,Fundings of start-ups,"By sector (energy, green, digital)",Non-energy,Early stage,2006,9681818,USD,1
VEN,BOLIVARIAN REPUBLIC OF VENEZUELA,Fundings of start-ups,"By sector (energy, green, digital)",Non-energy,Early stage,2007,13798113,USD,1
VEN,BOLIVARIAN REPUBLIC OF VENEZUELA,Fundings of start-ups,"By sector (energy, green, digital)",Non-energy,Early stage,2011,2595171,USD,1
VEN,BOLIVARIAN REPUBLIC OF VENEZUELA,Fundings of start-ups,"By sector (energy, green, digital)",Non-energy,Early stage,2012,411922.625,USD,7
VEN,BOLIVARIAN REPUBLIC OF VENEZUELA,Fundings of start-ups,"By sector (energy, green, digital)",Non-energy,Early stage,2013,4616022.5,USD,9
VEN,BOLIVARIAN REPUBLIC OF VENEZUELA,Fundings of start-ups,"By sector (energy, green, digital)",Non-energy,Early stage,2014,427428.625,USD,3
VEN,BOLIVARIAN REPUBLIC OF VENEZUELA,Fundings of start-ups,"By sector (energy, green, digital)",Non-energy,Early stage,2015,55069.32422,USD,2
VEN,BOLIVARIAN REPUBLIC OF VENEZUELA,Fundings of start-ups,"By sector (energy, green, digital)",Non-energy,Early stage,2016,1389130.375,USD,1
VEN,BOLIVARIAN REPUBLIC OF VENEZUELA,Probability to receive funding,"By sector (energy, green, digital)",Non-energy,Early stage,2021,15.67164135,Percentage,134
VEN,BOLIVARIAN REPUBLIC OF VENEZUELA,Fundings of start-ups,"By sector (energy, green, digital)",Non-energy,Early stage,2022,1.511024117,Years,135
VEN,BOLIVARIAN REPUBLIC OF VENEZUELA,Probability to receive funding,"By sector (energy, green, digital)",Energy,Later stage,2021,0,Percentage,3
VEN,BOLIVARIAN REPUBLIC OF VENEZUELA,Probability to receive funding,"By sector (energy, green, digital)",Energy and digital,Later stage,2021,0,Percentage,1
VEN,BOLIVARIAN REPUBLIC OF VENEZUELA,Probability to receive funding,"By sector (energy, green, digital)",Energy and non-digital,Later stage,2021,0,Percentage,2
VEN,BOLIVARIAN REPUBLIC OF VENEZUELA,Fundings of start-ups,"By sector (energy, green, digital)",Non-energy,Later stage,2009,20131098,USD,1
VEN,BOLIVARIAN REPUBLIC OF VENEZUELA,Fundings of start-ups,"By sector (energy, green, digital)",Non-energy,Later stage,2012,1621704.5,USD,1
VEN,BOLIVARIAN REPUBLIC OF VENEZUELA,Fundings of start-ups,"By sector (energy, green, digital)",Non-energy,Later stage,2013,2393258.5,USD,1
VEN,BOLIVARIAN REPUBLIC OF VENEZUELA,Probability to receive funding,"By sector (energy, green, digital)",Non-energy,Later stage,2021,0.74626863,Percentage,134
VEN,BOLIVARIAN REPUBLIC OF VENEZUELA,Fundings of start-ups,"By sector (energy, green, digital)",Non-energy,Later stage,2022,4.558904171,Years,135
VEN,BOLIVARIAN REPUBLIC OF VENEZUELA,Fundings of start-ups,By technology,Energy efficiency,all,2019,1086734.75,USD,1
VEN,BOLIVARIAN REPUBLIC OF VENEZUELA,Probability to receive funding,By technology,Energy efficiency,Early stage,2015,100,Percentage,1
VEN,BOLIVARIAN REPUBLIC OF VENEZUELA,Probability to receive funding,By technology,Energy efficiency,Early stage,2016,100,Percentage,1
VEN,BOLIVARIAN REPUBLIC OF VENEZUELA,Probability to receive funding,By technology,Energy efficiency,Early stage,2017,100,Percentage,1
VEN,BOLIVARIAN REPUBLIC OF VENEZUELA,Probability to receive funding,By technology,Energy efficiency,Early stage,2018,100,Percentage,1
VEN,BOLIVARIAN REPUBLIC OF VENEZUELA,Probability to receive funding,By technology,Energy efficiency,Early stage,2019,100,Percentage,1
VEN,BOLIVARIAN REPUBLIC OF VENEZUELA,Probability to receive funding,By technology,Energy efficiency,Early stage,2020,100,Percentage,1
VEN,BOLIVARIAN REPUBLIC OF VENEZUELA,Probability to receive funding,By technology,Energy efficiency,Early stage,2021,100,Percentage,1
VEN,BOLIVARIAN REPUBLIC OF VENEZUELA,Probability to receive funding,By technology,Fossil fuels,Early stage,2015,0,Percentage,2
VEN,BOLIVARIAN REPUBLIC OF VENEZUELA,Probability to receive funding,By technology,Fossil fuels,Early stage,2016,0,Percentage,2
VEN,BOLIVARIAN REPUBLIC OF VENEZUELA,Probability to receive funding,By technology,Fossil fuels,Early stage,2017,0,Percentage,2
VEN,BOLIVARIAN REPUBLIC OF VENEZUELA,Probability to receive funding,By technology,Fossil fuels,Early stage,2018,0,Percentage,2
VEN,BOLIVARIAN REPUBLIC OF VENEZUELA,Probability to receive funding,By technology,Fossil fuels,Early stage,2019,0,Percentage,2
VEN,BOLIVARIAN REPUBLIC OF VENEZUELA,Probability to receive funding,By technology,Fossil fuels,Early stage,2020,0,Percentage,2
VEN,BOLIVARIAN REPUBLIC OF VENEZUELA,Probability to receive funding,By technology,Fossil fuels,Early stage,2021,0,Percentage,2
VEN,BOLIVARIAN REPUBLIC OF VENEZUELA,Fundings of start-ups,By technology,Non-clean energy,Early stage,2019,1086734.75,USD,1
VEN,BOLIVARIAN REPUBLIC OF VENEZUELA,Probability to receive funding,By technology,Non-clean energy,Early stage,2021,33.33333206,Percentage,3
VEN,BOLIVARIAN REPUBLIC OF VENEZUELA,Fundings of start-ups,By technology,Non-clean energy,Early stage,2022,4.594520569,Years,3
VEN,BOLIVARIAN REPUBLIC OF VENEZUELA,Probability to receive funding,By technology,Energy efficiency,Later stage,2015,0,Percentage,1
VEN,BOLIVARIAN REPUBLIC OF VENEZUELA,Probability to receive funding,By technology,Energy efficiency,Later stage,2016,0,Percentage,1
VEN,BOLIVARIAN REPUBLIC OF VENEZUELA,Probability to receive funding,By technology,Energy efficiency,Later stage,2017,0,Percentage,1
VEN,BOLIVARIAN REPUBLIC OF VENEZUELA,Probability to receive funding,By technology,Energy efficiency,Later stage,2018,0,Percentage,1
VEN,BOLIVARIAN REPUBLIC OF VENEZUELA,Probability to receive funding,By technology,Energy efficiency,Later stage,2019,0,Percentage,1
VEN,BOLIVARIAN REPUBLIC OF VENEZUELA,Probability to receive funding,By technology,Energy efficiency,Later stage,2020,0,Percentage,1
VEN,BOLIVARIAN REPUBLIC OF VENEZUELA,Probability to receive funding,By technology,Energy efficiency,Later stage,2021,0,Percentage,1
VEN,BOLIVARIAN REPUBLIC OF VENEZUELA,Probability to receive funding,By technology,Fossil fuels,Later stage,2015,0,Percentage,2
VEN,BOLIVARIAN REPUBLIC OF VENEZUELA,Probability to receive funding,By technology,Fossil fuels,Later stage,2016,0,Percentage,2
VEN,BOLIVARIAN REPUBLIC OF VENEZUELA,Probability to receive funding,By technology,Fossil fuels,Later stage,2017,0,Percentage,2
VEN,BOLIVARIAN REPUBLIC OF VENEZUELA,Probability to receive funding,By technology,Fossil fuels,Later stage,2018,0,Percentage,2
VEN,BOLIVARIAN REPUBLIC OF VENEZUELA,Probability to receive funding,By technology,Fossil fuels,Later stage,2019,0,Percentage,2
VEN,BOLIVARIAN REPUBLIC OF VENEZUELA,Probability to receive funding,By technology,Fossil fuels,Later stage,2020,0,Percentage,2
VEN,BOLIVARIAN REPUBLIC OF VENEZUELA,Probability to receive funding,By technology,Fossil fuels,Later stage,2021,0,Percentage,2
VEN,BOLIVARIAN REPUBLIC OF VENEZUELA,Probability to receive funding,By technology,Non-clean energy,Later stage,2021,0,Percentage,3
BIH,BOSNIA AND HERZEGOVINA,Probability to receive funding,"By sector (energy, green, digital)",Energy,Early stage,2021,0,Percentage,3
BIH,BOSNIA AND HERZEGOVINA,Probability to receive funding,"By sector (energy, green, digital)",Energy and digital,Early stage,2021,0,Percentage,2
BIH,BOSNIA AND HERZEGOVINA,Probability to receive funding,"By sector (energy, green, digital)",Energy and non-digital,Early stage,2021,0,Percentage,1
BIH,BOSNIA AND HERZEGOVINA,Fundings of start-ups,"By sector (energy, green, digital)",Non-energy,Early stage,2014,29419.88867,USD,1
BIH,BOSNIA AND HERZEGOVINA,Fundings of start-ups,"By sector (energy, green, digital)",Non-energy,Early stage,2016,787975,USD,2
BIH,BOSNIA AND HERZEGOVINA,Fundings of start-ups,"By sector (energy, green, digital)",Non-energy,Early stage,2020,21515.15234,USD,2
BIH,BOSNIA AND HERZEGOVINA,Fundings of start-ups,"By sector (energy, green, digital)",Non-energy,Early stage,2021,1913146.5,USD,2
BIH,BOSNIA AND HERZEGOVINA,Probability to receive funding,"By sector (energy, green, digital)",Non-energy,Early stage,2021,7.272727489,Percentage,110
BIH,BOSNIA AND HERZEGOVINA,Fundings of start-ups,"By sector (energy, green, digital)",Non-energy,Early stage,2022,1.535420775,Years,110
BIH,BOSNIA AND HERZEGOVINA,Probability to receive funding,"By sector (energy, green, digital)",Energy,Later stage,2021,0,Percentage,3
BIH,BOSNIA AND HERZEGOVINA,Probability to receive funding,"By sector (energy, green, digital)",Energy and digital,Later stage,2021,0,Percentage,2
BIH,BOSNIA AND HERZEGOVINA,Probability to receive funding,"By sector (energy, green, digital)",Energy and non-digital,Later stage,2021,0,Percentage,1
BIH,BOSNIA AND HERZEGOVINA,Probability to receive funding,"By sector (energy, green, digital)",Non-energy,Later stage,2021,0,Percentage,110
BIH,BOSNIA AND HERZEGOVINA,Probability to receive funding,By technology,Clean energy,Early stage,2021,0,Percentage,2
BIH,BOSNIA AND HERZEGOVINA,Probability to receive funding,By technology,Energy efficiency,Early stage,2016,0,Percentage,1
BIH,BOSNIA AND HERZEGOVINA,Probability to receive funding,By technology,Energy efficiency,Early stage,2017,0,Percentage,1
BIH,BOSNIA AND HERZEGOVINA,Probability to receive funding,By technology,Energy efficiency,Early stage,2018,0,Percentage,1
BIH,BOSNIA AND HERZEGOVINA,Probability to receive funding,By technology,Energy efficiency,Early stage,2019,0,Percentage,1
BIH,BOSNIA AND HERZEGOVINA,Probability to receive funding,By technology,Energy efficiency,Early stage,2020,0,Percentage,1
BIH,BOSNIA AND HERZEGOVINA,Probability to receive funding,By technology,Energy efficiency,Early stage,2021,0,Percentage,1
BIH,BOSNIA AND HERZEGOVINA,Probability to receive funding,By technology,Non-clean energy,Early stage,2021,0,Percentage,1
BIH,BOSNIA AND HERZEGOVINA,Probability to receive funding,By technology,Other energy,Early stage,2017,0,Percentage,0.5
BIH,BOSNIA AND HERZEGOVINA,Probability to receive funding,By technology,Other energy,Early stage,2018,0,Percentage,0.5
BIH,BOSNIA AND HERZEGOVINA,Probability to receive funding,By technology,Other energy,Early stage,2019,0,Percentage,0.5
BIH,BOSNIA AND HERZEGOVINA,Probability to receive funding,By technology,Other energy,Early stage,2020,0,Percentage,0.5
BIH,BOSNIA AND HERZEGOVINA,Probability to receive funding,By technology,Other energy,Early stage,2021,0,Percentage,0.5
BIH,BOSNIA AND HERZEGOVINA,Probability to receive funding,By technology,Other renewables,Early stage,2015,0,Percentage,0.5
BIH,BOSNIA AND HERZEGOVINA,Probability to receive funding,By technology,Other renewables,Early stage,2016,0,Percentage,0.5
BIH,BOSNIA AND HERZEGOVINA,Probability to receive funding,By technology,Other renewables,Early stage,2017,0,Percentage,1
BIH,BOSNIA AND HERZEGOVINA,Probability to receive funding,By technology,Other renewables,Early stage,2018,0,Percentage,1
BIH,BOSNIA AND HERZEGOVINA,Probability to receive funding,By technology,Other renewables,Early stage,2019,0,Percentage,1
BIH,BOSNIA AND HERZEGOVINA,Probability to receive funding,By technology,Other renewables,Early stage,2020,0,Percentage,1
BIH,BOSNIA AND HERZEGOVINA,Probability to receive funding,By technology,Other renewables,Early stage,2021,0,Percentage,1
BIH,BOSNIA AND HERZEGOVINA,Probability to receive funding,By technology,Wind,Early stage,2015,0,Percentage,0.5
BIH,BOSNIA AND HERZEGOVINA,Probability to receive funding,By technology,Wind,Early stage,2016,0,Percentage,0.5
BIH,BOSNIA AND HERZEGOVINA,Probability to receive funding,By technology,Wind,Early stage,2017,0,Percentage,0.5
BIH,BOSNIA AND HERZEGOVINA,Probability to receive funding,By technology,Wind,Early stage,2018,0,Percentage,0.5
BIH,BOSNIA AND HERZEGOVINA,Probability to receive funding,By technology,Wind,Early stage,2019,0,Percentage,0.5
BIH,BOSNIA AND HERZEGOVINA,Probability to receive funding,By technology,Wind,Early stage,2020,0,Percentage,0.5
BIH,BOSNIA AND HERZEGOVINA,Probability to receive funding,By technology,Wind,Early stage,2021,0,Percentage,0.5
BIH,BOSNIA AND HERZEGOVINA,Probability to receive funding,By technology,Clean energy,Later stage,2021,0,Percentage,2
BIH,BOSNIA AND HERZEGOVINA,Probability to receive funding,By technology,Energy efficiency,Later stage,2016,0,Percentage,1
BIH,BOSNIA AND HERZEGOVINA,Probability to receive funding,By technology,Energy efficiency,Later stage,2017,0,Percentage,1
BIH,BOSNIA AND HERZEGOVINA,Probability to receive funding,By technology,Energy efficiency,Later stage,2018,0,Percentage,1
BIH,BOSNIA AND HERZEGOVINA,Probability to receive funding,By technology,Energy efficiency,Later stage,2019,0,Percentage,1
BIH,BOSNIA AND HERZEGOVINA,Probability to receive funding,By technology,Energy efficiency,Later stage,2020,0,Percentage,1
BIH,BOSNIA AND HERZEGOVINA,Probability to receive funding,By technology,Energy efficiency,Later stage,2021,0,Percentage,1
BIH,BOSNIA AND HERZEGOVINA,Probability to receive funding,By technology,Non-clean energy,Later stage,2021,0,Percentage,1
BIH,BOSNIA AND HERZEGOVINA,Probability to receive funding,By technology,Other energy,Later stage,2017,0,Percentage,0.5
BIH,BOSNIA AND HERZEGOVINA,Probability to receive funding,By technology,Other energy,Later stage,2018,0,Percentage,0.5
BIH,BOSNIA AND HERZEGOVINA,Probability to receive funding,By technology,Other energy,Later stage,2019,0,Percentage,0.5
BIH,BOSNIA AND HERZEGOVINA,Probability to receive funding,By technology,Other energy,Later stage,2020,0,Percentage,0.5
BIH,BOSNIA AND HERZEGOVINA,Probability to receive funding,By technology,Other energy,Later stage,2021,0,Percentage,0.5
BIH,BOSNIA AND HERZEGOVINA,Probability to receive funding,By technology,Other renewables,Later stage,2015,0,Percentage,0.5
BIH,BOSNIA AND HERZEGOVINA,Probability to receive funding,By technology,Other renewables,Later stage,2016,0,Percentage,0.5
BIH,BOSNIA AND HERZEGOVINA,Probability to receive funding,By technology,Other renewables,Later stage,2017,0,Percentage,1
BIH,BOSNIA AND HERZEGOVINA,Probability to receive funding,By technology,Other renewables,Later stage,2018,0,Percentage,1
BIH,BOSNIA AND HERZEGOVINA,Probability to receive funding,By technology,Other renewables,Later stage,2019,0,Percentage,1
BIH,BOSNIA AND HERZEGOVINA,Probability to receive funding,By technology,Other renewables,Later stage,2020,0,Percentage,1
BIH,BOSNIA AND HERZEGOVINA,Probability to receive funding,By technology,Other renewables,Later stage,2021,0,Percentage,1
BIH,BOSNIA AND HERZEGOVINA,Probability to receive funding,By technology,Wind,Later stage,2015,0,Percentage,0.5
BIH,BOSNIA AND HERZEGOVINA,Probability to receive funding,By technology,Wind,Later stage,2016,0,Percentage,0.5
BIH,BOSNIA AND HERZEGOVINA,Probability to receive funding,By technology,Wind,Later stage,2017,0,Percentage,0.5
BIH,BOSNIA AND HERZEGOVINA,Probability to receive funding,By technology,Wind,Later stage,2018,0,Percentage,0.5
BIH,BOSNIA AND HERZEGOVINA,Probability to receive funding,By technology,Wind,Later stage,2019,0,Percentage,0.5
BIH,BOSNIA AND HERZEGOVINA,Probability to receive funding,By technology,Wind,Later stage,2020,0,Percentage,0.5
BIH,BOSNIA AND HERZEGOVINA,Probability to receive funding,By technology,Wind,Later stage,2021,0,Percentage,0.5
BWA,BOTSWANA,Probability to receive funding,"By sector (energy, green, digital)",Energy,Early stage,2021,0,Percentage,3
BWA,BOTSWANA,Probability to receive funding,"By sector (energy, green, digital)",Energy and digital,Early stage,2021,0,Percentage,1
BWA,BOTSWANA,Probability to receive funding,"By sector (energy, green, digital)",Energy and non-digital,Early stage,2021,0,Percentage,2
BWA,BOTSWANA,Fundings of start-ups,"By sector (energy, green, digital)",Non-energy,Early stage,2014,729613.25,USD,2
BWA,BOTSWANA,Fundings of start-ups,"By sector (energy, green, digital)",Non-energy,Early stage,2015,612438.5625,USD,2
BWA,BOTSWANA,Fundings of start-ups,"By sector (energy, green, digital)",Non-energy,Early stage,2016,504931.5625,USD,2
BWA,BOTSWANA,Fundings of start-ups,"By sector (energy, green, digital)",Non-energy,Early stage,2017,396542.5625,USD,1
BWA,BOTSWANA,Fundings of start-ups,"By sector (energy, green, digital)",Non-energy,Early stage,2019,1086734.75,USD,1
BWA,BOTSWANA,Probability to receive funding,"By sector (energy, green, digital)",Non-energy,Early stage,2021,6.557376862,Percentage,61
BWA,BOTSWANA,Fundings of start-ups,"By sector (energy, green, digital)",Non-energy,Early stage,2021,617391.3125,USD,1
BWA,BOTSWANA,Fundings of start-ups,"By sector (energy, green, digital)",Non-energy,Early stage,2022,1.362557054,Years,61
BWA,BOTSWANA,Probability to receive funding,"By sector (energy, green, digital)",Energy,Later stage,2021,0,Percentage,3
BWA,BOTSWANA,Probability to receive funding,"By sector (energy, green, digital)",Energy and digital,Later stage,2021,0,Percentage,1
BWA,BOTSWANA,Probability to receive funding,"By sector (energy, green, digital)",Energy and non-digital,Later stage,2021,0,Percentage,2
BWA,BOTSWANA,Probability to receive funding,"By sector (energy, green, digital)",Non-energy,Later stage,2021,0,Percentage,61
BWA,BOTSWANA,Probability to receive funding,By technology,Clean energy,Early stage,2021,0,Percentage,1
BWA,BOTSWANA,Probability to receive funding,By technology,Grid,Early stage,2016,0,Percentage,1
BWA,BOTSWANA,Probability to receive funding,By technology,Grid,Early stage,2017,0,Percentage,1
BWA,BOTSWANA,Probability to receive funding,By technology,Grid,Early stage,2018,0,Percentage,1
BWA,BOTSWANA,Probability to receive funding,By technology,Grid,Early stage,2019,0,Percentage,1
BWA,BOTSWANA,Probability to receive funding,By technology,Grid,Early stage,2020,0,Percentage,1
BWA,BOTSWANA,Probability to receive funding,By technology,Grid,Early stage,2021,0,Percentage,1
BWA,BOTSWANA,Probability to receive funding,By technology,Non-clean energy,Early stage,2021,0,Percentage,2
BWA,BOTSWANA,Probability to receive funding,By technology,Other energy,Early stage,2015,0,Percentage,0.5
BWA,BOTSWANA,Probability to receive funding,By technology,Other energy,Early stage,2016,0,Percentage,0.5
BWA,BOTSWANA,Probability to receive funding,By technology,Other energy,Early stage,2017,0,Percentage,0.5
BWA,BOTSWANA,Probability to receive funding,By technology,Other energy,Early stage,2018,0,Percentage,0.5
BWA,BOTSWANA,Probability to receive funding,By technology,Other energy,Early stage,2019,0,Percentage,0.5
BWA,BOTSWANA,Probability to receive funding,By technology,Other energy,Early stage,2020,0,Percentage,0.5
BWA,BOTSWANA,Probability to receive funding,By technology,Other energy,Early stage,2021,0,Percentage,0.5
BWA,BOTSWANA,Probability to receive funding,By technology,Other renewables,Early stage,2015,0,Percentage,0.5
BWA,BOTSWANA,Probability to receive funding,By technology,Other renewables,Early stage,2016,0,Percentage,0.5
BWA,BOTSWANA,Probability to receive funding,By technology,Other renewables,Early stage,2017,0,Percentage,0.5
BWA,BOTSWANA,Probability to receive funding,By technology,Other renewables,Early stage,2018,0,Percentage,0.5
BWA,BOTSWANA,Probability to receive funding,By technology,Other renewables,Early stage,2019,0,Percentage,0.5
BWA,BOTSWANA,Probability to receive funding,By technology,Other renewables,Early stage,2020,0,Percentage,0.5
BWA,BOTSWANA,Probability to receive funding,By technology,Other renewables,Early stage,2021,0,Percentage,0.5
BWA,BOTSWANA,Probability to receive funding,By technology,Clean energy,Later stage,2021,0,Percentage,1
BWA,BOTSWANA,Probability to receive funding,By technology,Grid,Later stage,2016,0,Percentage,1
BWA,BOTSWANA,Probability to receive funding,By technology,Grid,Later stage,2017,0,Percentage,1
BWA,BOTSWANA,Probability to receive funding,By technology,Grid,Later stage,2018,0,Percentage,1
BWA,BOTSWANA,Probability to receive funding,By technology,Grid,Later stage,2019,0,Percentage,1
BWA,BOTSWANA,Probability to receive funding,By technology,Grid,Later stage,2020,0,Percentage,1
BWA,BOTSWANA,Probability to receive funding,By technology,Grid,Later stage,2021,0,Percentage,1
BWA,BOTSWANA,Probability to receive funding,By technology,Non-clean energy,Later stage,2021,0,Percentage,2
BWA,BOTSWANA,Probability to receive funding,By technology,Other energy,Later stage,2015,0,Percentage,0.5
BWA,BOTSWANA,Probability to receive funding,By technology,Other energy,Later stage,2016,0,Percentage,0.5
BWA,BOTSWANA,Probability to receive funding,By technology,Other energy,Later stage,2017,0,Percentage,0.5
BWA,BOTSWANA,Probability to receive funding,By technology,Other energy,Later stage,2018,0,Percentage,0.5
BWA,BOTSWANA,Probability to receive funding,By technology,Other energy,Later stage,2019,0,Percentage,0.5
BWA,BOTSWANA,Probability to receive funding,By technology,Other energy,Later stage,2020,0,Percentage,0.5
BWA,BOTSWANA,Probability to receive funding,By technology,Other energy,Later stage,2021,0,Percentage,0.5
BWA,BOTSWANA,Probability to receive funding,By technology,Other renewables,Later stage,2015,0,Percentage,0.5
BWA,BOTSWANA,Probability to receive funding,By technology,Other renewables,Later stage,2016,0,Percentage,0.5
BWA,BOTSWANA,Probability to receive funding,By technology,Other renewables,Later stage,2017,0,Percentage,0.5
BWA,BOTSWANA,Probability to receive funding,By technology,Other renewables,Later stage,2018,0,Percentage,0.5
BWA,BOTSWANA,Probability to receive funding,By technology,Other renewables,Later stage,2019,0,Percentage,0.5
BWA,BOTSWANA,Probability to receive funding,By technology,Other renewables,Later stage,2020,0,Percentage,0.5
BWA,BOTSWANA,Probability to receive funding,By technology,Other renewables,Later stage,2021,0,Percentage,0.5
BVT,BOUVET ISLAND,Probability to receive funding,"By sector (energy, green, digital)",Non-energy,Early stage,2021,0,Percentage,1
BVT,BOUVET ISLAND,Probability to receive funding,"By sector (energy, green, digital)",Non-energy,Later stage,2021,0,Percentage,1
BRA,BRAZIL,Fundings of start-ups,"By sector (energy, green, digital)",Energy,Early stage,2009,4069180.5,USD,2
BRA,BRAZIL,Fundings of start-ups,"By sector (energy, green, digital)",Energy,Early stage,2012,605113.625,USD,1
BRA,BRAZIL,Fundings of start-ups,"By sector (energy, green, digital)",Energy,Early stage,2015,823756.875,USD,1
BRA,BRAZIL,Fundings of start-ups,"By sector (energy, green, digital)",Energy,Early stage,2016,3656381.25,USD,4
BRA,BRAZIL,Fundings of start-ups,"By sector (energy, green, digital)",Energy,Early stage,2017,4911838,USD,5
BRA,BRAZIL,Fundings of start-ups,"By sector (energy, green, digital)",Energy,Early stage,2018,3289079.5,USD,6
BRA,BRAZIL,Fundings of start-ups,"By sector (energy, green, digital)",Energy,Early stage,2019,7264490,USD,5
BRA,BRAZIL,Fundings of start-ups,"By sector (energy, green, digital)",Energy,Early stage,2020,6585890,USD,6
BRA,BRAZIL,Probability to receive funding,"By sector (energy, green, digital)",Energy,Early stage,2021,13.09523773,Percentage,336
BRA,BRAZIL,Fundings of start-ups,"By sector (energy, green, digital)",Energy,Early stage,2021,62576740,USD,10
BRA,BRAZIL,Fundings of start-ups,"By sector (energy, green, digital)",Energy,Early stage,2022,2.775464296,Years,338
BRA,BRAZIL,Fundings of start-ups,"By sector (energy, green, digital)",Energy,Early stage,2022,23406756,USD,6
BRA,BRAZIL,Fundings of start-ups,"By sector (energy, green, digital)",Energy and digital,Early stage,2009,2681759.5,USD,1
BRA,BRAZIL,Fundings of start-ups,"By sector (energy, green, digital)",Energy and digital,Early stage,2012,605113.625,USD,1
BRA,BRAZIL,Fundings of start-ups,"By sector (energy, green, digital)",Energy and digital,Early stage,2015,823756.875,USD,1
BRA,BRAZIL,Fundings of start-ups,"By sector (energy, green, digital)",Energy and digital,Early stage,2016,1106103.25,USD,2
BRA,BRAZIL,Fundings of start-ups,"By sector (energy, green, digital)",Energy and digital,Early stage,2017,2451323,USD,3
BRA,BRAZIL,Fundings of start-ups,"By sector (energy, green, digital)",Energy and digital,Early stage,2018,2179704.5,USD,5
BRA,BRAZIL,Fundings of start-ups,"By sector (energy, green, digital)",Energy and digital,Early stage,2019,4004286,USD,4
BRA,BRAZIL,Fundings of start-ups,"By sector (energy, green, digital)",Energy and digital,Early stage,2020,745616.1875,USD,3
BRA,BRAZIL,Fundings of start-ups,"By sector (energy, green, digital)",Energy and digital,Early stage,2021,7923473.5,USD,5
BRA,BRAZIL,Probability to receive funding,"By sector (energy, green, digital)",Energy and digital,Early stage,2021,18.25396919,Percentage,126
BRA,BRAZIL,Fundings of start-ups,"By sector (energy, green, digital)",Energy and digital,Early stage,2022,3.117927313,Years,126
BRA,BRAZIL,Fundings of start-ups,"By sector (energy, green, digital)",Energy and digital,Early stage,2022,870667,USD,2
BRA,BRAZIL,Fundings of start-ups,"By sector (energy, green, digital)",Energy and non-digital,Early stage,2009,1387421,USD,1
BRA,BRAZIL,Fundings of start-ups,"By sector (energy, green, digital)",Energy and non-digital,Early stage,2016,2550278,USD,2
BRA,BRAZIL,Fundings of start-ups,"By sector (energy, green, digital)",Energy and non-digital,Early stage,2017,2460514.75,USD,2
BRA,BRAZIL,Fundings of start-ups,"By sector (energy, green, digital)",Energy and non-digital,Early stage,2018,1109375,USD,1
BRA,BRAZIL,Fundings of start-ups,"By sector (energy, green, digital)",Energy and non-digital,Early stage,2019,3260204,USD,1
BRA,BRAZIL,Fundings of start-ups,"By sector (energy, green, digital)",Energy and non-digital,Early stage,2020,5840274,USD,3
BRA,BRAZIL,Fundings of start-ups,"By sector (energy, green, digital)",Energy and non-digital,Early stage,2021,54653264,USD,5
BRA,BRAZIL,Probability to receive funding,"By sector (energy, green, digital)",Energy and non-digital,Early stage,2021,10,Percentage,210
BRA,BRAZIL,Fundings of start-ups,"By sector (energy, green, digital)",Energy and non-digital,Early stage,2022,2.417434692,Years,212
BRA,BRAZIL,Fundings of start-ups,"By sector (energy, green, digital)",Energy and non-digital,Early stage,2022,22536088,USD,4
BRA,BRAZIL,Fundings of start-ups,"By sector (energy, green, digital)",Non-energy,Early stage,2000,140287520,USD,8
BRA,BRAZIL,Fundings of start-ups,"By sector (energy, green, digital)",Non-energy,Early stage,2001,145440304,USD,2
BRA,BRAZIL,Fundings of start-ups,"By sector (energy, green, digital)",Non-energy,Early stage,2004,2937931,USD,1
BRA,BRAZIL,Fundings of start-ups,"By sector (energy, green, digital)",Non-energy,Early stage,2005,22515100,USD,2
BRA,BRAZIL,Fundings of start-ups,"By sector (energy, green, digital)",Non-energy,Early stage,2007,14200000,USD,4
BRA,BRAZIL,Fundings of start-ups,"By sector (energy, green, digital)",Non-energy,Early stage,2008,26640792,USD,6
BRA,BRAZIL,Fundings of start-ups,"By sector (energy, green, digital)",Non-energy,Early stage,2009,13933361,USD,13
BRA,BRAZIL,Fundings of start-ups,"By sector (energy, green, digital)",Non-energy,Early stage,2010,10945481,USD,12
BRA,BRAZIL,Fundings of start-ups,"By sector (energy, green, digital)",Non-energy,Early stage,2011,199042912,USD,36
BRA,BRAZIL,Fundings of start-ups,"By sector (energy, green, digital)",Non-energy,Early stage,2012,167089664,USD,72
BRA,BRAZIL,Fundings of start-ups,"By sector (energy, green, digital)",Non-energy,Early stage,2013,181790896,USD,118
BRA,BRAZIL,Fundings of start-ups,"By sector (energy, green, digital)",Non-energy,Early stage,2014,176838720,USD,107
BRA,BRAZIL,Fundings of start-ups,"By sector (energy, green, digital)",Non-energy,Early stage,2015,410204928,USD,120
BRA,BRAZIL,Fundings of start-ups,"By sector (energy, green, digital)",Non-energy,Early stage,2016,215681328,USD,123
BRA,BRAZIL,Fundings of start-ups,"By sector (energy, green, digital)",Non-energy,Early stage,2017,226955728,USD,115
BRA,BRAZIL,Fundings of start-ups,"By sector (energy, green, digital)",Non-energy,Early stage,2018,485855552,USD,154
BRA,BRAZIL,Fundings of start-ups,"By sector (energy, green, digital)",Non-energy,Early stage,2019,819353856,USD,179
BRA,BRAZIL,Fundings of start-ups,"By sector (energy, green, digital)",Non-energy,Early stage,2020,1393279744,USD,225
BRA,BRAZIL,Fundings of start-ups,"By sector (energy, green, digital)",Non-energy,Early stage,2021,3316199680,USD,359
BRA,BRAZIL,Probability to receive funding,"By sector (energy, green, digital)",Non-energy,Early stage,2021,10.13188171,Percentage,14331
BRA,BRAZIL,Fundings of start-ups,"By sector (energy, green, digital)",Non-energy,Early stage,2022,1393047424,USD,150
BRA,BRAZIL,Fundings of start-ups,"By sector (energy, green, digital)",Non-energy,Early stage,2022,2.273500204,Years,14368
BRA,BRAZIL,Fundings of start-ups,"By sector (energy, green, digital)",Energy,Later stage,2011,19448630,USD,1
BRA,BRAZIL,Fundings of start-ups,"By sector (energy, green, digital)",Energy,Later stage,2021,939608.875,USD,1
BRA,BRAZIL,Probability to receive funding,"By sector (energy, green, digital)",Energy,Later stage,2021,2.678571463,Percentage,336
BRA,BRAZIL,Fundings of start-ups,"By sector (energy, green, digital)",Energy,Later stage,2022,3.803957462,Years,338
BRA,BRAZIL,Fundings of start-ups,"By sector (energy, green, digital)",Energy,Later stage,2022,130309944,USD,2
BRA,BRAZIL,Fundings of start-ups,"By sector (energy, green, digital)",Energy and digital,Later stage,2011,19448630,USD,1
BRA,BRAZIL,Probability to receive funding,"By sector (energy, green, digital)",Energy and digital,Later stage,2021,2.380952358,Percentage,126
BRA,BRAZIL,Fundings of start-ups,"By sector (energy, green, digital)",Energy and digital,Later stage,2021,939608.875,USD,1
BRA,BRAZIL,Fundings of start-ups,"By sector (energy, green, digital)",Energy and digital,Later stage,2022,2.531506777,Years,126
BRA,BRAZIL,Probability to receive funding,"By sector (energy, green, digital)",Energy and non-digital,Later stage,2021,2.857142925,Percentage,210
BRA,BRAZIL,Fundings of start-ups,"By sector (energy, green, digital)",Energy and non-digital,Later stage,2022,4.440182686,Years,212
BRA,BRAZIL,Fundings of start-ups,"By sector (energy, green, digital)",Energy and non-digital,Later stage,2022,130309944,USD,2
BRA,BRAZIL,Fundings of start-ups,"By sector (energy, green, digital)",Non-energy,Later stage,2008,15490909,USD,2
BRA,BRAZIL,Fundings of start-ups,"By sector (energy, green, digital)",Non-energy,Later stage,2009,6493902.5,USD,1
BRA,BRAZIL,Fundings of start-ups,"By sector (energy, green, digital)",Non-energy,Later stage,2011,3715116.25,USD,1
BRA,BRAZIL,Fundings of start-ups,"By sector (energy, green, digital)",Non-energy,Later stage,2012,113625672,USD,5
BRA,BRAZIL,Fundings of start-ups,"By sector (energy, green, digital)",Non-energy,Later stage,2013,119064608,USD,5
BRA,BRAZIL,Fundings of start-ups,"By sector (energy, green, digital)",Non-energy,Later stage,2014,318955008,USD,13
BRA,BRAZIL,Fundings of start-ups,"By sector (energy, green, digital)",Non-energy,Later stage,2015,272014368,USD,13
BRA,BRAZIL,Fundings of start-ups,"By sector (energy, green, digital)",Non-energy,Later stage,2016,342764960,USD,13
BRA,BRAZIL,Fundings of start-ups,"By sector (energy, green, digital)",Non-energy,Later stage,2017,637367808,USD,22
BRA,BRAZIL,Fundings of start-ups,"By sector (energy, green, digital)",Non-energy,Later stage,2018,1209897088,USD,14
BRA,BRAZIL,Fundings of start-ups,"By sector (energy, green, digital)",Non-energy,Later stage,2019,1522876288,USD,17
BRA,BRAZIL,Fundings of start-ups,"By sector (energy, green, digital)",Non-energy,Later stage,2020,1066906368,USD,19
BRA,BRAZIL,Fundings of start-ups,"By sector (energy, green, digital)",Non-energy,Later stage,2021,5863833088,USD,59
BRA,BRAZIL,Probability to receive funding,"By sector (energy, green, digital)",Non-energy,Later stage,2021,1.653757572,Percentage,14331
BRA,BRAZIL,Fundings of start-ups,"By sector (energy, green, digital)",Non-energy,Later stage,2022,1344285696,USD,20
BRA,BRAZIL,Fundings of start-ups,"By sector (energy, green, digital)",Non-energy,Later stage,2022,5.638251781,Years,14368
BRA,BRAZIL,Fundings of start-ups,By technology,Electric mobility,all,2019,1243979.75,USD,1
BRA,BRAZIL,Fundings of start-ups,By technology,Electric mobility,all,2020,1585700,USD,3
BRA,BRAZIL,Fundings of start-ups,By technology,Electric mobility,all,2021,18796054,USD,1.333333373
BRA,BRAZIL,Fundings of start-ups,By technology,Electric mobility,all,2022,595179,USD,1
BRA,BRAZIL,Fundings of start-ups,By technology,Energy efficiency,all,2016,752662,USD,0.916666687
BRA,BRAZIL,Fundings of start-ups,By technology,Energy efficiency,all,2017,240757.9844,USD,1.25
BRA,BRAZIL,Fundings of start-ups,By technology,Energy efficiency,all,2018,983212.8125,USD,3.333333254
BRA,BRAZIL,Fundings of start-ups,By technology,Energy efficiency,all,2019,3083701.75,USD,3.666666746
BRA,BRAZIL,Fundings of start-ups,By technology,Energy efficiency,all,2020,856562.3125,USD,2.833333254
BRA,BRAZIL,Fundings of start-ups,By technology,Energy efficiency,all,2021,8677474,USD,5
BRA,BRAZIL,Fundings of start-ups,By technology,Energy efficiency,all,2022,332230.3438,USD,1.333333373
BRA,BRAZIL,Fundings of start-ups,By technology,Fossil fuels,all,2009,4069180.5,USD,2
BRA,BRAZIL,Fundings of start-ups,By technology,Fossil fuels,all,2011,19448630,USD,1
BRA,BRAZIL,Fundings of start-ups,By technology,Fossil fuels,all,2015,823756.875,USD,1
BRA,BRAZIL,Fundings of start-ups,By technology,Fossil fuels,all,2016,608629.25,USD,0.25
BRA,BRAZIL,Fundings of start-ups,By technology,Grid,all,2016,445027.0313,USD,0.5
BRA,BRAZIL,Fundings of start-ups,By technology,Grid,all,2017,599423.375,USD,0.5
BRA,BRAZIL,Fundings of start-ups,By technology,Grid,all,2019,1086734.75,USD,0.333333343
BRA,BRAZIL,Fundings of start-ups,By technology,Grid,all,2021,332953.3125,USD,0.333333343
BRA,BRAZIL,Fundings of start-ups,By technology,Grid,all,2022,3854604.25,USD,0.333333343
BRA,BRAZIL,Fundings of start-ups,By technology,Other energy,all,2012,605113.625,USD,1
BRA,BRAZIL,Fundings of start-ups,By technology,Other energy,all,2016,1183553.125,USD,1.583333373
BRA,BRAZIL,Fundings of start-ups,By technology,Other energy,all,2017,2841399,USD,2.25
BRA,BRAZIL,Fundings of start-ups,By technology,Other energy,all,2018,1086526.625,USD,1.333333373
BRA,BRAZIL,Fundings of start-ups,By technology,Other energy,all,2019,1410130.25,USD,1
BRA,BRAZIL,Fundings of start-ups,By technology,Other energy,all,2020,8934426,USD,1.25
BRA,BRAZIL,Fundings of start-ups,By technology,Other energy,all,2021,45866152,USD,2
BRA,BRAZIL,Fundings of start-ups,By technology,Other energy,all,2022,48203300,USD,2.166666746
BRA,BRAZIL,Fundings of start-ups,By technology,Other renewables,all,2016,666509.6875,USD,0.75
BRA,BRAZIL,Fundings of start-ups,By technology,Other renewables,all,2017,70811.17188,USD,0.25
BRA,BRAZIL,Fundings of start-ups,By technology,Other renewables,all,2018,1349450.375,USD,2
BRA,BRAZIL,Fundings of start-ups,By technology,Other renewables,all,2019,1410130.25,USD,1
BRA,BRAZIL,Fundings of start-ups,By technology,Other renewables,all,2020,8934426,USD,1.25
BRA,BRAZIL,Fundings of start-ups,By technology,Other renewables,all,2021,46609416,USD,2.166666746
BRA,BRAZIL,Fundings of start-ups,By technology,Other renewables,all,2022,48871328,USD,2
BRA,BRAZIL,Fundings of start-ups,By technology,Solar,all,2017,1159446.25,USD,0.75
BRA,BRAZIL,Fundings of start-ups,By technology,Solar,all,2018,369791.6563,USD,0.333333343
BRA,BRAZIL,Fundings of start-ups,By technology,Solar,all,2020,8606061,USD,0.666666687
BRA,BRAZIL,Fundings of start-ups,By technology,Solar,all,2021,45361112,USD,0.916666687
BRA,BRAZIL,Fundings of start-ups,By technology,Solar,all,2022,43530284,USD,1.166666627
BRA,BRAZIL,Fundings of start-ups,By technology,Wind,all,2021,771739.125,USD,0.25
BRA,BRAZIL,Probability to receive funding,By technology,Bioenergy,Early stage,2015,0,Percentage,1.166666627
BRA,BRAZIL,Probability to receive funding,By technology,Bioenergy,Early stage,2016,0,Percentage,2.166666746
BRA,BRAZIL,Probability to receive funding,By technology,Bioenergy,Early stage,2017,0,Percentage,2.166666746
BRA,BRAZIL,Probability to receive funding,By technology,Bioenergy,Early stage,2018,0,Percentage,2.166666746
BRA,BRAZIL,Probability to receive funding,By technology,Bioenergy,Early stage,2019,0,Percentage,2.166666746
BRA,BRAZIL,Probability to receive funding,By technology,Bioenergy,Early stage,2020,0,Percentage,2.166666746
BRA,BRAZIL,Probability to receive funding,By technology,Bioenergy,Early stage,2021,0,Percentage,2.166666746
BRA,BRAZIL,Fundings of start-ups,By technology,Clean energy,Early stage,2009,2681759.5,USD,1
BRA,BRAZIL,Fundings of start-ups,By technology,Clean energy,Early stage,2016,2766327,USD,3
BRA,BRAZIL,Fundings of start-ups,By technology,Clean energy,Early stage,2017,453191.5,USD,2
BRA,BRAZIL,Fundings of start-ups,By technology,Clean energy,Early stage,2018,3189235.75,USD,4
BRA,BRAZIL,Fundings of start-ups,By technology,Clean energy,Early stage,2019,7221020.5,USD,4
BRA,BRAZIL,Fundings of start-ups,By technology,Clean energy,Early stage,2020,6429905,USD,5
BRA,BRAZIL,Fundings of start-ups,By technology,Clean energy,Early stage,2021,62450904,USD,9
BRA,BRAZIL,Probability to receive funding,By technology,Clean energy,Early stage,2021,18.07228851,Percentage,166
BRA,BRAZIL,Fundings of start-ups,By technology,Clean energy,Early stage,2022,2.56465745,Years,167
BRA,BRAZIL,Fundings of start-ups,By technology,Clean energy,Early stage,2022,14719480,USD,4
BRA,BRAZIL,Probability to receive funding,By technology,Electric mobility,Early stage,2015,0,Percentage,5
BRA,BRAZIL,Probability to receive funding,By technology,Electric mobility,Early stage,2016,0,Percentage,5
BRA,BRAZIL,Probability to receive funding,By technology,Electric mobility,Early stage,2017,14.28571415,Percentage,7
BRA,BRAZIL,Probability to receive funding,By technology,Electric mobility,Early stage,2018,22.22222137,Percentage,9
BRA,BRAZIL,Probability to receive funding,By technology,Electric mobility,Early stage,2019,40,Percentage,13.33333302
BRA,BRAZIL,Probability to receive funding,By technology,Electric mobility,Early stage,2020,40,Percentage,13.33333302
BRA,BRAZIL,Probability to receive funding,By technology,Electric mobility,Early stage,2021,44.1860466,Percentage,14.33333302
BRA,BRAZIL,Probability to receive funding,By technology,Energy efficiency,Early stage,2015,4.936014652,Percentage,45.58333206
BRA,BRAZIL,Probability to receive funding,By technology,Energy efficiency,Early stage,2016,10.95692444,Percentage,57.65000153
BRA,BRAZIL,Probability to receive funding,By technology,Energy efficiency,Early stage,2017,14.12118149,Percentage,66.56666565
BRA,BRAZIL,Probability to receive funding,By technology,Energy efficiency,Early stage,2018,14.02562332,Percentage,74.15000153
BRA,BRAZIL,Probability to receive funding,By technology,Energy efficiency,Early stage,2019,15.95999146,Percentage,76.65000153
BRA,BRAZIL,Probability to receive funding,By technology,Energy efficiency,Early stage,2020,16.53492928,Percentage,78.01667023
BRA,BRAZIL,Probability to receive funding,By technology,Energy efficiency,Early stage,2021,16.46458244,Percentage,78.34999847
BRA,BRAZIL,Fundings of start-ups,By technology,Energy efficiency,Early stage,2022,2.799667358,Years,78.34999847
BRA,BRAZIL,Probability to receive funding,By technology,Energy storage and batteries,Early stage,2015,0,Percentage,0.25
BRA,BRAZIL,Probability to receive funding,By technology,Energy storage and batteries,Early stage,2016,0,Percentage,0.25
BRA,BRAZIL,Probability to receive funding,By technology,Energy storage and batteries,Early stage,2017,0,Percentage,0.5
BRA,BRAZIL,Probability to receive funding,By technology,Energy storage and batteries,Early stage,2018,0,Percentage,0.666666687
BRA,BRAZIL,Probability to receive funding,By technology,Energy storage and batteries,Early stage,2019,0,Percentage,0.666666687
BRA,BRAZIL,Probability to receive funding,By technology,Energy storage and batteries,Early stage,2020,0,Percentage,0.666666687
BRA,BRAZIL,Probability to receive funding,By technology,Energy storage and batteries,Early stage,2021,0,Percentage,0.833333313
BRA,BRAZIL,Probability to receive funding,By technology,Fossil fuels,Early stage,2015,4.615384579,Percentage,27.08333397
BRA,BRAZIL,Probability to receive funding,By technology,Fossil fuels,Early stage,2016,4.635056019,Percentage,31.28333282
BRA,BRAZIL,Probability to receive funding,By technology,Fossil fuels,Early stage,2017,3.889137268,Percentage,37.28333282
BRA,BRAZIL,Probability to receive funding,By technology,Fossil fuels,Early stage,2018,3.787549019,Percentage,38.28333282
BRA,BRAZIL,Probability to receive funding,By technology,Fossil fuels,Early stage,2019,3.691132784,Percentage,39.28333282
BRA,BRAZIL,Probability to receive funding,By technology,Fossil fuels,Early stage,2020,3.599503517,Percentage,40.28333282
BRA,BRAZIL,Probability to receive funding,By technology,Fossil fuels,Early stage,2021,3.599503517,Percentage,40.28333282
BRA,BRAZIL,Probability to receive funding,By technology,Grid,Early stage,2015,0,Percentage,9.449999809
BRA,BRAZIL,Probability to receive funding,By technology,Grid,Early stage,2016,0,Percentage,9.783333778
BRA,BRAZIL,Probability to receive funding,By technology,Grid,Early stage,2017,0,Percentage,10.36666679
BRA,BRAZIL,Probability to receive funding,By technology,Grid,Early stage,2018,0,Percentage,11.03333378
BRA,BRAZIL,Probability to receive funding,By technology,Grid,Early stage,2019,7.672634125,Percentage,13.03333378
BRA,BRAZIL,Probability to receive funding,By technology,Grid,Early stage,2020,7.672634125,Percentage,13.03333378
BRA,BRAZIL,Probability to receive funding,By technology,Grid,Early stage,2021,7.672634125,Percentage,13.03333378
BRA,BRAZIL,Probability to receive funding,By technology,Hydrogen and fuel cells,Early stage,2015,0,Percentage,0.666666687
BRA,BRAZIL,Probability to receive funding,By technology,Hydrogen and fuel cells,Early stage,2016,0,Percentage,0.666666687
BRA,BRAZIL,Probability to receive funding,By technology,Hydrogen and fuel cells,Early stage,2017,0,Percentage,0.666666687
BRA,BRAZIL,Probability to receive funding,By technology,Hydrogen and fuel cells,Early stage,2018,0,Percentage,0.666666687
BRA,BRAZIL,Probability to receive funding,By technology,Hydrogen and fuel cells,Early stage,2019,0,Percentage,0.666666687
BRA,BRAZIL,Probability to receive funding,By technology,Hydrogen and fuel cells,Early stage,2020,0,Percentage,0.666666687
BRA,BRAZIL,Probability to receive funding,By technology,Hydrogen and fuel cells,Early stage,2021,0,Percentage,1.166666627
BRA,BRAZIL,Fundings of start-ups,By technology,Non-clean energy,Early stage,2009,1387421,USD,1
BRA,BRAZIL,Fundings of start-ups,By technology,Non-clean energy,Early stage,2012,605113.625,USD,1
BRA,BRAZIL,Fundings of start-ups,By technology,Non-clean energy,Early stage,2015,823756.875,USD,1
BRA,BRAZIL,Fundings of start-ups,By technology,Non-clean energy,Early stage,2016,890054.0625,USD,1
BRA,BRAZIL,Fundings of start-ups,By technology,Non-clean energy,Early stage,2017,4458646.5,USD,3
BRA,BRAZIL,Fundings of start-ups,By technology,Non-clean energy,Early stage,2018,99843.75,USD,2
BRA,BRAZIL,Fundings of start-ups,By technology,Non-clean energy,Early stage,2019,43469.38672,USD,1
BRA,BRAZIL,Fundings of start-ups,By technology,Non-clean energy,Early stage,2020,155984.8438,USD,1
BRA,BRAZIL,Fundings of start-ups,By technology,Non-clean energy,Early stage,2021,125833.6094,USD,1
BRA,BRAZIL,Probability to receive funding,By technology,Non-clean energy,Early stage,2021,8.235294342,Percentage,170
BRA,BRAZIL,Fundings of start-ups,By technology,Non-clean energy,Early stage,2022,8687276,USD,2
BRA,BRAZIL,Fundings of start-ups,By technology,Non-clean energy,Early stage,2022,3.197077513,Years,171
BRA,BRAZIL,Probability to receive funding,By technology,Other energy,Early stage,2015,8.025291443,Percentage,68.53333282
BRA,BRAZIL,Probability to receive funding,By technology,Other energy,Early stage,2016,8.645787239,Percentage,75.56666565
BRA,BRAZIL,Probability to receive funding,By technology,Other energy,Early stage,2017,9.800765038,Percentage,82.81666565
BRA,BRAZIL,Probability to receive funding,By technology,Other energy,Early stage,2018,9.399333,Percentage,89.90000153
BRA,BRAZIL,Probability to receive funding,By technology,Other energy,Early stage,2019,11.14895153,Percentage,92.98332977
BRA,BRAZIL,Probability to receive funding,By technology,Other energy,Early stage,2020,11.17298985,Percentage,95.76667023
BRA,BRAZIL,Probability to receive funding,By technology,Other energy,Early stage,2021,11.48109627,Percentage,96.09999847
BRA,BRAZIL,Fundings of start-ups,By technology,Other energy,Early stage,2022,2.882162809,Years,96.09999847
BRA,BRAZIL,Probability to receive funding,By technology,Other renewables,Early stage,2015,5.414185047,Percentage,30.78333282
BRA,BRAZIL,Probability to receive funding,By technology,Other renewables,Early stage,2016,6.846384048,Percentage,38.95000076
BRA,BRAZIL,Probability to receive funding,By technology,Other renewables,Early stage,2017,7.611241341,Percentage,42.70000076
BRA,BRAZIL,Probability to receive funding,By technology,Other renewables,Early stage,2018,7.898603916,Percentage,45.36666489
BRA,BRAZIL,Probability to receive funding,By technology,Other renewables,Early stage,2019,9.65320015,Percentage,46.61666489
BRA,BRAZIL,Probability to receive funding,By technology,Other renewables,Early stage,2020,9.124704361,Percentage,49.31666565
BRA,BRAZIL,Probability to receive funding,By technology,Other renewables,Early stage,2021,11.90093231,Percentage,51.81666565
BRA,BRAZIL,Fundings of start-ups,By technology,Other renewables,Early stage,2022,2.070233345,Years,51.81666565
BRA,BRAZIL,Probability to receive funding,By technology,Solar,Early stage,2015,7.859734058,Percentage,13.78333378
BRA,BRAZIL,Probability to receive funding,By technology,Solar,Early stage,2016,10.50049114,Percentage,16.98333359
BRA,BRAZIL,Probability to receive funding,By technology,Solar,Early stage,2017,11.93092632,Percentage,21.23333359
BRA,BRAZIL,Probability to receive funding,By technology,Solar,Early stage,2018,15.42553234,Percentage,25.06666756
BRA,BRAZIL,Probability to receive funding,By technology,Solar,Early stage,2019,18.09169769,Percentage,26.89999962
BRA,BRAZIL,Probability to receive funding,By technology,Solar,Early stage,2020,17.47456551,Percentage,27.85000038
BRA,BRAZIL,Probability to receive funding,By technology,Solar,Early stage,2021,17.3706131,Percentage,28.01666641
BRA,BRAZIL,Fundings of start-ups,By technology,Solar,Early stage,2022,3.743122578,Years,28.01666641
BRA,BRAZIL,Probability to receive funding,By technology,Wind,Early stage,2015,35.7142868,Percentage,0.699999988
BRA,BRAZIL,Probability to receive funding,By technology,Wind,Early stage,2016,35.7142868,Percentage,0.699999988
BRA,BRAZIL,Probability to receive funding,By technology,Wind,Early stage,2017,35.7142868,Percentage,0.699999988
BRA,BRAZIL,Probability to receive funding,By technology,Wind,Early stage,2018,35.7142868,Percentage,0.699999988
BRA,BRAZIL,Probability to receive funding,By technology,Wind,Early stage,2019,35.7142868,Percentage,0.699999988
BRA,BRAZIL,Probability to receive funding,By technology,Wind,Early stage,2020,27.77777863,Percentage,0.899999976
BRA,BRAZIL,Probability to receive funding,By technology,Wind,Early stage,2021,27.77777863,Percentage,0.899999976
BRA,BRAZIL,Probability to receive funding,By technology,Bioenergy,Later stage,2015,0,Percentage,1.166666627
BRA,BRAZIL,Probability to receive funding,By technology,Bioenergy,Later stage,2016,46.15384674,Percentage,2.166666746
BRA,BRAZIL,Probability to receive funding,By technology,Bioenergy,Later stage,2017,46.15384674,Percentage,2.166666746
BRA,BRAZIL,Probability to receive funding,By technology,Bioenergy,Later stage,2018,46.15384674,Percentage,2.166666746
BRA,BRAZIL,Probability to receive funding,By technology,Bioenergy,Later stage,2019,46.15384674,Percentage,2.166666746
BRA,BRAZIL,Probability to receive funding,By technology,Bioenergy,Later stage,2020,46.15384674,Percentage,2.166666746
BRA,BRAZIL,Probability to receive funding,By technology,Bioenergy,Later stage,2021,46.15384674,Percentage,2.166666746
BRA,BRAZIL,Fundings of start-ups,By technology,Clean energy,Later stage,2011,19448630,USD,1
BRA,BRAZIL,Probability to receive funding,By technology,Clean energy,Later stage,2021,5.421686649,Percentage,166
BRA,BRAZIL,Fundings of start-ups,By technology,Clean energy,Later stage,2021,939608.875,USD,1
BRA,BRAZIL,Fundings of start-ups,By technology,Clean energy,Later stage,2022,3.803957462,Years,167
BRA,BRAZIL,Fundings of start-ups,By technology,Clean energy,Later stage,2022,130309944,USD,2
BRA,BRAZIL,Probability to receive funding,By technology,Electric mobility,Later stage,2015,0,Percentage,5
BRA,BRAZIL,Probability to receive funding,By technology,Electric mobility,Later stage,2016,0,Percentage,5
BRA,BRAZIL,Probability to receive funding,By technology,Electric mobility,Later stage,2017,14.28571415,Percentage,7
BRA,BRAZIL,Probability to receive funding,By technology,Electric mobility,Later stage,2018,11.11111069,Percentage,9
BRA,BRAZIL,Probability to receive funding,By technology,Electric mobility,Later stage,2019,7.5,Percentage,13.33333302
BRA,BRAZIL,Probability to receive funding,By technology,Electric mobility,Later stage,2020,7.5,Percentage,13.33333302
BRA,BRAZIL,Probability to receive funding,By technology,Electric mobility,Later stage,2021,6.976744175,Percentage,14.33333302
BRA,BRAZIL,Probability to receive funding,By technology,Energy efficiency,Later stage,2015,0,Percentage,45.58333206
BRA,BRAZIL,Probability to receive funding,By technology,Energy efficiency,Later stage,2016,0,Percentage,57.65000153
BRA,BRAZIL,Probability to receive funding,By technology,Energy efficiency,Later stage,2017,0,Percentage,66.56666565
BRA,BRAZIL,Probability to receive funding,By technology,Energy efficiency,Later stage,2018,0.674308836,Percentage,74.15000153
BRA,BRAZIL,Probability to receive funding,By technology,Energy efficiency,Later stage,2019,0.652315736,Percentage,76.65000153
BRA,BRAZIL,Probability to receive funding,By technology,Energy efficiency,Later stage,2020,0.640888691,Percentage,78.01667023
BRA,BRAZIL,Probability to receive funding,By technology,Energy efficiency,Later stage,2021,0.638162076,Percentage,78.34999847
BRA,BRAZIL,Fundings of start-ups,By technology,Energy efficiency,Later stage,2022,4.441095829,Years,78.34999847
BRA,BRAZIL,Probability to receive funding,By technology,Energy storage and batteries,Later stage,2015,0,Percentage,0.25
BRA,BRAZIL,Probability to receive funding,By technology,Energy storage and batteries,Later stage,2016,0,Percentage,0.25
BRA,BRAZIL,Probability to receive funding,By technology,Energy storage and batteries,Later stage,2017,0,Percentage,0.5
BRA,BRAZIL,Probability to receive funding,By technology,Energy storage and batteries,Later stage,2018,0,Percentage,0.666666687
BRA,BRAZIL,Probability to receive funding,By technology,Energy storage and batteries,Later stage,2019,0,Percentage,0.666666687
BRA,BRAZIL,Probability to receive funding,By technology,Energy storage and batteries,Later stage,2020,0,Percentage,0.666666687
BRA,BRAZIL,Probability to receive funding,By technology,Energy storage and batteries,Later stage,2021,0,Percentage,0.833333313
BRA,BRAZIL,Probability to receive funding,By technology,Fossil fuels,Later stage,2015,0,Percentage,27.08333397
BRA,BRAZIL,Probability to receive funding,By technology,Fossil fuels,Later stage,2016,0,Percentage,31.28333282
BRA,BRAZIL,Probability to receive funding,By technology,Fossil fuels,Later stage,2017,0,Percentage,37.28333282
BRA,BRAZIL,Probability to receive funding,By technology,Fossil fuels,Later stage,2018,0,Percentage,38.28333282
BRA,BRAZIL,Probability to receive funding,By technology,Fossil fuels,Later stage,2019,0,Percentage,39.28333282
BRA,BRAZIL,Probability to receive funding,By technology,Fossil fuels,Later stage,2020,0,Percentage,40.28333282
BRA,BRAZIL,Probability to receive funding,By technology,Fossil fuels,Later stage,2021,0,Percentage,40.28333282
BRA,BRAZIL,Probability to receive funding,By technology,Grid,Later stage,2015,0,Percentage,9.449999809
BRA,BRAZIL,Probability to receive funding,By technology,Grid,Later stage,2016,0,Percentage,9.783333778
BRA,BRAZIL,Probability to receive funding,By technology,Grid,Later stage,2017,0,Percentage,10.36666679
BRA,BRAZIL,Probability to receive funding,By technology,Grid,Later stage,2018,0,Percentage,11.03333378
BRA,BRAZIL,Probability to receive funding,By technology,Grid,Later stage,2019,0,Percentage,13.03333378
BRA,BRAZIL,Probability to receive funding,By technology,Grid,Later stage,2020,0,Percentage,13.03333378
BRA,BRAZIL,Probability to receive funding,By technology,Grid,Later stage,2021,0,Percentage,13.03333378
BRA,BRAZIL,Probability to receive funding,By technology,Hydrogen and fuel cells,Later stage,2015,0,Percentage,0.666666687
BRA,BRAZIL,Probability to receive funding,By technology,Hydrogen and fuel cells,Later stage,2016,0,Percentage,0.666666687
BRA,BRAZIL,Probability to receive funding,By technology,Hydrogen and fuel cells,Later stage,2017,0,Percentage,0.666666687
BRA,BRAZIL,Probability to receive funding,By technology,Hydrogen and fuel cells,Later stage,2018,0,Percentage,0.666666687
BRA,BRAZIL,Probability to receive funding,By technology,Hydrogen and fuel cells,Later stage,2019,0,Percentage,0.666666687
BRA,BRAZIL,Probability to receive funding,By technology,Hydrogen and fuel cells,Later stage,2020,0,Percentage,0.666666687
BRA,BRAZIL,Probability to receive funding,By technology,Hydrogen and fuel cells,Later stage,2021,0,Percentage,1.166666627
BRA,BRAZIL,Probability to receive funding,By technology,Non-clean energy,Later stage,2021,0,Percentage,170
BRA,BRAZIL,Probability to receive funding,By technology,Other energy,Later stage,2015,0.972762644,Percentage,68.53333282
BRA,BRAZIL,Probability to receive funding,By technology,Other energy,Later stage,2016,0.882223189,Percentage,75.56666565
BRA,BRAZIL,Probability to receive funding,By technology,Other energy,Later stage,2017,0.804990947,Percentage,82.81666565
BRA,BRAZIL,Probability to receive funding,By technology,Other energy,Later stage,2018,1.66852057,Percentage,89.90000153
BRA,BRAZIL,Probability to receive funding,By technology,Other energy,Later stage,2019,1.61319232,Percentage,92.98332977
BRA,BRAZIL,Probability to receive funding,By technology,Other energy,Later stage,2020,1.566306949,Percentage,95.76667023
BRA,BRAZIL,Probability to receive funding,By technology,Other energy,Later stage,2021,1.560874104,Percentage,96.09999847
BRA,BRAZIL,Fundings of start-ups,By technology,Other energy,Later stage,2022,2.684627056,Years,96.09999847
BRA,BRAZIL,Probability to receive funding,By technology,Other renewables,Later stage,2015,4.331347942,Percentage,30.78333282
BRA,BRAZIL,Probability to receive funding,By technology,Other renewables,Later stage,2016,5.990586281,Percentage,38.95000076
BRA,BRAZIL,Probability to receive funding,By technology,Other renewables,Later stage,2017,5.464480877,Percentage,42.70000076
BRA,BRAZIL,Probability to receive funding,By technology,Other renewables,Later stage,2018,5.878030777,Percentage,45.36666489
BRA,BRAZIL,Probability to receive funding,By technology,Other renewables,Later stage,2019,5.720414639,Percentage,46.61666489
BRA,BRAZIL,Probability to receive funding,By technology,Other renewables,Later stage,2020,5.407232285,Percentage,49.31666565
BRA,BRAZIL,Probability to receive funding,By technology,Other renewables,Later stage,2021,5.14634943,Percentage,51.81666565
BRA,BRAZIL,Fundings of start-ups,By technology,Other renewables,Later stage,2022,2.802054882,Years,51.81666565
BRA,BRAZIL,Probability to receive funding,By technology,Solar,Later stage,2015,0,Percentage,13.78333378
BRA,BRAZIL,Probability to receive funding,By technology,Solar,Later stage,2016,0,Percentage,16.98333359
BRA,BRAZIL,Probability to receive funding,By technology,Solar,Later stage,2017,0,Percentage,21.23333359
BRA,BRAZIL,Probability to receive funding,By technology,Solar,Later stage,2018,1.329787254,Percentage,25.06666756
BRA,BRAZIL,Probability to receive funding,By technology,Solar,Later stage,2019,1.239157319,Percentage,26.89999962
BRA,BRAZIL,Probability to receive funding,By technology,Solar,Later stage,2020,1.196888089,Percentage,27.85000038
BRA,BRAZIL,Probability to receive funding,By technology,Solar,Later stage,2021,1.189767957,Percentage,28.01666641
BRA,BRAZIL,Fundings of start-ups,By technology,Solar,Later stage,2022,4.358903885,Years,28.01666641
BRA,BRAZIL,Probability to receive funding,By technology,Wind,Later stage,2015,0,Percentage,0.699999988
BRA,BRAZIL,Probability to receive funding,By technology,Wind,Later stage,2016,0,Percentage,0.699999988
BRA,BRAZIL,Probability to receive funding,By technology,Wind,Later stage,2017,0,Percentage,0.699999988
BRA,BRAZIL,Probability to receive funding,By technology,Wind,Later stage,2018,0,Percentage,0.699999988
BRA,BRAZIL,Probability to receive funding,By technology,Wind,Later stage,2019,0,Percentage,0.699999988
BRA,BRAZIL,Probability to receive funding,By technology,Wind,Later stage,2020,0,Percentage,0.899999976
BRA,BRAZIL,Probability to receive funding,By technology,Wind,Later stage,2021,0,Percentage,0.899999976
IOT,BRITISH INDIAN OCEAN TERRITORY,Probability to receive funding,"By sector (energy, green, digital)",Non-energy,Early stage,2021,100,Percentage,1
IOT,BRITISH INDIAN OCEAN TERRITORY,Fundings of start-ups,"By sector (energy, green, digital)",Non-energy,Early stage,2022,1.523287654,Years,1
IOT,BRITISH INDIAN OCEAN TERRITORY,Probability to receive funding,"By sector (energy, green, digital)",Non-energy,Later stage,2021,0,Percentage,1
BRN,BRUNEI DARUSSALAM,Probability to receive funding,"By sector (energy, green, digital)",Non-energy,Early stage,2021,0,Percentage,14
BRN,BRUNEI DARUSSALAM,Probability to receive funding,"By sector (energy, green, digital)",Non-energy,Later stage,2021,0,Percentage,14
BGR,BULGARIA,Fundings of start-ups,"By sector (energy, green, digital)",Energy,Early stage,2014,80488.10938,USD,1
BGR,BULGARIA,Fundings of start-ups,"By sector (energy, green, digital)",Energy,Early stage,2015,735902.0625,USD,2
BGR,BULGARIA,Fundings of start-ups,"By sector (energy, green, digital)",Energy,Early stage,2016,754255,USD,1
BGR,BULGARIA,Fundings of start-ups,"By sector (energy, green, digital)",Energy,Early stage,2018,273103.7188,USD,1
BGR,BULGARIA,Fundings of start-ups,"By sector (energy, green, digital)",Energy,Early stage,2020,125237.5469,USD,1
BGR,BULGARIA,Probability to receive funding,"By sector (energy, green, digital)",Energy,Early stage,2021,9.523809433,Percentage,21
BGR,BULGARIA,Fundings of start-ups,"By sector (energy, green, digital)",Energy,Early stage,2022,0.898630142,Years,21
BGR,BULGARIA,Fundings of start-ups,"By sector (energy, green, digital)",Energy and digital,Early stage,2014,80488.10938,USD,1
BGR,BULGARIA,Fundings of start-ups,"By sector (energy, green, digital)",Energy and digital,Early stage,2015,735902.0625,USD,2
BGR,BULGARIA,Fundings of start-ups,"By sector (energy, green, digital)",Energy and digital,Early stage,2016,754255,USD,1
BGR,BULGARIA,Fundings of start-ups,"By sector (energy, green, digital)",Energy and digital,Early stage,2018,273103.7188,USD,1
BGR,BULGARIA,Fundings of start-ups,"By sector (energy, green, digital)",Energy and digital,Early stage,2020,125237.5469,USD,1
BGR,BULGARIA,Probability to receive funding,"By sector (energy, green, digital)",Energy and digital,Early stage,2021,9.090909004,Percentage,11
BGR,BULGARIA,Probability to receive funding,"By sector (energy, green, digital)",Energy and non-digital,Early stage,2021,10,Percentage,10
BGR,BULGARIA,Fundings of start-ups,"By sector (energy, green, digital)",Energy and non-digital,Early stage,2022,0.898630142,Years,10
BGR,BULGARIA,Fundings of start-ups,"By sector (energy, green, digital)",Non-energy,Early stage,2006,6915.584473,USD,1
BGR,BULGARIA,Fundings of start-ups,"By sector (energy, green, digital)",Non-energy,Early stage,2008,2044411.375,USD,1
BGR,BULGARIA,Fundings of start-ups,"By sector (energy, green, digital)",Non-energy,Early stage,2009,389634.1563,USD,1
BGR,BULGARIA,Fundings of start-ups,"By sector (energy, green, digital)",Non-energy,Early stage,2010,255089.8281,USD,2
BGR,BULGARIA,Fundings of start-ups,"By sector (energy, green, digital)",Non-energy,Early stage,2011,8389447,USD,4
BGR,BULGARIA,Fundings of start-ups,"By sector (energy, green, digital)",Non-energy,Early stage,2012,1696891.125,USD,17
BGR,BULGARIA,Fundings of start-ups,"By sector (energy, green, digital)",Non-energy,Early stage,2013,6191614.5,USD,67
BGR,BULGARIA,Fundings of start-ups,"By sector (energy, green, digital)",Non-energy,Early stage,2014,8298411.5,USD,69
BGR,BULGARIA,Fundings of start-ups,"By sector (energy, green, digital)",Non-energy,Early stage,2015,14743308,USD,71
BGR,BULGARIA,Fundings of start-ups,"By sector (energy, green, digital)",Non-energy,Early stage,2016,13174014,USD,15
BGR,BULGARIA,Fundings of start-ups,"By sector (energy, green, digital)",Non-energy,Early stage,2017,6085249,USD,10
BGR,BULGARIA,Fundings of start-ups,"By sector (energy, green, digital)",Non-energy,Early stage,2018,18201668,USD,10
BGR,BULGARIA,Fundings of start-ups,"By sector (energy, green, digital)",Non-energy,Early stage,2019,4570720.5,USD,10
BGR,BULGARIA,Fundings of start-ups,"By sector (energy, green, digital)",Non-energy,Early stage,2020,10548386,USD,13
BGR,BULGARIA,Fundings of start-ups,"By sector (energy, green, digital)",Non-energy,Early stage,2021,12936318,USD,10
BGR,BULGARIA,Probability to receive funding,"By sector (energy, green, digital)",Non-energy,Early stage,2021,17.1162796,Percentage,1075
BGR,BULGARIA,Fundings of start-ups,"By sector (energy, green, digital)",Non-energy,Early stage,2022,8944769,USD,7
BGR,BULGARIA,Fundings of start-ups,"By sector (energy, green, digital)",Non-energy,Early stage,2022,1.291249394,Years,1080
BGR,BULGARIA,Probability to receive funding,"By sector (energy, green, digital)",Energy,Later stage,2021,9.523809433,Percentage,21
BGR,BULGARIA,Fundings of start-ups,"By sector (energy, green, digital)",Energy,Later stage,2022,1.904109597,Years,21
BGR,BULGARIA,Probability to receive funding,"By sector (energy, green, digital)",Energy and digital,Later stage,2021,9.090909004,Percentage,11
BGR,BULGARIA,Fundings of start-ups,"By sector (energy, green, digital)",Energy and digital,Later stage,2022,1.70410955,Years,11
BGR,BULGARIA,Probability to receive funding,"By sector (energy, green, digital)",Energy and non-digital,Later stage,2021,10,Percentage,10
BGR,BULGARIA,Fundings of start-ups,"By sector (energy, green, digital)",Energy and non-digital,Later stage,2022,2.104109526,Years,10
BGR,BULGARIA,Fundings of start-ups,"By sector (energy, green, digital)",Non-energy,Later stage,2021,2418706.5,USD,1
BGR,BULGARIA,Probability to receive funding,"By sector (energy, green, digital)",Non-energy,Later stage,2021,0.930232584,Percentage,1075
BGR,BULGARIA,Fundings of start-ups,"By sector (energy, green, digital)",Non-energy,Later stage,2022,5.691781044,Years,1080
BGR,BULGARIA,Fundings of start-ups,By technology,Energy efficiency,all,2014,80488.10938,USD,1
BGR,BULGARIA,Fundings of start-ups,By technology,Energy efficiency,all,2015,735902.0625,USD,2
BGR,BULGARIA,Fundings of start-ups,By technology,Energy efficiency,all,2016,754255,USD,1
BGR,BULGARIA,Fundings of start-ups,By technology,Energy efficiency,all,2018,273103.7188,USD,1
BGR,BULGARIA,Fundings of start-ups,By technology,Energy efficiency,all,2020,125237.5469,USD,1
BGR,BULGARIA,Fundings of start-ups,By technology,Clean energy,Early stage,2014,80488.10938,USD,1
BGR,BULGARIA,Fundings of start-ups,By technology,Clean energy,Early stage,2015,735902.0625,USD,2
BGR,BULGARIA,Fundings of start-ups,By technology,Clean energy,Early stage,2016,754255,USD,1
BGR,BULGARIA,Fundings of start-ups,By technology,Clean energy,Early stage,2018,273103.7188,USD,1
BGR,BULGARIA,Fundings of start-ups,By technology,Clean energy,Early stage,2020,125237.5469,USD,1
BGR,BULGARIA,Probability to receive funding,By technology,Clean energy,Early stage,2021,14.28571415,Percentage,14
BGR,BULGARIA,Fundings of start-ups,By technology,Clean energy,Early stage,2022,0.898630142,Years,14
BGR,BULGARIA,Probability to receive funding,By technology,Electric mobility,Early stage,2015,0,Percentage,1
BGR,BULGARIA,Probability to receive funding,By technology,Electric mobility,Early stage,2016,0,Percentage,1
BGR,BULGARIA,Probability to receive funding,By technology,Electric mobility,Early stage,2017,0,Percentage,1
BGR,BULGARIA,Probability to receive funding,By technology,Electric mobility,Early stage,2018,33.33333206,Percentage,3
BGR,BULGARIA,Probability to receive funding,By technology,Electric mobility,Early stage,2019,33.33333206,Percentage,3
BGR,BULGARIA,Probability to receive funding,By technology,Electric mobility,Early stage,2020,25,Percentage,4
BGR,BULGARIA,Probability to receive funding,By technology,Electric mobility,Early stage,2021,25,Percentage,4
BGR,BULGARIA,Probability to receive funding,By technology,Energy efficiency,Early stage,2015,40,Percentage,2.5
BGR,BULGARIA,Probability to receive funding,By technology,Energy efficiency,Early stage,2016,40,Percentage,2.5
BGR,BULGARIA,Probability to receive funding,By technology,Energy efficiency,Early stage,2017,40,Percentage,2.5
BGR,BULGARIA,Probability to receive funding,By technology,Energy efficiency,Early stage,2018,28.5714283,Percentage,3.5
BGR,BULGARIA,Probability to receive funding,By technology,Energy efficiency,Early stage,2019,28.5714283,Percentage,3.5
BGR,BULGARIA,Probability to receive funding,By technology,Energy efficiency,Early stage,2020,28.5714283,Percentage,3.5
BGR,BULGARIA,Probability to receive funding,By technology,Energy efficiency,Early stage,2021,28.5714283,Percentage,3.5
BGR,BULGARIA,Probability to receive funding,By technology,Fossil fuels,Early stage,2015,0,Percentage,0.5
BGR,BULGARIA,Probability to receive funding,By technology,Fossil fuels,Early stage,2016,0,Percentage,0.5
BGR,BULGARIA,Probability to receive funding,By technology,Fossil fuels,Early stage,2017,0,Percentage,0.5
BGR,BULGARIA,Probability to receive funding,By technology,Fossil fuels,Early stage,2018,0,Percentage,0.5
BGR,BULGARIA,Probability to receive funding,By technology,Fossil fuels,Early stage,2019,0,Percentage,0.5
BGR,BULGARIA,Probability to receive funding,By technology,Fossil fuels,Early stage,2020,0,Percentage,0.5
BGR,BULGARIA,Probability to receive funding,By technology,Fossil fuels,Early stage,2021,0,Percentage,0.5
BGR,BULGARIA,Probability to receive funding,By technology,Grid,Early stage,2015,0,Percentage,1.166666627
BGR,BULGARIA,Probability to receive funding,By technology,Grid,Early stage,2016,0,Percentage,1.166666627
BGR,BULGARIA,Probability to receive funding,By technology,Grid,Early stage,2017,0,Percentage,1.166666627
BGR,BULGARIA,Probability to receive funding,By technology,Grid,Early stage,2018,0,Percentage,1.166666627
BGR,BULGARIA,Probability to receive funding,By technology,Grid,Early stage,2019,0,Percentage,1.166666627
BGR,BULGARIA,Probability to receive funding,By technology,Grid,Early stage,2020,0,Percentage,1.166666627
BGR,BULGARIA,Probability to receive funding,By technology,Grid,Early stage,2021,0,Percentage,1.166666627
BGR,BULGARIA,Probability to receive funding,By technology,Non-clean energy,Early stage,2021,0,Percentage,7
BGR,BULGARIA,Probability to receive funding,By technology,Other energy,Early stage,2015,0,Percentage,3.333333254
BGR,BULGARIA,Probability to receive funding,By technology,Other energy,Early stage,2016,0,Percentage,3.333333254
BGR,BULGARIA,Probability to receive funding,By technology,Other energy,Early stage,2017,0,Percentage,3.333333254
BGR,BULGARIA,Probability to receive funding,By technology,Other energy,Early stage,2018,0,Percentage,3.333333254
BGR,BULGARIA,Probability to receive funding,By technology,Other energy,Early stage,2019,0,Percentage,3.333333254
BGR,BULGARIA,Probability to receive funding,By technology,Other energy,Early stage,2020,0,Percentage,3.333333254
BGR,BULGARIA,Probability to receive funding,By technology,Other energy,Early stage,2021,0,Percentage,3.333333254
BGR,BULGARIA,Probability to receive funding,By technology,Other renewables,Early stage,2015,0,Percentage,4
BGR,BULGARIA,Probability to receive funding,By technology,Other renewables,Early stage,2016,0,Percentage,4
BGR,BULGARIA,Probability to receive funding,By technology,Other renewables,Early stage,2017,0,Percentage,4
BGR,BULGARIA,Probability to receive funding,By technology,Other renewables,Early stage,2018,0,Percentage,4
BGR,BULGARIA,Probability to receive funding,By technology,Other renewables,Early stage,2019,0,Percentage,4
BGR,BULGARIA,Probability to receive funding,By technology,Other renewables,Early stage,2020,0,Percentage,4
BGR,BULGARIA,Probability to receive funding,By technology,Other renewables,Early stage,2021,0,Percentage,4
BGR,BULGARIA,Probability to receive funding,By technology,Solar,Early stage,2015,0,Percentage,0.5
BGR,BULGARIA,Probability to receive funding,By technology,Solar,Early stage,2016,0,Percentage,0.5
BGR,BULGARIA,Probability to receive funding,By technology,Solar,Early stage,2017,0,Percentage,0.5
BGR,BULGARIA,Probability to receive funding,By technology,Solar,Early stage,2018,0,Percentage,0.5
BGR,BULGARIA,Probability to receive funding,By technology,Solar,Early stage,2019,0,Percentage,0.5
BGR,BULGARIA,Probability to receive funding,By technology,Solar,Early stage,2020,0,Percentage,0.5
BGR,BULGARIA,Probability to receive funding,By technology,Solar,Early stage,2021,0,Percentage,0.5
BGR,BULGARIA,Probability to receive funding,By technology,Clean energy,Later stage,2021,14.28571415,Percentage,14
BGR,BULGARIA,Fundings of start-ups,By technology,Clean energy,Later stage,2022,1.904109597,Years,14
BGR,BULGARIA,Probability to receive funding,By technology,Electric mobility,Later stage,2015,0,Percentage,1
BGR,BULGARIA,Probability to receive funding,By technology,Electric mobility,Later stage,2016,0,Percentage,1
BGR,BULGARIA,Probability to receive funding,By technology,Electric mobility,Later stage,2017,0,Percentage,1
BGR,BULGARIA,Probability to receive funding,By technology,Electric mobility,Later stage,2018,33.33333206,Percentage,3
BGR,BULGARIA,Probability to receive funding,By technology,Electric mobility,Later stage,2019,33.33333206,Percentage,3
BGR,BULGARIA,Probability to receive funding,By technology,Electric mobility,Later stage,2020,25,Percentage,4
BGR,BULGARIA,Probability to receive funding,By technology,Electric mobility,Later stage,2021,25,Percentage,4
BGR,BULGARIA,Probability to receive funding,By technology,Energy efficiency,Later stage,2015,0,Percentage,2.5
BGR,BULGARIA,Probability to receive funding,By technology,Energy efficiency,Later stage,2016,0,Percentage,2.5
BGR,BULGARIA,Probability to receive funding,By technology,Energy efficiency,Later stage,2017,0,Percentage,2.5
BGR,BULGARIA,Probability to receive funding,By technology,Energy efficiency,Later stage,2018,28.5714283,Percentage,3.5
BGR,BULGARIA,Probability to receive funding,By technology,Energy efficiency,Later stage,2019,28.5714283,Percentage,3.5
BGR,BULGARIA,Probability to receive funding,By technology,Energy efficiency,Later stage,2020,28.5714283,Percentage,3.5
BGR,BULGARIA,Probability to receive funding,By technology,Energy efficiency,Later stage,2021,28.5714283,Percentage,3.5
BGR,BULGARIA,Probability to receive funding,By technology,Fossil fuels,Later stage,2015,0,Percentage,0.5
BGR,BULGARIA,Probability to receive funding,By technology,Fossil fuels,Later stage,2016,0,Percentage,0.5
BGR,BULGARIA,Probability to receive funding,By technology,Fossil fuels,Later stage,2017,0,Percentage,0.5
BGR,BULGARIA,Probability to receive funding,By technology,Fossil fuels,Later stage,2018,0,Percentage,0.5
BGR,BULGARIA,Probability to receive funding,By technology,Fossil fuels,Later stage,2019,0,Percentage,0.5
BGR,BULGARIA,Probability to receive funding,By technology,Fossil fuels,Later stage,2020,0,Percentage,0.5
BGR,BULGARIA,Probability to receive funding,By technology,Fossil fuels,Later stage,2021,0,Percentage,0.5
BGR,BULGARIA,Probability to receive funding,By technology,Grid,Later stage,2015,0,Percentage,1.166666627
BGR,BULGARIA,Probability to receive funding,By technology,Grid,Later stage,2016,0,Percentage,1.166666627
BGR,BULGARIA,Probability to receive funding,By technology,Grid,Later stage,2017,0,Percentage,1.166666627
BGR,BULGARIA,Probability to receive funding,By technology,Grid,Later stage,2018,0,Percentage,1.166666627
BGR,BULGARIA,Probability to receive funding,By technology,Grid,Later stage,2019,0,Percentage,1.166666627
BGR,BULGARIA,Probability to receive funding,By technology,Grid,Later stage,2020,0,Percentage,1.166666627
BGR,BULGARIA,Probability to receive funding,By technology,Grid,Later stage,2021,0,Percentage,1.166666627
BGR,BULGARIA,Probability to receive funding,By technology,Non-clean energy,Later stage,2021,0,Percentage,7
BGR,BULGARIA,Probability to receive funding,By technology,Other energy,Later stage,2015,0,Percentage,3.333333254
BGR,BULGARIA,Probability to receive funding,By technology,Other energy,Later stage,2016,0,Percentage,3.333333254
BGR,BULGARIA,Probability to receive funding,By technology,Other energy,Later stage,2017,0,Percentage,3.333333254
BGR,BULGARIA,Probability to receive funding,By technology,Other energy,Later stage,2018,0,Percentage,3.333333254
BGR,BULGARIA,Probability to receive funding,By technology,Other energy,Later stage,2019,0,Percentage,3.333333254
BGR,BULGARIA,Probability to receive funding,By technology,Other energy,Later stage,2020,0,Percentage,3.333333254
BGR,BULGARIA,Probability to receive funding,By technology,Other energy,Later stage,2021,0,Percentage,3.333333254
BGR,BULGARIA,Probability to receive funding,By technology,Other renewables,Later stage,2015,0,Percentage,4
BGR,BULGARIA,Probability to receive funding,By technology,Other renewables,Later stage,2016,0,Percentage,4
BGR,BULGARIA,Probability to receive funding,By technology,Other renewables,Later stage,2017,0,Percentage,4
BGR,BULGARIA,Probability to receive funding,By technology,Other renewables,Later stage,2018,0,Percentage,4
BGR,BULGARIA,Probability to receive funding,By technology,Other renewables,Later stage,2019,0,Percentage,4
BGR,BULGARIA,Probability to receive funding,By technology,Other renewables,Later stage,2020,0,Percentage,4
BGR,BULGARIA,Probability to receive funding,By technology,Other renewables,Later stage,2021,0,Percentage,4
BGR,BULGARIA,Probability to receive funding,By technology,Solar,Later stage,2015,0,Percentage,0.5
BGR,BULGARIA,Probability to receive funding,By technology,Solar,Later stage,2016,0,Percentage,0.5
BGR,BULGARIA,Probability to receive funding,By technology,Solar,Later stage,2017,0,Percentage,0.5
BGR,BULGARIA,Probability to receive funding,By technology,Solar,Later stage,2018,0,Percentage,0.5
BGR,BULGARIA,Probability to receive funding,By technology,Solar,Later stage,2019,0,Percentage,0.5
BGR,BULGARIA,Probability to receive funding,By technology,Solar,Later stage,2020,0,Percentage,0.5
BGR,BULGARIA,Probability to receive funding,By technology,Solar,Later stage,2021,0,Percentage,0.5
BFA,BURKINA FASO,Probability to receive funding,"By sector (energy, green, digital)",Non-energy,Early stage,2021,0,Percentage,13
BFA,BURKINA FASO,Probability to receive funding,"By sector (energy, green, digital)",Non-energy,Later stage,2021,0,Percentage,13
BDI,BURUNDI,Probability to receive funding,"By sector (energy, green, digital)",Non-energy,Early stage,2021,0,Percentage,5
BDI,BURUNDI,Probability to receive funding,"By sector (energy, green, digital)",Non-energy,Later stage,2021,0,Percentage,5
CPV,CABO VERDE,Probability to receive funding,"By sector (energy, green, digital)",Non-energy,Early stage,2021,0,Percentage,5
CPV,CABO VERDE,Probability to receive funding,"By sector (energy, green, digital)",Non-energy,Later stage,2021,0,Percentage,5
KHM,CAMBODIA,Fundings of start-ups,"By sector (energy, green, digital)",Energy,Early stage,2017,793085.125,USD,1
KHM,CAMBODIA,Fundings of start-ups,"By sector (energy, green, digital)",Energy,Early stage,2019,1738775.5,USD,1
KHM,CAMBODIA,Probability to receive funding,"By sector (energy, green, digital)",Energy,Early stage,2021,40,Percentage,5
KHM,CAMBODIA,Fundings of start-ups,"By sector (energy, green, digital)",Energy,Early stage,2022,2.180821896,Years,5
KHM,CAMBODIA,Fundings of start-ups,"By sector (energy, green, digital)",Energy and non-digital,Early stage,2017,793085.125,USD,1
KHM,CAMBODIA,Fundings of start-ups,"By sector (energy, green, digital)",Energy and non-digital,Early stage,2019,1738775.5,USD,1
KHM,CAMBODIA,Probability to receive funding,"By sector (energy, green, digital)",Energy and non-digital,Early stage,2021,40,Percentage,5
KHM,CAMBODIA,Fundings of start-ups,"By sector (energy, green, digital)",Energy and non-digital,Early stage,2022,2.180821896,Years,5
KHM,CAMBODIA,Fundings of start-ups,"By sector (energy, green, digital)",Non-energy,Early stage,2012,13627.15918,USD,1
KHM,CAMBODIA,Fundings of start-ups,"By sector (energy, green, digital)",Non-energy,Early stage,2016,243653.4844,USD,3
KHM,CAMBODIA,Fundings of start-ups,"By sector (energy, green, digital)",Non-energy,Early stage,2017,566489.375,USD,3
KHM,CAMBODIA,Fundings of start-ups,"By sector (energy, green, digital)",Non-energy,Early stage,2018,3106250,USD,2
KHM,CAMBODIA,Fundings of start-ups,"By sector (energy, green, digital)",Non-energy,Early stage,2019,3548969,USD,5
KHM,CAMBODIA,Fundings of start-ups,"By sector (energy, green, digital)",Non-energy,Early stage,2020,2576439.5,USD,5
KHM,CAMBODIA,Probability to receive funding,"By sector (energy, green, digital)",Non-energy,Early stage,2021,12.8342247,Percentage,187
KHM,CAMBODIA,Fundings of start-ups,"By sector (energy, green, digital)",Non-energy,Early stage,2021,5957826,USD,2
KHM,CAMBODIA,Fundings of start-ups,"By sector (energy, green, digital)",Non-energy,Early stage,2022,4900000,USD,2
KHM,CAMBODIA,Fundings of start-ups,"By sector (energy, green, digital)",Non-energy,Early stage,2022,2.136363745,Years,188
KHM,CAMBODIA,Probability to receive funding,"By sector (energy, green, digital)",Energy,Later stage,2021,0,Percentage,5
KHM,CAMBODIA,Probability to receive funding,"By sector (energy, green, digital)",Energy and non-digital,Later stage,2021,0,Percentage,5
KHM,CAMBODIA,Probability to receive funding,"By sector (energy, green, digital)",Non-energy,Later stage,2021,1.604278088,Percentage,187
KHM,CAMBODIA,Fundings of start-ups,"By sector (energy, green, digital)",Non-energy,Later stage,2022,4.141552448,Years,188
KHM,CAMBODIA,Fundings of start-ups,By technology,Other renewables,all,2017,793085.125,USD,1
KHM,CAMBODIA,Fundings of start-ups,By technology,Other renewables,all,2019,1738775.5,USD,1
KHM,CAMBODIA,Fundings of start-ups,By technology,Clean energy,Early stage,2017,793085.125,USD,1
KHM,CAMBODIA,Fundings of start-ups,By technology,Clean energy,Early stage,2019,1738775.5,USD,1
KHM,CAMBODIA,Probability to receive funding,By technology,Clean energy,Early stage,2021,50,Percentage,4
KHM,CAMBODIA,Fundings of start-ups,By technology,Clean energy,Early stage,2022,2.180821896,Years,4
KHM,CAMBODIA,Probability to receive funding,By technology,Fossil fuels,Early stage,2015,100,Percentage,0.25
KHM,CAMBODIA,Probability to receive funding,By technology,Fossil fuels,Early stage,2016,100,Percentage,0.25
KHM,CAMBODIA,Probability to receive funding,By technology,Fossil fuels,Early stage,2017,100,Percentage,0.25
KHM,CAMBODIA,Probability to receive funding,By technology,Fossil fuels,Early stage,2018,100,Percentage,0.25
KHM,CAMBODIA,Probability to receive funding,By technology,Fossil fuels,Early stage,2019,100,Percentage,0.25
KHM,CAMBODIA,Probability to receive funding,By technology,Fossil fuels,Early stage,2020,100,Percentage,0.25
KHM,CAMBODIA,Probability to receive funding,By technology,Fossil fuels,Early stage,2021,100,Percentage,0.25
KHM,CAMBODIA,Probability to receive funding,By technology,Non-clean energy,Early stage,2021,0,Percentage,1
KHM,CAMBODIA,Probability to receive funding,By technology,Other energy,Early stage,2015,23.07692337,Percentage,1.083333373
KHM,CAMBODIA,Probability to receive funding,By technology,Other energy,Early stage,2016,23.07692337,Percentage,1.083333373
KHM,CAMBODIA,Probability to receive funding,By technology,Other energy,Early stage,2017,23.07692337,Percentage,1.083333373
KHM,CAMBODIA,Probability to receive funding,By technology,Other energy,Early stage,2018,23.07692337,Percentage,1.083333373
KHM,CAMBODIA,Probability to receive funding,By technology,Other energy,Early stage,2019,23.07692337,Percentage,1.083333373
KHM,CAMBODIA,Probability to receive funding,By technology,Other energy,Early stage,2020,23.07692337,Percentage,1.083333373
KHM,CAMBODIA,Probability to receive funding,By technology,Other energy,Early stage,2021,23.07692337,Percentage,1.083333373
KHM,CAMBODIA,Probability to receive funding,By technology,Other renewables,Early stage,2015,42.8571434,Percentage,0.583333313
KHM,CAMBODIA,Probability to receive funding,By technology,Other renewables,Early stage,2016,78.94736481,Percentage,1.583333373
KHM,CAMBODIA,Probability to receive funding,By technology,Other renewables,Early stage,2017,78.94736481,Percentage,1.583333373
KHM,CAMBODIA,Probability to receive funding,By technology,Other renewables,Early stage,2018,78.94736481,Percentage,1.583333373
KHM,CAMBODIA,Probability to receive funding,By technology,Other renewables,Early stage,2019,78.94736481,Percentage,1.583333373
KHM,CAMBODIA,Probability to receive funding,By technology,Other renewables,Early stage,2020,78.94736481,Percentage,1.583333373
KHM,CAMBODIA,Probability to receive funding,By technology,Other renewables,Early stage,2021,78.94736481,Percentage,1.583333373
KHM,CAMBODIA,Probability to receive funding,By technology,Solar,Early stage,2015,23.07692337,Percentage,1.083333373
KHM,CAMBODIA,Probability to receive funding,By technology,Solar,Early stage,2016,23.07692337,Percentage,1.083333373
KHM,CAMBODIA,Probability to receive funding,By technology,Solar,Early stage,2017,23.07692337,Percentage,1.083333373
KHM,CAMBODIA,Probability to receive funding,By technology,Solar,Early stage,2018,23.07692337,Percentage,1.083333373
KHM,CAMBODIA,Probability to receive funding,By technology,Solar,Early stage,2019,23.07692337,Percentage,1.083333373
KHM,CAMBODIA,Probability to receive funding,By technology,Solar,Early stage,2020,23.07692337,Percentage,1.083333373
KHM,CAMBODIA,Probability to receive funding,By technology,Solar,Early stage,2021,23.07692337,Percentage,1.083333373
KHM,CAMBODIA,Probability to receive funding,By technology,Clean energy,Later stage,2021,0,Percentage,4
KHM,CAMBODIA,Probability to receive funding,By technology,Fossil fuels,Later stage,2015,0,Percentage,0.25
KHM,CAMBODIA,Probability to receive funding,By technology,Fossil fuels,Later stage,2016,0,Percentage,0.25
KHM,CAMBODIA,Probability to receive funding,By technology,Fossil fuels,Later stage,2017,0,Percentage,0.25
KHM,CAMBODIA,Probability to receive funding,By technology,Fossil fuels,Later stage,2018,0,Percentage,0.25
KHM,CAMBODIA,Probability to receive funding,By technology,Fossil fuels,Later stage,2019,0,Percentage,0.25
KHM,CAMBODIA,Probability to receive funding,By technology,Fossil fuels,Later stage,2020,0,Percentage,0.25
KHM,CAMBODIA,Probability to receive funding,By technology,Fossil fuels,Later stage,2021,0,Percentage,0.25
KHM,CAMBODIA,Probability to receive funding,By technology,Non-clean energy,Later stage,2021,0,Percentage,1
KHM,CAMBODIA,Probability to receive funding,By technology,Other energy,Later stage,2015,0,Percentage,1.083333373
KHM,CAMBODIA,Probability to receive funding,By technology,Other energy,Later stage,2016,0,Percentage,1.083333373
KHM,CAMBODIA,Probability to receive funding,By technology,Other energy,Later stage,2017,0,Percentage,1.083333373
KHM,CAMBODIA,Probability to receive funding,By technology,Other energy,Later stage,2018,0,Percentage,1.083333373
KHM,CAMBODIA,Probability to receive funding,By technology,Other energy,Later stage,2019,0,Percentage,1.083333373
KHM,CAMBODIA,Probability to receive funding,By technology,Other energy,Later stage,2020,0,Percentage,1.083333373
KHM,CAMBODIA,Probability to receive funding,By technology,Other energy,Later stage,2021,0,Percentage,1.083333373
KHM,CAMBODIA,Probability to receive funding,By technology,Other renewables,Later stage,2015,0,Percentage,0.583333313
KHM,CAMBODIA,Probability to receive funding,By technology,Other renewables,Later stage,2016,0,Percentage,1.583333373
KHM,CAMBODIA,Probability to receive funding,By technology,Other renewables,Later stage,2017,0,Percentage,1.583333373
KHM,CAMBODIA,Probability to receive funding,By technology,Other renewables,Later stage,2018,0,Percentage,1.583333373
KHM,CAMBODIA,Probability to receive funding,By technology,Other renewables,Later stage,2019,0,Percentage,1.583333373
KHM,CAMBODIA,Probability to receive funding,By technology,Other renewables,Later stage,2020,0,Percentage,1.583333373
KHM,CAMBODIA,Probability to receive funding,By technology,Other renewables,Later stage,2021,0,Percentage,1.583333373
KHM,CAMBODIA,Probability to receive funding,By technology,Solar,Later stage,2015,0,Percentage,1.083333373
KHM,CAMBODIA,Probability to receive funding,By technology,Solar,Later stage,2016,0,Percentage,1.083333373
KHM,CAMBODIA,Probability to receive funding,By technology,Solar,Later stage,2017,0,Percentage,1.083333373
KHM,CAMBODIA,Probability to receive funding,By technology,Solar,Later stage,2018,0,Percentage,1.083333373
KHM,CAMBODIA,Probability to receive funding,By technology,Solar,Later stage,2019,0,Percentage,1.083333373
KHM,CAMBODIA,Probability to receive funding,By technology,Solar,Later stage,2020,0,Percentage,1.083333373
KHM,CAMBODIA,Probability to receive funding,By technology,Solar,Later stage,2021,0,Percentage,1.083333373
CMR,CAMEROON,Fundings of start-ups,"By sector (energy, green, digital)",Energy,Early stage,2018,1387919.125,USD,1
CMR,CAMEROON,Fundings of start-ups,"By sector (energy, green, digital)",Energy,Early stage,2019,3262959,USD,1
CMR,CAMEROON,Probability to receive funding,"By sector (energy, green, digital)",Energy,Early stage,2021,50,Percentage,2
CMR,CAMEROON,Fundings of start-ups,"By sector (energy, green, digital)",Energy,Early stage,2022,3.260273933,Years,2
CMR,CAMEROON,Fundings of start-ups,"By sector (energy, green, digital)",Energy and non-digital,Early stage,2018,1387919.125,USD,1
CMR,CAMEROON,Fundings of start-ups,"By sector (energy, green, digital)",Energy and non-digital,Early stage,2019,3262959,USD,1
CMR,CAMEROON,Probability to receive funding,"By sector (energy, green, digital)",Energy and non-digital,Early stage,2021,50,Percentage,2
CMR,CAMEROON,Fundings of start-ups,"By sector (energy, green, digital)",Energy and non-digital,Early stage,2022,3.260273933,Years,2
CMR,CAMEROON,Fundings of start-ups,"By sector (energy, green, digital)",Non-energy,Early stage,2009,5923.737793,USD,1
CMR,CAMEROON,Fundings of start-ups,"By sector (energy, green, digital)",Non-energy,Early stage,2010,1275449.125,USD,1
CMR,CAMEROON,Fundings of start-ups,"By sector (energy, green, digital)",Non-energy,Early stage,2015,789629.8125,USD,3
CMR,CAMEROON,Fundings of start-ups,"By sector (energy, green, digital)",Non-energy,Early stage,2016,115760.8672,USD,1
CMR,CAMEROON,Fundings of start-ups,"By sector (energy, green, digital)",Non-energy,Early stage,2017,169946.8125,USD,1
CMR,CAMEROON,Fundings of start-ups,"By sector (energy, green, digital)",Non-energy,Early stage,2018,316171.875,USD,2
CMR,CAMEROON,Fundings of start-ups,"By sector (energy, green, digital)",Non-energy,Early stage,2020,1290909.125,USD,1
CMR,CAMEROON,Probability to receive funding,"By sector (energy, green, digital)",Non-energy,Early stage,2021,8.805031776,Percentage,159
CMR,CAMEROON,Fundings of start-ups,"By sector (energy, green, digital)",Non-energy,Early stage,2022,1.347312927,Years,159
CMR,CAMEROON,Fundings of start-ups,"By sector (energy, green, digital)",Non-energy,Early stage,2022,2700000,USD,1
CMR,CAMEROON,Probability to receive funding,"By sector (energy, green, digital)",Energy,Later stage,2021,0,Percentage,2
CMR,CAMEROON,Probability to receive funding,"By sector (energy, green, digital)",Energy and non-digital,Later stage,2021,0,Percentage,2
CMR,CAMEROON,Probability to receive funding,"By sector (energy, green, digital)",Non-energy,Later stage,2021,0.628930807,Percentage,159
CMR,CAMEROON,Fundings of start-ups,"By sector (energy, green, digital)",Non-energy,Later stage,2021,3601449.25,USD,1
CMR,CAMEROON,Fundings of start-ups,"By sector (energy, green, digital)",Non-energy,Later stage,2022,5.745205402,Years,159
CMR,CAMEROON,Fundings of start-ups,By technology,Other energy,all,2018,693959.5625,USD,0.5
CMR,CAMEROON,Fundings of start-ups,By technology,Other energy,all,2019,1936305.875,USD,1
CMR,CAMEROON,Fundings of start-ups,By technology,Other renewables,all,2018,693959.5625,USD,0.5
CMR,CAMEROON,Fundings of start-ups,By technology,Other renewables,all,2019,1936305.875,USD,1
CMR,CAMEROON,Fundings of start-ups,By technology,Clean energy,Early stage,2018,1387919.125,USD,1
CMR,CAMEROON,Fundings of start-ups,By technology,Clean energy,Early stage,2019,3262959,USD,1
CMR,CAMEROON,Probability to receive funding,By technology,Clean energy,Early stage,2021,50,Percentage,2
CMR,CAMEROON,Fundings of start-ups,By technology,Clean energy,Early stage,2022,3.260273933,Years,2
CMR,CAMEROON,Probability to receive funding,By technology,Energy storage and batteries,Early stage,2019,0,Percentage,0.25
CMR,CAMEROON,Probability to receive funding,By technology,Energy storage and batteries,Early stage,2020,0,Percentage,0.25
CMR,CAMEROON,Probability to receive funding,By technology,Energy storage and batteries,Early stage,2021,0,Percentage,0.25
CMR,CAMEROON,Probability to receive funding,By technology,Other energy,Early stage,2015,100,Percentage,0.5
CMR,CAMEROON,Probability to receive funding,By technology,Other energy,Early stage,2016,100,Percentage,0.5
CMR,CAMEROON,Probability to receive funding,By technology,Other energy,Early stage,2017,100,Percentage,0.5
CMR,CAMEROON,Probability to receive funding,By technology,Other energy,Early stage,2018,100,Percentage,0.5
CMR,CAMEROON,Probability to receive funding,By technology,Other energy,Early stage,2019,66.66666412,Percentage,0.75
CMR,CAMEROON,Probability to receive funding,By technology,Other energy,Early stage,2020,66.66666412,Percentage,0.75
CMR,CAMEROON,Probability to receive funding,By technology,Other energy,Early stage,2021,66.66666412,Percentage,0.75
CMR,CAMEROON,Probability to receive funding,By technology,Other renewables,Early stage,2015,100,Percentage,0.5
CMR,CAMEROON,Probability to receive funding,By technology,Other renewables,Early stage,2016,100,Percentage,0.5
CMR,CAMEROON,Probability to receive funding,By technology,Other renewables,Early stage,2017,100,Percentage,0.5
CMR,CAMEROON,Probability to receive funding,By technology,Other renewables,Early stage,2018,100,Percentage,0.5
CMR,CAMEROON,Probability to receive funding,By technology,Other renewables,Early stage,2019,66.66666412,Percentage,0.75
CMR,CAMEROON,Probability to receive funding,By technology,Other renewables,Early stage,2020,66.66666412,Percentage,0.75
CMR,CAMEROON,Probability to receive funding,By technology,Other renewables,Early stage,2021,66.66666412,Percentage,0.75
CMR,CAMEROON,Probability to receive funding,By technology,Solar,Early stage,2019,0,Percentage,0.25
CMR,CAMEROON,Probability to receive funding,By technology,Solar,Early stage,2020,0,Percentage,0.25
CMR,CAMEROON,Probability to receive funding,By technology,Solar,Early stage,2021,0,Percentage,0.25
CMR,CAMEROON,Probability to receive funding,By technology,Clean energy,Later stage,2021,0,Percentage,2
CMR,CAMEROON,Probability to receive funding,By technology,Energy storage and batteries,Later stage,2019,0,Percentage,0.25
CMR,CAMEROON,Probability to receive funding,By technology,Energy storage and batteries,Later stage,2020,0,Percentage,0.25
CMR,CAMEROON,Probability to receive funding,By technology,Energy storage and batteries,Later stage,2021,0,Percentage,0.25
CMR,CAMEROON,Probability to receive funding,By technology,Other energy,Later stage,2015,0,Percentage,0.5
CMR,CAMEROON,Probability to receive funding,By technology,Other energy,Later stage,2016,0,Percentage,0.5
CMR,CAMEROON,Probability to receive funding,By technology,Other energy,Later stage,2017,0,Percentage,0.5
CMR,CAMEROON,Probability to receive funding,By technology,Other energy,Later stage,2018,0,Percentage,0.5
CMR,CAMEROON,Probability to receive funding,By technology,Other energy,Later stage,2019,0,Percentage,0.75
CMR,CAMEROON,Probability to receive funding,By technology,Other energy,Later stage,2020,0,Percentage,0.75
CMR,CAMEROON,Probability to receive funding,By technology,Other energy,Later stage,2021,0,Percentage,0.75
CMR,CAMEROON,Probability to receive funding,By technology,Other renewables,Later stage,2015,0,Percentage,0.5
CMR,CAMEROON,Probability to receive funding,By technology,Other renewables,Later stage,2016,0,Percentage,0.5
CMR,CAMEROON,Probability to receive funding,By technology,Other renewables,Later stage,2017,0,Percentage,0.5
CMR,CAMEROON,Probability to receive funding,By technology,Other renewables,Later stage,2018,0,Percentage,0.5
CMR,CAMEROON,Probability to receive funding,By technology,Other renewables,Later stage,2019,0,Percentage,0.75
CMR,CAMEROON,Probability to receive funding,By technology,Other renewables,Later stage,2020,0,Percentage,0.75
CMR,CAMEROON,Probability to receive funding,By technology,Other renewables,Later stage,2021,0,Percentage,0.75
CMR,CAMEROON,Probability to receive funding,By technology,Solar,Later stage,2019,0,Percentage,0.25
CMR,CAMEROON,Probability to receive funding,By technology,Solar,Later stage,2020,0,Percentage,0.25
CMR,CAMEROON,Probability to receive funding,By technology,Solar,Later stage,2021,0,Percentage,0.25
CAN,CANADA,Fundings of start-ups,"By sector (energy, green, digital)",Energy,Early stage,2001,3288970.5,USD,1
CAN,CANADA,Fundings of start-ups,"By sector (energy, green, digital)",Energy,Early stage,2002,16530652,USD,2
CAN,CANADA,Fundings of start-ups,"By sector (energy, green, digital)",Energy,Early stage,2004,1836206.875,USD,2
CAN,CANADA,Fundings of start-ups,"By sector (energy, green, digital)",Energy,Early stage,2005,24136210,USD,4
CAN,CANADA,Fundings of start-ups,"By sector (energy, green, digital)",Energy,Early stage,2006,8056656,USD,4
CAN,CANADA,Fundings of start-ups,"By sector (energy, green, digital)",Energy,Early stage,2007,36791468,USD,4
CAN,CANADA,Fundings of start-ups,"By sector (energy, green, digital)",Energy,Early stage,2008,46730908,USD,3
CAN,CANADA,Fundings of start-ups,"By sector (energy, green, digital)",Energy,Early stage,2009,37417960,USD,2
CAN,CANADA,Fundings of start-ups,"By sector (energy, green, digital)",Energy,Early stage,2010,36276120,USD,4
CAN,CANADA,Fundings of start-ups,"By sector (energy, green, digital)",Energy,Early stage,2011,83334840,USD,11
CAN,CANADA,Fundings of start-ups,"By sector (energy, green, digital)",Energy,Early stage,2012,36359004,USD,10
CAN,CANADA,Fundings of start-ups,"By sector (energy, green, digital)",Energy,Early stage,2013,26701716,USD,10
CAN,CANADA,Fundings of start-ups,"By sector (energy, green, digital)",Energy,Early stage,2014,45369612,USD,17
CAN,CANADA,Fundings of start-ups,"By sector (energy, green, digital)",Energy,Early stage,2015,20047626,USD,21
CAN,CANADA,Fundings of start-ups,"By sector (energy, green, digital)",Energy,Early stage,2016,54989780,USD,21
CAN,CANADA,Fundings of start-ups,"By sector (energy, green, digital)",Energy,Early stage,2017,64014808,USD,36
CAN,CANADA,Fundings of start-ups,"By sector (energy, green, digital)",Energy,Early stage,2018,97228280,USD,27
CAN,CANADA,Fundings of start-ups,"By sector (energy, green, digital)",Energy,Early stage,2019,133316872,USD,35
CAN,CANADA,Fundings of start-ups,"By sector (energy, green, digital)",Energy,Early stage,2020,113275696,USD,45
CAN,CANADA,Probability to receive funding,"By sector (energy, green, digital)",Energy,Early stage,2021,11.99756432,Percentage,1642
CAN,CANADA,Fundings of start-ups,"By sector (energy, green, digital)",Energy,Early stage,2021,233919728,USD,26
CAN,CANADA,Fundings of start-ups,"By sector (energy, green, digital)",Energy,Early stage,2022,255747872,USD,22
CAN,CANADA,Fundings of start-ups,"By sector (energy, green, digital)",Energy,Early stage,2022,3.293746948,Years,1644
CAN,CANADA,Fundings of start-ups,"By sector (energy, green, digital)",Energy and digital,Early stage,2001,3288970.5,USD,1
CAN,CANADA,Fundings of start-ups,"By sector (energy, green, digital)",Energy and digital,Early stage,2002,8334782.5,USD,1
CAN,CANADA,Fundings of start-ups,"By sector (energy, green, digital)",Energy and digital,Early stage,2005,22420774,USD,3
CAN,CANADA,Fundings of start-ups,"By sector (energy, green, digital)",Energy and digital,Early stage,2006,4737175.5,USD,3
CAN,CANADA,Fundings of start-ups,"By sector (energy, green, digital)",Energy and digital,Early stage,2007,13128302,USD,1
CAN,CANADA,Fundings of start-ups,"By sector (energy, green, digital)",Energy and digital,Early stage,2008,41567272,USD,2
CAN,CANADA,Fundings of start-ups,"By sector (energy, green, digital)",Energy and digital,Early stage,2009,19559726,USD,1
CAN,CANADA,Fundings of start-ups,"By sector (energy, green, digital)",Energy and digital,Early stage,2010,24886362,USD,2
CAN,CANADA,Fundings of start-ups,"By sector (energy, green, digital)",Energy and digital,Early stage,2011,6070435.5,USD,5
CAN,CANADA,Fundings of start-ups,"By sector (energy, green, digital)",Energy and digital,Early stage,2012,16031590,USD,6
CAN,CANADA,Fundings of start-ups,"By sector (energy, green, digital)",Energy and digital,Early stage,2013,14701320,USD,8
CAN,CANADA,Fundings of start-ups,"By sector (energy, green, digital)",Energy and digital,Early stage,2014,27962618,USD,8
CAN,CANADA,Fundings of start-ups,"By sector (energy, green, digital)",Energy and digital,Early stage,2015,14754936,USD,15
CAN,CANADA,Fundings of start-ups,"By sector (energy, green, digital)",Energy and digital,Early stage,2016,17041548,USD,14
CAN,CANADA,Fundings of start-ups,"By sector (energy, green, digital)",Energy and digital,Early stage,2017,58840808,USD,30
CAN,CANADA,Fundings of start-ups,"By sector (energy, green, digital)",Energy and digital,Early stage,2018,70061096,USD,21
CAN,CANADA,Fundings of start-ups,"By sector (energy, green, digital)",Energy and digital,Early stage,2019,114347168,USD,25
CAN,CANADA,Fundings of start-ups,"By sector (energy, green, digital)",Energy and digital,Early stage,2020,45635940,USD,26
CAN,CANADA,Fundings of start-ups,"By sector (energy, green, digital)",Energy and digital,Early stage,2021,86277408,USD,18
CAN,CANADA,Probability to receive funding,"By sector (energy, green, digital)",Energy and digital,Early stage,2021,25.311203,Percentage,482
CAN,CANADA,Fundings of start-ups,"By sector (energy, green, digital)",Energy and digital,Early stage,2022,137772352,USD,14
CAN,CANADA,Fundings of start-ups,"By sector (energy, green, digital)",Energy and digital,Early stage,2022,2.864104986,Years,483
CAN,CANADA,Fundings of start-ups,"By sector (energy, green, digital)",Energy and non-digital,Early stage,2002,8195869.5,USD,1
CAN,CANADA,Fundings of start-ups,"By sector (energy, green, digital)",Energy and non-digital,Early stage,2004,1836206.875,USD,2
CAN,CANADA,Fundings of start-ups,"By sector (energy, green, digital)",Energy and non-digital,Early stage,2005,1715436.25,USD,1
CAN,CANADA,Fundings of start-ups,"By sector (energy, green, digital)",Energy and non-digital,Early stage,2006,3319480.5,USD,1
CAN,CANADA,Fundings of start-ups,"By sector (energy, green, digital)",Energy and non-digital,Early stage,2007,23663166,USD,3
CAN,CANADA,Fundings of start-ups,"By sector (energy, green, digital)",Energy and non-digital,Early stage,2008,5163636.5,USD,1
CAN,CANADA,Fundings of start-ups,"By sector (energy, green, digital)",Energy and non-digital,Early stage,2009,17858232,USD,1
CAN,CANADA,Fundings of start-ups,"By sector (energy, green, digital)",Energy and non-digital,Early stage,2010,11389760,USD,2
CAN,CANADA,Fundings of start-ups,"By sector (energy, green, digital)",Energy and non-digital,Early stage,2011,77264408,USD,6
CAN,CANADA,Fundings of start-ups,"By sector (energy, green, digital)",Energy and non-digital,Early stage,2012,20327412,USD,4
CAN,CANADA,Fundings of start-ups,"By sector (energy, green, digital)",Energy and non-digital,Early stage,2013,12000396,USD,2
CAN,CANADA,Fundings of start-ups,"By sector (energy, green, digital)",Energy and non-digital,Early stage,2014,17406994,USD,9
CAN,CANADA,Fundings of start-ups,"By sector (energy, green, digital)",Energy and non-digital,Early stage,2015,5292690,USD,6
CAN,CANADA,Fundings of start-ups,"By sector (energy, green, digital)",Energy and non-digital,Early stage,2016,37948232,USD,7
CAN,CANADA,Fundings of start-ups,"By sector (energy, green, digital)",Energy and non-digital,Early stage,2017,5174000,USD,6
CAN,CANADA,Fundings of start-ups,"By sector (energy, green, digital)",Energy and non-digital,Early stage,2018,27167180,USD,6
CAN,CANADA,Fundings of start-ups,"By sector (energy, green, digital)",Energy and non-digital,Early stage,2019,18969704,USD,10
CAN,CANADA,Fundings of start-ups,"By sector (energy, green, digital)",Energy and non-digital,Early stage,2020,67639752,USD,19
CAN,CANADA,Fundings of start-ups,"By sector (energy, green, digital)",Energy and non-digital,Early stage,2021,147642320,USD,8
CAN,CANADA,Probability to receive funding,"By sector (energy, green, digital)",Energy and non-digital,Early stage,2021,6.465517044,Percentage,1160
CAN,CANADA,Fundings of start-ups,"By sector (energy, green, digital)",Energy and non-digital,Early stage,2022,3.969716787,Years,1161
CAN,CANADA,Fundings of start-ups,"By sector (energy, green, digital)",Energy and non-digital,Early stage,2022,117975512,USD,8
CAN,CANADA,Fundings of start-ups,"By sector (energy, green, digital)",Non-energy,Early stage,2000,688321664,USD,36
CAN,CANADA,Fundings of start-ups,"By sector (energy, green, digital)",Non-energy,Early stage,2001,656707008,USD,30
CAN,CANADA,Fundings of start-ups,"By sector (energy, green, digital)",Non-energy,Early stage,2002,262584352,USD,19
CAN,CANADA,Fundings of start-ups,"By sector (energy, green, digital)",Non-energy,Early stage,2003,244128960,USD,20
CAN,CANADA,Fundings of start-ups,"By sector (energy, green, digital)",Non-energy,Early stage,2004,335889248,USD,22
CAN,CANADA,Fundings of start-ups,"By sector (energy, green, digital)",Non-energy,Early stage,2005,369630752,USD,34
CAN,CANADA,Fundings of start-ups,"By sector (energy, green, digital)",Non-energy,Early stage,2006,395922752,USD,39
CAN,CANADA,Fundings of start-ups,"By sector (energy, green, digital)",Non-energy,Early stage,2007,612359872,USD,59
CAN,CANADA,Fundings of start-ups,"By sector (energy, green, digital)",Non-energy,Early stage,2008,342206240,USD,69
CAN,CANADA,Fundings of start-ups,"By sector (energy, green, digital)",Non-energy,Early stage,2009,172201504,USD,56
CAN,CANADA,Fundings of start-ups,"By sector (energy, green, digital)",Non-energy,Early stage,2010,327290496,USD,93
CAN,CANADA,Fundings of start-ups,"By sector (energy, green, digital)",Non-energy,Early stage,2011,607133696,USD,139
CAN,CANADA,Fundings of start-ups,"By sector (energy, green, digital)",Non-energy,Early stage,2012,589833408,USD,196
CAN,CANADA,Fundings of start-ups,"By sector (energy, green, digital)",Non-energy,Early stage,2013,699194240,USD,287
CAN,CANADA,Fundings of start-ups,"By sector (energy, green, digital)",Non-energy,Early stage,2014,1089179264,USD,332
CAN,CANADA,Fundings of start-ups,"By sector (energy, green, digital)",Non-energy,Early stage,2015,1149077376,USD,381
CAN,CANADA,Fundings of start-ups,"By sector (energy, green, digital)",Non-energy,Early stage,2016,1718641408,USD,377
CAN,CANADA,Fundings of start-ups,"By sector (energy, green, digital)",Non-energy,Early stage,2017,1708810112,USD,388
CAN,CANADA,Fundings of start-ups,"By sector (energy, green, digital)",Non-energy,Early stage,2018,1762000896,USD,429
CAN,CANADA,Fundings of start-ups,"By sector (energy, green, digital)",Non-energy,Early stage,2019,2564030208,USD,439
CAN,CANADA,Fundings of start-ups,"By sector (energy, green, digital)",Non-energy,Early stage,2020,1979472000,USD,468
CAN,CANADA,Probability to receive funding,"By sector (energy, green, digital)",Non-energy,Early stage,2021,10.74501419,Percentage,29986
CAN,CANADA,Fundings of start-ups,"By sector (energy, green, digital)",Non-energy,Early stage,2021,4776198144,USD,491
CAN,CANADA,Fundings of start-ups,"By sector (energy, green, digital)",Non-energy,Early stage,2022,2.288317919,Years,30090
CAN,CANADA,Fundings of start-ups,"By sector (energy, green, digital)",Non-energy,Early stage,2022,2637595392,USD,285
CAN,CANADA,Fundings of start-ups,"By sector (energy, green, digital)",Energy,Later stage,2003,861063.8125,USD,1
CAN,CANADA,Fundings of start-ups,"By sector (energy, green, digital)",Energy,Later stage,2005,1886979.875,USD,1
CAN,CANADA,Fundings of start-ups,"By sector (energy, green, digital)",Energy,Later stage,2006,4910065,USD,1
CAN,CANADA,Fundings of start-ups,"By sector (energy, green, digital)",Energy,Later stage,2007,41650160,USD,3
CAN,CANADA,Fundings of start-ups,"By sector (energy, green, digital)",Energy,Later stage,2008,24564252,USD,3
CAN,CANADA,Fundings of start-ups,"By sector (energy, green, digital)",Energy,Later stage,2009,13507317,USD,3
CAN,CANADA,Fundings of start-ups,"By sector (energy, green, digital)",Energy,Later stage,2010,11356336,USD,2
CAN,CANADA,Fundings of start-ups,"By sector (energy, green, digital)",Energy,Later stage,2011,107289104,USD,5
CAN,CANADA,Fundings of start-ups,"By sector (energy, green, digital)",Energy,Later stage,2012,49757016,USD,4
CAN,CANADA,Fundings of start-ups,"By sector (energy, green, digital)",Energy,Later stage,2013,14661843,USD,4
CAN,CANADA,Fundings of start-ups,"By sector (energy, green, digital)",Energy,Later stage,2014,24615668,USD,6
CAN,CANADA,Fundings of start-ups,"By sector (energy, green, digital)",Energy,Later stage,2015,43482748,USD,5
CAN,CANADA,Fundings of start-ups,"By sector (energy, green, digital)",Energy,Later stage,2016,96370920,USD,6
CAN,CANADA,Fundings of start-ups,"By sector (energy, green, digital)",Energy,Later stage,2017,372820832,USD,7
CAN,CANADA,Fundings of start-ups,"By sector (energy, green, digital)",Energy,Later stage,2018,133194200,USD,7
CAN,CANADA,Fundings of start-ups,"By sector (energy, green, digital)",Energy,Later stage,2019,288731872,USD,9
CAN,CANADA,Fundings of start-ups,"By sector (energy, green, digital)",Energy,Later stage,2020,15600484,USD,6
CAN,CANADA,Probability to receive funding,"By sector (energy, green, digital)",Energy,Later stage,2021,8.038976669,Percentage,1642
CAN,CANADA,Fundings of start-ups,"By sector (energy, green, digital)",Energy,Later stage,2021,380133504,USD,12
CAN,CANADA,Fundings of start-ups,"By sector (energy, green, digital)",Energy,Later stage,2022,5.007926464,Years,1644
CAN,CANADA,Fundings of start-ups,"By sector (energy, green, digital)",Energy and digital,Later stage,2003,861063.8125,USD,1
CAN,CANADA,Fundings of start-ups,"By sector (energy, green, digital)",Energy and digital,Later stage,2007,41650160,USD,3
CAN,CANADA,Fundings of start-ups,"By sector (energy, green, digital)",Energy and digital,Later stage,2008,6491525,USD,2
CAN,CANADA,Fundings of start-ups,"By sector (energy, green, digital)",Energy and digital,Later stage,2009,10000610,USD,1
CAN,CANADA,Fundings of start-ups,"By sector (energy, green, digital)",Energy and digital,Later stage,2010,11356336,USD,2
CAN,CANADA,Fundings of start-ups,"By sector (energy, green, digital)",Energy and digital,Later stage,2011,107289104,USD,5
CAN,CANADA,Fundings of start-ups,"By sector (energy, green, digital)",Energy and digital,Later stage,2012,19501332,USD,2
CAN,CANADA,Fundings of start-ups,"By sector (energy, green, digital)",Energy and digital,Later stage,2013,4131506,USD,2
CAN,CANADA,Fundings of start-ups,"By sector (energy, green, digital)",Energy and digital,Later stage,2014,14867788,USD,3
CAN,CANADA,Fundings of start-ups,"By sector (energy, green, digital)",Energy and digital,Later stage,2015,4489996.5,USD,3
CAN,CANADA,Fundings of start-ups,"By sector (energy, green, digital)",Energy and digital,Later stage,2016,81322008,USD,4
CAN,CANADA,Fundings of start-ups,"By sector (energy, green, digital)",Energy and digital,Later stage,2017,4869010,USD,2
CAN,CANADA,Fundings of start-ups,"By sector (energy, green, digital)",Energy and digital,Later stage,2018,131086392,USD,6
CAN,CANADA,Fundings of start-ups,"By sector (energy, green, digital)",Energy and digital,Later stage,2019,38613356,USD,6
CAN,CANADA,Fundings of start-ups,"By sector (energy, green, digital)",Energy and digital,Later stage,2020,9447258,USD,3
CAN,CANADA,Fundings of start-ups,"By sector (energy, green, digital)",Energy and digital,Later stage,2021,205258624,USD,7
CAN,CANADA,Probability to receive funding,"By sector (energy, green, digital)",Energy and digital,Later stage,2021,11.20331955,Percentage,482
CAN,CANADA,Fundings of start-ups,"By sector (energy, green, digital)",Energy and digital,Later stage,2022,4.313362598,Years,483
CAN,CANADA,Fundings of start-ups,"By sector (energy, green, digital)",Energy and non-digital,Later stage,2005,1886979.875,USD,1
CAN,CANADA,Fundings of start-ups,"By sector (energy, green, digital)",Energy and non-digital,Later stage,2006,4910065,USD,1
CAN,CANADA,Fundings of start-ups,"By sector (energy, green, digital)",Energy and non-digital,Later stage,2008,18072728,USD,1
CAN,CANADA,Fundings of start-ups,"By sector (energy, green, digital)",Energy and non-digital,Later stage,2009,3506707.25,USD,2
CAN,CANADA,Fundings of start-ups,"By sector (energy, green, digital)",Energy and non-digital,Later stage,2012,30255682,USD,2
CAN,CANADA,Fundings of start-ups,"By sector (energy, green, digital)",Energy and non-digital,Later stage,2013,10530337,USD,2
CAN,CANADA,Fundings of start-ups,"By sector (energy, green, digital)",Energy and non-digital,Later stage,2014,9747880,USD,3
CAN,CANADA,Fundings of start-ups,"By sector (energy, green, digital)",Energy and non-digital,Later stage,2015,38992752,USD,2
CAN,CANADA,Fundings of start-ups,"By sector (energy, green, digital)",Energy and non-digital,Later stage,2016,15048913,USD,2
CAN,CANADA,Fundings of start-ups,"By sector (energy, green, digital)",Energy and non-digital,Later stage,2017,367951808,USD,5
CAN,CANADA,Fundings of start-ups,"By sector (energy, green, digital)",Energy and non-digital,Later stage,2018,2107812.5,USD,1
CAN,CANADA,Fundings of start-ups,"By sector (energy, green, digital)",Energy and non-digital,Later stage,2019,250118512,USD,3
CAN,CANADA,Fundings of start-ups,"By sector (energy, green, digital)",Energy and non-digital,Later stage,2020,6153226,USD,3
CAN,CANADA,Probability to receive funding,"By sector (energy, green, digital)",Energy and non-digital,Later stage,2021,6.724137783,Percentage,1160
CAN,CANADA,Fundings of start-ups,"By sector (energy, green, digital)",Energy and non-digital,Later stage,2021,174874880,USD,5
CAN,CANADA,Fundings of start-ups,"By sector (energy, green, digital)",Energy and non-digital,Later stage,2022,5.479873657,Years,1161
CAN,CANADA,Fundings of start-ups,"By sector (energy, green, digital)",Non-energy,Later stage,2000,113438632,USD,3
CAN,CANADA,Fundings of start-ups,"By sector (energy, green, digital)",Non-energy,Later stage,2001,127643384,USD,5
CAN,CANADA,Fundings of start-ups,"By sector (energy, green, digital)",Non-energy,Later stage,2002,137986960,USD,6
CAN,CANADA,Fundings of start-ups,"By sector (energy, green, digital)",Non-energy,Later stage,2003,198934816,USD,7
CAN,CANADA,Fundings of start-ups,"By sector (energy, green, digital)",Non-energy,Later stage,2004,236390896,USD,12
CAN,CANADA,Fundings of start-ups,"By sector (energy, green, digital)",Non-energy,Later stage,2005,216309344,USD,10
CAN,CANADA,Fundings of start-ups,"By sector (energy, green, digital)",Non-energy,Later stage,2006,263337152,USD,15
CAN,CANADA,Fundings of start-ups,"By sector (energy, green, digital)",Non-energy,Later stage,2007,289965120,USD,16
CAN,CANADA,Fundings of start-ups,"By sector (energy, green, digital)",Non-energy,Later stage,2008,244258256,USD,15
CAN,CANADA,Fundings of start-ups,"By sector (energy, green, digital)",Non-energy,Later stage,2009,181959696,USD,25
CAN,CANADA,Fundings of start-ups,"By sector (energy, green, digital)",Non-energy,Later stage,2010,128766344,USD,34
CAN,CANADA,Fundings of start-ups,"By sector (energy, green, digital)",Non-energy,Later stage,2011,270778368,USD,27
CAN,CANADA,Fundings of start-ups,"By sector (energy, green, digital)",Non-energy,Later stage,2012,405112320,USD,29
CAN,CANADA,Fundings of start-ups,"By sector (energy, green, digital)",Non-energy,Later stage,2013,302037824,USD,32
CAN,CANADA,Fundings of start-ups,"By sector (energy, green, digital)",Non-energy,Later stage,2014,541488320,USD,50
CAN,CANADA,Fundings of start-ups,"By sector (energy, green, digital)",Non-energy,Later stage,2015,591021504,USD,41
CAN,CANADA,Fundings of start-ups,"By sector (energy, green, digital)",Non-energy,Later stage,2016,731986624,USD,45
CAN,CANADA,Fundings of start-ups,"By sector (energy, green, digital)",Non-energy,Later stage,2017,687380608,USD,42
CAN,CANADA,Fundings of start-ups,"By sector (energy, green, digital)",Non-energy,Later stage,2018,1217364480,USD,59
CAN,CANADA,Fundings of start-ups,"By sector (energy, green, digital)",Non-energy,Later stage,2019,1854308352,USD,60
CAN,CANADA,Fundings of start-ups,"By sector (energy, green, digital)",Non-energy,Later stage,2020,1418178176,USD,51
CAN,CANADA,Probability to receive funding,"By sector (energy, green, digital)",Non-energy,Later stage,2021,2.847995758,Percentage,29986
CAN,CANADA,Fundings of start-ups,"By sector (energy, green, digital)",Non-energy,Later stage,2021,5694113792,USD,70
CAN,CANADA,Fundings of start-ups,"By sector (energy, green, digital)",Non-energy,Later stage,2022,5.036267757,Years,30090
CAN,CANADA,Fundings of start-ups,"By sector (energy, green, digital)",Non-energy,Later stage,2022,2601285120,USD,35
CAN,CANADA,Fundings of start-ups,By technology,Electric mobility,all,2006,414935.0625,USD,1
CAN,CANADA,Fundings of start-ups,By technology,Electric mobility,all,2016,3111073.25,USD,0.75
CAN,CANADA,Fundings of start-ups,By technology,Electric mobility,all,2017,1085057.75,USD,0.75
CAN,CANADA,Fundings of start-ups,By technology,Electric mobility,all,2018,17900564,USD,3.75
CAN,CANADA,Fundings of start-ups,By technology,Electric mobility,all,2019,3918624.75,USD,4
CAN,CANADA,Fundings of start-ups,By technology,Electric mobility,all,2020,64271704,USD,9.75
CAN,CANADA,Fundings of start-ups,By technology,Electric mobility,all,2021,31347138,USD,5.444444656
CAN,CANADA,Fundings of start-ups,By technology,Electric mobility,all,2022,43956880,USD,7.194444656
CAN,CANADA,Fundings of start-ups,By technology,Energy efficiency,all,2007,2980474.25,USD,1
CAN,CANADA,Fundings of start-ups,By technology,Energy efficiency,all,2010,8200936,USD,1
CAN,CANADA,Fundings of start-ups,By technology,Energy efficiency,all,2011,22118260,USD,4
CAN,CANADA,Fundings of start-ups,By technology,Energy efficiency,all,2012,9077074,USD,2
CAN,CANADA,Fundings of start-ups,By technology,Energy efficiency,all,2013,9893524,USD,6.333333492
CAN,CANADA,Fundings of start-ups,By technology,Energy efficiency,all,2014,11645892,USD,5.833333492
CAN,CANADA,Fundings of start-ups,By technology,Energy efficiency,all,2015,7463140.5,USD,15.41666698
CAN,CANADA,Fundings of start-ups,By technology,Energy efficiency,all,2016,50356188,USD,8.083333015
CAN,CANADA,Fundings of start-ups,By technology,Energy efficiency,all,2017,156785776,USD,20.58333397
CAN,CANADA,Fundings of start-ups,By technology,Energy efficiency,all,2018,147110992,USD,17
CAN,CANADA,Fundings of start-ups,By technology,Energy efficiency,all,2019,16366953,USD,9.285714149
CAN,CANADA,Fundings of start-ups,By technology,Energy efficiency,all,2020,20885864,USD,16.14682579
CAN,CANADA,Fundings of start-ups,By technology,Energy efficiency,all,2021,123487224,USD,7.924602985
CAN,CANADA,Fundings of start-ups,By technology,Energy efficiency,all,2022,52782512,USD,8.722222328
CAN,CANADA,Fundings of start-ups,By technology,Energy storage and batteries,all,2011,619186.0625,USD,1
CAN,CANADA,Fundings of start-ups,By technology,Energy storage and batteries,all,2013,11966292,USD,1
CAN,CANADA,Fundings of start-ups,By technology,Energy storage and batteries,all,2016,3530106,USD,3.416666746
CAN,CANADA,Fundings of start-ups,By technology,Energy storage and batteries,all,2017,1717375.625,USD,1
CAN,CANADA,Fundings of start-ups,By technology,Energy storage and batteries,all,2018,2172285.75,USD,1.399999976
CAN,CANADA,Fundings of start-ups,By technology,Energy storage and batteries,all,2019,6601740,USD,1.976190448
CAN,CANADA,Fundings of start-ups,By technology,Energy storage and batteries,all,2020,6041074.5,USD,4.115079403
CAN,CANADA,Fundings of start-ups,By technology,Energy storage and batteries,all,2021,5956811.5,USD,1.78174603
CAN,CANADA,Fundings of start-ups,By technology,Energy storage and batteries,all,2022,12327812,USD,1.055555582
CAN,CANADA,Fundings of start-ups,By technology,Fossil fuels,all,2002,4097934.75,USD,0.5
CAN,CANADA,Fundings of start-ups,By technology,Fossil fuels,all,2003,215265.9531,USD,0.25
CAN,CANADA,Fundings of start-ups,By technology,Fossil fuels,all,2005,2900159.5,USD,0.75
CAN,CANADA,Fundings of start-ups,By technology,Fossil fuels,all,2006,6777272.5,USD,2.5
CAN,CANADA,Fundings of start-ups,By technology,Fossil fuels,all,2007,39440536,USD,1.75
CAN,CANADA,Fundings of start-ups,By technology,Fossil fuels,all,2008,33259398,USD,2.25
CAN,CANADA,Fundings of start-ups,By technology,Fossil fuels,all,2009,2500152.5,USD,0.25
CAN,CANADA,Fundings of start-ups,By technology,Fossil fuels,all,2010,2861257.5,USD,0.833333313
CAN,CANADA,Fundings of start-ups,By technology,Fossil fuels,all,2011,15448692,USD,2
CAN,CANADA,Fundings of start-ups,By technology,Fossil fuels,all,2012,8620481,USD,1.333333373
CAN,CANADA,Fundings of start-ups,By technology,Fossil fuels,all,2013,1675280.875,USD,1
CAN,CANADA,Fundings of start-ups,By technology,Fossil fuels,all,2014,5723296,USD,2.833333254
CAN,CANADA,Fundings of start-ups,By technology,Fossil fuels,all,2015,7940261,USD,3.166666746
CAN,CANADA,Fundings of start-ups,By technology,Fossil fuels,all,2016,14105594,USD,4.666666508
CAN,CANADA,Fundings of start-ups,By technology,Fossil fuels,all,2017,125009288,USD,5.166666508
CAN,CANADA,Fundings of start-ups,By technology,Fossil fuels,all,2018,27288380,USD,4.666666508
CAN,CANADA,Fundings of start-ups,By technology,Fossil fuels,all,2019,20762154,USD,7.166666508
CAN,CANADA,Fundings of start-ups,By technology,Fossil fuels,all,2020,49572820,USD,8.5
CAN,CANADA,Fundings of start-ups,By technology,Fossil fuels,all,2021,91523792,USD,9.666666985
CAN,CANADA,Fundings of start-ups,By technology,Fossil fuels,all,2022,44687160,USD,3.833333254
CAN,CANADA,Fundings of start-ups,By technology,Grid,all,2001,3288970.5,USD,1
CAN,CANADA,Fundings of start-ups,By technology,Grid,all,2009,19559726,USD,1
CAN,CANADA,Fundings of start-ups,By technology,Grid,all,2010,15703128,USD,1
CAN,CANADA,Fundings of start-ups,By technology,Grid,all,2011,65277328,USD,1.5
CAN,CANADA,Fundings of start-ups,By technology,Grid,all,2012,11404643,USD,1.333333373
CAN,CANADA,Fundings of start-ups,By technology,Grid,all,2015,1748118.625,USD,1
CAN,CANADA,Fundings of start-ups,By technology,Grid,all,2016,2198372.25,USD,1.666666627
CAN,CANADA,Fundings of start-ups,By technology,Grid,all,2017,828212,USD,1.5
CAN,CANADA,Fundings of start-ups,By technology,Grid,all,2018,4159487.5,USD,2.533333302
CAN,CANADA,Fundings of start-ups,By technology,Grid,all,2019,3007083,USD,1.676190495
CAN,CANADA,Fundings of start-ups,By technology,Grid,all,2020,1327093.25,USD,1.865079403
CAN,CANADA,Fundings of start-ups,By technology,Grid,all,2021,3754795.75,USD,1.809523821
CAN,CANADA,Fundings of start-ups,By technology,Grid,all,2022,259166.6719,USD,0.666666687
CAN,CANADA,Fundings of start-ups,By technology,Hydrogen and fuel cells,all,2017,858069.0625,USD,1
CAN,CANADA,Fundings of start-ups,By technology,Hydrogen and fuel cells,all,2018,1308877,USD,0.75
CAN,CANADA,Fundings of start-ups,By technology,Hydrogen and fuel cells,all,2019,815051,USD,0.25
CAN,CANADA,Fundings of start-ups,By technology,Hydrogen and fuel cells,all,2020,1528435.25,USD,0.75
CAN,CANADA,Fundings of start-ups,By technology,Hydrogen and fuel cells,all,2021,7936604,USD,1
CAN,CANADA,Fundings of start-ups,By technology,Hydrogen and fuel cells,all,2022,34862356,USD,0.75
CAN,CANADA,Fundings of start-ups,By technology,Other energy,all,2002,4097934.75,USD,0.5
CAN,CANADA,Fundings of start-ups,By technology,Other energy,all,2003,215265.9531,USD,0.25
CAN,CANADA,Fundings of start-ups,By technology,Other energy,all,2004,918103.4375,USD,1
CAN,CANADA,Fundings of start-ups,By technology,Other energy,all,2005,3757877.5,USD,1.25
CAN,CANADA,Fundings of start-ups,By technology,Other energy,all,2006,4114772.75,USD,1
CAN,CANADA,Fundings of start-ups,By technology,Other energy,all,2007,20326834,USD,2.25
CAN,CANADA,Fundings of start-ups,By technology,Other energy,all,2008,13637581,USD,1.75
CAN,CANADA,Fundings of start-ups,By technology,Other energy,all,2009,21949390,USD,2.083333254
CAN,CANADA,Fundings of start-ups,By technology,Other energy,all,2010,15530719,USD,2.166666746
CAN,CANADA,Fundings of start-ups,By technology,Other energy,all,2011,36307908,USD,2.666666746
CAN,CANADA,Fundings of start-ups,By technology,Other energy,all,2012,10010407,USD,2.666666746
CAN,CANADA,Fundings of start-ups,By technology,Other energy,all,2013,2107095.75,USD,3.666666746
CAN,CANADA,Fundings of start-ups,By technology,Other energy,all,2014,9787456,USD,5
CAN,CANADA,Fundings of start-ups,By technology,Other energy,all,2015,15204110,USD,3.75
CAN,CANADA,Fundings of start-ups,By technology,Other energy,all,2016,29567738,USD,8.166666985
CAN,CANADA,Fundings of start-ups,By technology,Other energy,all,2017,132940904,USD,9.25
CAN,CANADA,Fundings of start-ups,By technology,Other energy,all,2018,29351068,USD,4.816666603
CAN,CANADA,Fundings of start-ups,By technology,Other energy,all,2019,64505700,USD,12.92619038
CAN,CANADA,Fundings of start-ups,By technology,Other energy,all,2020,23209018,USD,12.39285755
CAN,CANADA,Fundings of start-ups,By technology,Other energy,all,2021,120015048,USD,10.75396824
CAN,CANADA,Fundings of start-ups,By technology,Other energy,all,2022,53082612,USD,3.861111164
CAN,CANADA,Fundings of start-ups,By technology,Other renewables,all,2003,215265.9531,USD,0.25
CAN,CANADA,Fundings of start-ups,By technology,Other renewables,all,2004,183620.6875,USD,0.5
CAN,CANADA,Fundings of start-ups,By technology,Other renewables,all,2005,2814387.5,USD,0.75
CAN,CANADA,Fundings of start-ups,By technology,Other renewables,all,2006,1659740.25,USD,0.5
CAN,CANADA,Fundings of start-ups,By technology,Other renewables,all,2007,2615588,USD,0.75
CAN,CANADA,Fundings of start-ups,By technology,Other renewables,all,2008,3808181.75,USD,0.75
CAN,CANADA,Fundings of start-ups,By technology,Other renewables,all,2009,21949390,USD,2.583333254
CAN,CANADA,Fundings of start-ups,By technology,Other renewables,all,2010,6951986.5,USD,1.666666627
CAN,CANADA,Fundings of start-ups,By technology,Other renewables,all,2011,37102084,USD,4.166666508
CAN,CANADA,Fundings of start-ups,By technology,Other renewables,all,2012,25116520,USD,6.666666508
CAN,CANADA,Fundings of start-ups,By technology,Other renewables,all,2013,3439298.25,USD,2.166666746
CAN,CANADA,Fundings of start-ups,By technology,Other renewables,all,2014,36041600,USD,9
CAN,CANADA,Fundings of start-ups,By technology,Other renewables,all,2015,17298622,USD,3.333333254
CAN,CANADA,Fundings of start-ups,By technology,Other renewables,all,2016,75159248,USD,9.25
CAN,CANADA,Fundings of start-ups,By technology,Other renewables,all,2017,27323318,USD,12.75
CAN,CANADA,Fundings of start-ups,By technology,Other renewables,all,2018,55352652,USD,13.48333359
CAN,CANADA,Fundings of start-ups,By technology,Other renewables,all,2019,152618096,USD,18.17619133
CAN,CANADA,Fundings of start-ups,By technology,Other renewables,all,2020,25441246,USD,14.61507893
CAN,CANADA,Fundings of start-ups,By technology,Other renewables,all,2021,283438944,USD,13.36507893
CAN,CANADA,Fundings of start-ups,By technology,Other renewables,all,2022,51712832,USD,4.805555344
CAN,CANADA,Fundings of start-ups,By technology,Solar,all,2003,215265.9531,USD,0.25
CAN,CANADA,Fundings of start-ups,By technology,Solar,all,2004,734482.75,USD,0.5
CAN,CANADA,Fundings of start-ups,By technology,Solar,all,2005,5686336.5,USD,1.25
CAN,CANADA,Fundings of start-ups,By technology,Solar,all,2007,13078196,USD,1.25
CAN,CANADA,Fundings of start-ups,By technology,Solar,all,2008,20590000,USD,1.25
CAN,CANADA,Fundings of start-ups,By technology,Solar,all,2009,3993750,USD,1.083333373
CAN,CANADA,Fundings of start-ups,By technology,Solar,all,2010,3486227.5,USD,0.333333343
CAN,CANADA,Fundings of start-ups,By technology,Solar,all,2011,16351069,USD,1.666666627
CAN,CANADA,Fundings of start-ups,By technology,Solar,all,2012,18153410,USD,2
CAN,CANADA,Fundings of start-ups,By technology,Solar,all,2013,10979871,USD,2.833333254
CAN,CANADA,Fundings of start-ups,By technology,Solar,all,2014,6481005.5,USD,1.333333373
CAN,CANADA,Fundings of start-ups,By technology,Solar,all,2015,12970873,USD,1.333333373
CAN,CANADA,Fundings of start-ups,By technology,Solar,all,2016,4857133,USD,1
CAN,CANADA,Fundings of start-ups,By technology,Solar,all,2017,5865366.5,USD,2
CAN,CANADA,Fundings of start-ups,By technology,Solar,all,2018,1109762,USD,1.399999976
CAN,CANADA,Fundings of start-ups,By technology,Solar,all,2019,4355707.5,USD,1.342857122
CAN,CANADA,Fundings of start-ups,By technology,Solar,all,2020,2496440.5,USD,1.753968239
CAN,CANADA,Fundings of start-ups,By technology,Solar,all,2021,947320,USD,0.253968269
CAN,CANADA,Fundings of start-ups,By technology,Solar,all,2022,33333.33203,USD,0.111111112
CAN,CANADA,Fundings of start-ups,By technology,Wind,all,2018,222261.9531,USD,0.200000003
CAN,CANADA,Fundings of start-ups,By technology,Wind,all,2019,637522.5,USD,0.200000003
CAN,CANADA,Fundings of start-ups,By technology,Wind,all,2020,29882.1543,USD,0.111111112
CAN,CANADA,Probability to receive funding,By technology,Bioenergy,Early stage,2015,0,Percentage,2.833333254
CAN,CANADA,Probability to receive funding,By technology,Bioenergy,Early stage,2016,0,Percentage,2.833333254
CAN,CANADA,Probability to receive funding,By technology,Bioenergy,Early stage,2017,0,Percentage,2.833333254
CAN,CANADA,Probability to receive funding,By technology,Bioenergy,Early stage,2018,0,Percentage,2.833333254
CAN,CANADA,Probability to receive funding,By technology,Bioenergy,Early stage,2019,0,Percentage,3.333333254
CAN,CANADA,Probability to receive funding,By technology,Bioenergy,Early stage,2020,0,Percentage,3.333333254
CAN,CANADA,Probability to receive funding,By technology,Bioenergy,Early stage,2021,0,Percentage,3.333333254
CAN,CANADA,Fundings of start-ups,By technology,Clean energy,Early stage,2004,367241.375,USD,1
CAN,CANADA,Fundings of start-ups,By technology,Clean energy,Early stage,2005,13271781,USD,3
CAN,CANADA,Fundings of start-ups,By technology,Clean energy,Early stage,2006,3734415.5,USD,2
CAN,CANADA,Fundings of start-ups,By technology,Clean energy,Early stage,2007,1368975.125,USD,1
CAN,CANADA,Fundings of start-ups,By technology,Clean energy,Early stage,2008,24527272,USD,2
CAN,CANADA,Fundings of start-ups,By technology,Clean energy,Early stage,2009,17858232,USD,1
CAN,CANADA,Fundings of start-ups,By technology,Clean energy,Early stage,2010,11389760,USD,2
CAN,CANADA,Fundings of start-ups,By technology,Clean energy,Early stage,2011,59909248,USD,7
CAN,CANADA,Fundings of start-ups,By technology,Clean energy,Early stage,2012,24229926,USD,8
CAN,CANADA,Fundings of start-ups,By technology,Clean energy,Early stage,2013,7274209.5,USD,5
CAN,CANADA,Fundings of start-ups,By technology,Clean energy,Early stage,2014,38206072,USD,12
CAN,CANADA,Fundings of start-ups,By technology,Clean energy,Early stage,2015,9026819,USD,11
CAN,CANADA,Fundings of start-ups,By technology,Clean energy,Early stage,2016,45686908,USD,11
CAN,CANADA,Fundings of start-ups,By technology,Clean energy,Early stage,2017,27484360,USD,18
CAN,CANADA,Fundings of start-ups,By technology,Clean energy,Early stage,2018,48080744,USD,17
CAN,CANADA,Fundings of start-ups,By technology,Clean energy,Early stage,2019,109412224,USD,26
CAN,CANADA,Fundings of start-ups,By technology,Clean energy,Early stage,2020,84819424,USD,33
CAN,CANADA,Fundings of start-ups,By technology,Clean energy,Early stage,2021,179036208,USD,18
CAN,CANADA,Probability to receive funding,By technology,Clean energy,Early stage,2021,16.71195602,Percentage,736
CAN,CANADA,Fundings of start-ups,By technology,Clean energy,Early stage,2022,3.547653198,Years,738
CAN,CANADA,Fundings of start-ups,By technology,Clean energy,Early stage,2022,175232640,USD,14
CAN,CANADA,Probability to receive funding,By technology,Electric mobility,Early stage,2015,19.39291763,Percentage,29.64999962
CAN,CANADA,Probability to receive funding,By technology,Electric mobility,Early stage,2016,19.44728851,Percentage,32.56666565
CAN,CANADA,Probability to receive funding,By technology,Electric mobility,Early stage,2017,19.65484238,Percentage,34.76666641
CAN,CANADA,Probability to receive funding,By technology,Electric mobility,Early stage,2018,23.51296425,Percentage,43.71111298
CAN,CANADA,Probability to receive funding,By technology,Electric mobility,Early stage,2019,23.15237236,Percentage,48.71111298
CAN,CANADA,Probability to receive funding,By technology,Electric mobility,Early stage,2020,24.45231247,Percentage,50.21111298
CAN,CANADA,Probability to receive funding,By technology,Electric mobility,Early stage,2021,25.9275322,Percentage,51.21111298
CAN,CANADA,Fundings of start-ups,By technology,Electric mobility,Early stage,2022,4.022743225,Years,51.21111298
CAN,CANADA,Probability to receive funding,By technology,Energy efficiency,Early stage,2015,16.0779705,Percentage,186.7634888
CAN,CANADA,Probability to receive funding,By technology,Energy efficiency,Early stage,2016,16.80786133,Percentage,210.8801575
CAN,CANADA,Probability to receive funding,By technology,Energy efficiency,Early stage,2017,16.82757187,Percentage,226.4801636
CAN,CANADA,Probability to receive funding,By technology,Energy efficiency,Early stage,2018,18.7736702,Percentage,248.3214264
CAN,CANADA,Probability to receive funding,By technology,Energy efficiency,Early stage,2019,19.26309395,Percentage,260.3547668
CAN,CANADA,Probability to receive funding,By technology,Energy efficiency,Early stage,2020,19.42337418,Percentage,263.3547668
CAN,CANADA,Probability to receive funding,By technology,Energy efficiency,Early stage,2021,19.65545654,Percentage,266.6047668
CAN,CANADA,Fundings of start-ups,By technology,Energy efficiency,Early stage,2022,2.610652685,Years,265.6047668
CAN,CANADA,Probability to receive funding,By technology,Energy storage and batteries,Early stage,2015,12.59048557,Percentage,21.48888969
CAN,CANADA,Probability to receive funding,By technology,Energy storage and batteries,Early stage,2016,15.00900078,Percentage,24.68888855
CAN,CANADA,Probability to receive funding,By technology,Energy storage and batteries,Early stage,2017,15.75948143,Percentage,28.27222252
CAN,CANADA,Probability to receive funding,By technology,Energy storage and batteries,Early stage,2018,17.65464973,Percentage,30.1373024
CAN,CANADA,Probability to receive funding,By technology,Energy storage and batteries,Early stage,2019,18.37595749,Percentage,33.67063522
CAN,CANADA,Probability to receive funding,By technology,Energy storage and batteries,Early stage,2020,19.01387787,Percentage,35.17063522
CAN,CANADA,Probability to receive funding,By technology,Energy storage and batteries,Early stage,2021,19.01387787,Percentage,35.17063522
CAN,CANADA,Fundings of start-ups,By technology,Energy storage and batteries,Early stage,2022,1.881361961,Years,35.17063522
CAN,CANADA,Probability to receive funding,By technology,Fossil fuels,Early stage,2015,5.726372242,Percentage,323.0666809
CAN,CANADA,Probability to receive funding,By technology,Fossil fuels,Early stage,2016,5.617424011,Percentage,338.2333374
CAN,CANADA,Probability to receive funding,By technology,Fossil fuels,Early stage,2017,6.064564228,Percentage,357.2666626
CAN,CANADA,Probability to receive funding,By technology,Fossil fuels,Early stage,2018,6.163328171,Percentage,367.7666626
CAN,CANADA,Probability to receive funding,By technology,Fossil fuels,Early stage,2019,6.520003319,Percentage,375.7666626
CAN,CANADA,Probability to receive funding,By technology,Fossil fuels,Early stage,2020,6.735340595,Percentage,378.6000061
CAN,CANADA,Probability to receive funding,By technology,Fossil fuels,Early stage,2021,6.730895996,Percentage,378.8500061
CAN,CANADA,Fundings of start-ups,By technology,Fossil fuels,Early stage,2022,3.979073048,Years,378.8500061
CAN,CANADA,Probability to receive funding,By technology,Grid,Early stage,2015,7.729782581,Percentage,61.09127045
CAN,CANADA,Probability to receive funding,By technology,Grid,Early stage,2016,7.087805271,Percentage,66.62460327
CAN,CANADA,Probability to receive funding,By technology,Grid,Early stage,2017,10.11350346,Percentage,71.74127197
CAN,CANADA,Probability to receive funding,By technology,Grid,Early stage,2018,11.03107548,Percentage,76.13412476
CAN,CANADA,Probability to receive funding,By technology,Grid,Early stage,2019,10.68036652,Percentage,78.63412476
CAN,CANADA,Probability to receive funding,By technology,Grid,Early stage,2020,10.68036652,Percentage,78.63412476
CAN,CANADA,Probability to receive funding,By technology,Grid,Early stage,2021,10.63528252,Percentage,78.96746063
CAN,CANADA,Fundings of start-ups,By technology,Grid,Early stage,2022,2.495621204,Years,77.96746063
CAN,CANADA,Probability to receive funding,By technology,Hydrogen and fuel cells,Early stage,2015,15.22842598,Percentage,3.283333302
CAN,CANADA,Probability to receive funding,By technology,Hydrogen and fuel cells,Early stage,2016,15.22842598,Percentage,3.283333302
CAN,CANADA,Probability to receive funding,By technology,Hydrogen and fuel cells,Early stage,2017,27.5735302,Percentage,4.533333302
CAN,CANADA,Probability to receive funding,By technology,Hydrogen and fuel cells,Early stage,2018,27.5735302,Percentage,4.533333302
CAN,CANADA,Probability to receive funding,By technology,Hydrogen and fuel cells,Early stage,2019,26.59574509,Percentage,4.699999809
CAN,CANADA,Probability to receive funding,By technology,Hydrogen and fuel cells,Early stage,2020,24.83443642,Percentage,5.033333302
CAN,CANADA,Probability to receive funding,By technology,Hydrogen and fuel cells,Early stage,2021,28.39116669,Percentage,5.283333302
CAN,CANADA,Fundings of start-ups,By technology,Hydrogen and fuel cells,Early stage,2022,3.996803761,Years,5.283333302
CAN,CANADA,Fundings of start-ups,By technology,Non-clean energy,Early stage,2001,3288970.5,USD,1
CAN,CANADA,Fundings of start-ups,By technology,Non-clean energy,Early stage,2002,16530652,USD,2
CAN,CANADA,Fundings of start-ups,By technology,Non-clean energy,Early stage,2004,1468965.5,USD,1
CAN,CANADA,Fundings of start-ups,By technology,Non-clean energy,Early stage,2005,10864430,USD,1
CAN,CANADA,Fundings of start-ups,By technology,Non-clean energy,Early stage,2006,4322240.5,USD,2
CAN,CANADA,Fundings of start-ups,By technology,Non-clean energy,Early stage,2007,35422492,USD,3
CAN,CANADA,Fundings of start-ups,By technology,Non-clean energy,Early stage,2008,22203636,USD,1
CAN,CANADA,Fundings of start-ups,By technology,Non-clean energy,Early stage,2009,19559726,USD,1
CAN,CANADA,Fundings of start-ups,By technology,Non-clean energy,Early stage,2010,24886362,USD,2
CAN,CANADA,Fundings of start-ups,By technology,Non-clean energy,Early stage,2011,23425596,USD,4
CAN,CANADA,Fundings of start-ups,By technology,Non-clean energy,Early stage,2012,12129078,USD,2
CAN,CANADA,Fundings of start-ups,By technology,Non-clean energy,Early stage,2013,19427506,USD,5
CAN,CANADA,Fundings of start-ups,By technology,Non-clean energy,Early stage,2014,7163538.5,USD,5
CAN,CANADA,Fundings of start-ups,By technology,Non-clean energy,Early stage,2015,11020807,USD,10
CAN,CANADA,Fundings of start-ups,By technology,Non-clean energy,Early stage,2016,9302870,USD,10
CAN,CANADA,Fundings of start-ups,By technology,Non-clean energy,Early stage,2017,36530448,USD,18
CAN,CANADA,Fundings of start-ups,By technology,Non-clean energy,Early stage,2018,49147532,USD,10
CAN,CANADA,Fundings of start-ups,By technology,Non-clean energy,Early stage,2019,23904646,USD,9
CAN,CANADA,Fundings of start-ups,By technology,Non-clean energy,Early stage,2020,28456270,USD,12
CAN,CANADA,Fundings of start-ups,By technology,Non-clean energy,Early stage,2021,54883520,USD,8
CAN,CANADA,Probability to receive funding,By technology,Non-clean energy,Early stage,2021,8.167770386,Percentage,906
CAN,CANADA,Fundings of start-ups,By technology,Non-clean energy,Early stage,2022,80515232,USD,8
CAN,CANADA,Fundings of start-ups,By technology,Non-clean energy,Early stage,2022,2.857457161,Years,906
CAN,CANADA,Probability to receive funding,By technology,Nuclear,Early stage,2015,0,Percentage,3
CAN,CANADA,Probability to receive funding,By technology,Nuclear,Early stage,2016,0,Percentage,3
CAN,CANADA,Probability to receive funding,By technology,Nuclear,Early stage,2017,0,Percentage,3
CAN,CANADA,Probability to receive funding,By technology,Nuclear,Early stage,2018,0,Percentage,4.5
CAN,CANADA,Probability to receive funding,By technology,Nuclear,Early stage,2019,0,Percentage,4.5
CAN,CANADA,Probability to receive funding,By technology,Nuclear,Early stage,2020,0,Percentage,4.5
CAN,CANADA,Probability to receive funding,By technology,Nuclear,Early stage,2021,0,Percentage,4.75
CAN,CANADA,Probability to receive funding,By technology,Other energy,Early stage,2015,6.055800438,Percentage,369.342865
CAN,CANADA,Probability to receive funding,By technology,Other energy,Early stage,2016,6.734259605,Percentage,390.2928467
CAN,CANADA,Probability to receive funding,By technology,Other energy,Early stage,2017,6.838097572,Percentage,418.9761963
CAN,CANADA,Probability to receive funding,By technology,Other energy,Early stage,2018,7.811735153,Percentage,436.1468201
CAN,CANADA,Probability to receive funding,By technology,Other energy,Early stage,2019,8.197729111,Percentage,446.5134888
CAN,CANADA,Probability to receive funding,By technology,Other energy,Early stage,2020,8.130959511,Percentage,450.1801453
CAN,CANADA,Probability to receive funding,By technology,Other energy,Early stage,2021,8.121845245,Percentage,453.7634888
CAN,CANADA,Fundings of start-ups,By technology,Other energy,Early stage,2022,3.785557032,Years,453.7634888
CAN,CANADA,Probability to receive funding,By technology,Other renewables,Early stage,2015,12.12708378,Percentage,181.4579315
CAN,CANADA,Probability to receive funding,By technology,Other renewables,Early stage,2016,13.37864494,Percentage,198.741272
CAN,CANADA,Probability to receive funding,By technology,Other renewables,Early stage,2017,14.70174789,Percentage,213.9579315
CAN,CANADA,Probability to receive funding,By technology,Other renewables,Early stage,2018,15.66218185,Percentage,222.3230133
CAN,CANADA,Probability to receive funding,By technology,Other renewables,Early stage,2019,15.93016243,Percentage,231.5563507
CAN,CANADA,Probability to receive funding,By technology,Other renewables,Early stage,2020,15.86069202,Percentage,235.7230225
CAN,CANADA,Probability to receive funding,By technology,Other renewables,Early stage,2021,15.76059532,Percentage,238.8063507
CAN,CANADA,Fundings of start-ups,By technology,Other renewables,Early stage,2022,3.398108006,Years,238.8063507
CAN,CANADA,Probability to receive funding,By technology,Solar,Early stage,2015,17.20486259,Percentage,42.4944458
CAN,CANADA,Probability to receive funding,By technology,Solar,Early stage,2016,16.24892044,Percentage,44.9944458
CAN,CANADA,Probability to receive funding,By technology,Solar,Early stage,2017,17.0954361,Percentage,46.86111069
CAN,CANADA,Probability to receive funding,By technology,Solar,Early stage,2018,17.23744011,Percentage,47.94841385
CAN,CANADA,Probability to receive funding,By technology,Solar,Early stage,2019,17.34389114,Percentage,48.61507797
CAN,CANADA,Probability to receive funding,By technology,Solar,Early stage,2020,19.0098381,Percentage,49.61507797
CAN,CANADA,Probability to receive funding,By technology,Solar,Early stage,2021,19.0098381,Percentage,49.61507797
CAN,CANADA,Fundings of start-ups,By technology,Solar,Early stage,2022,2.933444738,Years,49.61507797
CAN,CANADA,Probability to receive funding,By technology,Wind,Early stage,2015,3.149606228,Percentage,3.527777672
CAN,CANADA,Probability to receive funding,By technology,Wind,Early stage,2016,2.877697945,Percentage,3.861111164
CAN,CANADA,Probability to receive funding,By technology,Wind,Early stage,2017,7.216495037,Percentage,4.311110973
CAN,CANADA,Probability to receive funding,By technology,Wind,Early stage,2018,6.698564529,Percentage,4.644444466
CAN,CANADA,Probability to receive funding,By technology,Wind,Early stage,2019,6.698564529,Percentage,4.644444466
CAN,CANADA,Probability to receive funding,By technology,Wind,Early stage,2020,6.698564529,Percentage,4.644444466
CAN,CANADA,Probability to receive funding,By technology,Wind,Early stage,2021,6.698564529,Percentage,4.644444466
CAN,CANADA,Fundings of start-ups,By technology,Wind,Early stage,2022,2.523287773,Years,4.644444466
CAN,CANADA,Probability to receive funding,By technology,Bioenergy,Later stage,2015,0,Percentage,2.833333254
CAN,CANADA,Probability to receive funding,By technology,Bioenergy,Later stage,2016,0,Percentage,2.833333254
CAN,CANADA,Probability to receive funding,By technology,Bioenergy,Later stage,2017,0,Percentage,2.833333254
CAN,CANADA,Probability to receive funding,By technology,Bioenergy,Later stage,2018,0,Percentage,2.833333254
CAN,CANADA,Probability to receive funding,By technology,Bioenergy,Later stage,2019,0,Percentage,3.333333254
CAN,CANADA,Probability to receive funding,By technology,Bioenergy,Later stage,2020,0,Percentage,3.333333254
CAN,CANADA,Probability to receive funding,By technology,Bioenergy,Later stage,2021,0,Percentage,3.333333254
CAN,CANADA,Fundings of start-ups,By technology,Clean energy,Later stage,2003,861063.8125,USD,1
CAN,CANADA,Fundings of start-ups,By technology,Clean energy,Later stage,2007,10704876,USD,2
CAN,CANADA,Fundings of start-ups,By technology,Clean energy,Later stage,2008,4905454.5,USD,1
CAN,CANADA,Fundings of start-ups,By technology,Clean energy,Later stage,2009,11559146,USD,2
CAN,CANADA,Fundings of start-ups,By technology,Clean energy,Later stage,2010,11356336,USD,2
CAN,CANADA,Fundings of start-ups,By technology,Clean energy,Later stage,2011,28482558,USD,3
CAN,CANADA,Fundings of start-ups,By technology,Clean energy,Later stage,2012,43705876,USD,3
CAN,CANADA,Fundings of start-ups,By technology,Clean energy,Later stage,2014,24074538,USD,5
CAN,CANADA,Fundings of start-ups,By technology,Clean energy,Later stage,2015,28942222,USD,2
CAN,CANADA,Fundings of start-ups,By technology,Clean energy,Later stage,2016,96370920,USD,6
CAN,CANADA,Fundings of start-ups,By technology,Clean energy,Later stage,2017,365855808,USD,4
CAN,CANADA,Fundings of start-ups,By technology,Clean energy,Later stage,2018,129977016,USD,5
CAN,CANADA,Fundings of start-ups,By technology,Clean energy,Later stage,2019,119377672,USD,6
CAN,CANADA,Fundings of start-ups,By technology,Clean energy,Later stage,2020,6153226,USD,3
CAN,CANADA,Probability to receive funding,By technology,Clean energy,Later stage,2021,10.46195698,Percentage,736
CAN,CANADA,Fundings of start-ups,By technology,Clean energy,Later stage,2021,365727712,USD,11
CAN,CANADA,Fundings of start-ups,By technology,Clean energy,Later stage,2022,4.950293541,Years,738
CAN,CANADA,Probability to receive funding,By technology,Electric mobility,Later stage,2015,9.106239319,Percentage,29.64999962
CAN,CANADA,Probability to receive funding,By technology,Electric mobility,Later stage,2016,8.290685654,Percentage,32.56666565
CAN,CANADA,Probability to receive funding,By technology,Electric mobility,Later stage,2017,7.766059399,Percentage,34.76666641
CAN,CANADA,Probability to receive funding,By technology,Electric mobility,Later stage,2018,6.176918983,Percentage,43.71111298
CAN,CANADA,Probability to receive funding,By technology,Electric mobility,Later stage,2019,5.542883396,Percentage,48.71111298
CAN,CANADA,Probability to receive funding,By technology,Electric mobility,Later stage,2020,7.368886948,Percentage,50.21111298
CAN,CANADA,Probability to receive funding,By technology,Electric mobility,Later stage,2021,7.224994659,Percentage,51.21111298
CAN,CANADA,Fundings of start-ups,By technology,Electric mobility,Later stage,2022,4.815994263,Years,51.21111298
CAN,CANADA,Probability to receive funding,By technology,Energy efficiency,Later stage,2015,11.19062424,Percentage,186.7634888
CAN,CANADA,Probability to receive funding,By technology,Energy efficiency,Later stage,2016,11.96572208,Percentage,210.8801575
CAN,CANADA,Probability to receive funding,By technology,Energy efficiency,Later stage,2017,11.43588066,Percentage,226.4801636
CAN,CANADA,Probability to receive funding,By technology,Energy efficiency,Later stage,2018,10.83273411,Percentage,248.3214264
CAN,CANADA,Probability to receive funding,By technology,Energy efficiency,Later stage,2019,10.33205605,Percentage,260.3547668
CAN,CANADA,Probability to receive funding,By technology,Energy efficiency,Later stage,2020,10.21435833,Percentage,263.3547668
CAN,CANADA,Probability to receive funding,By technology,Energy efficiency,Later stage,2021,10.08984184,Percentage,266.6047668
CAN,CANADA,Fundings of start-ups,By technology,Energy efficiency,Later stage,2022,4.589136124,Years,265.6047668
CAN,CANADA,Probability to receive funding,By technology,Energy storage and batteries,Later stage,2015,14.34850025,Percentage,21.48888969
CAN,CANADA,Probability to receive funding,By technology,Energy storage and batteries,Later stage,2016,12.48874855,Percentage,24.68888855
CAN,CANADA,Probability to receive funding,By technology,Energy storage and batteries,Later stage,2017,14.44291592,Percentage,28.27222252
CAN,CANADA,Probability to receive funding,By technology,Energy storage and batteries,Later stage,2018,13.54910088,Percentage,30.1373024
CAN,CANADA,Probability to receive funding,By technology,Energy storage and batteries,Later stage,2019,12.1272831,Percentage,33.67063522
CAN,CANADA,Probability to receive funding,By technology,Energy storage and batteries,Later stage,2020,11.61006451,Percentage,35.17063522
CAN,CANADA,Probability to receive funding,By technology,Energy storage and batteries,Later stage,2021,11.61006451,Percentage,35.17063522
CAN,CANADA,Fundings of start-ups,By technology,Energy storage and batteries,Later stage,2022,5.154375076,Years,35.17063522
CAN,CANADA,Probability to receive funding,By technology,Fossil fuels,Later stage,2015,7.206974983,Percentage,323.0666809
CAN,CANADA,Probability to receive funding,By technology,Fossil fuels,Later stage,2016,6.982359409,Percentage,338.2333374
CAN,CANADA,Probability to receive funding,By technology,Fossil fuels,Later stage,2017,7.216831684,Percentage,357.2666626
CAN,CANADA,Probability to receive funding,By technology,Fossil fuels,Later stage,2018,7.282697201,Percentage,367.7666626
CAN,CANADA,Probability to receive funding,By technology,Fossil fuels,Later stage,2019,7.393772602,Percentage,375.7666626
CAN,CANADA,Probability to receive funding,By technology,Fossil fuels,Later stage,2020,7.426483631,Percentage,378.6000061
CAN,CANADA,Probability to receive funding,By technology,Fossil fuels,Later stage,2021,7.421582699,Percentage,378.8500061
CAN,CANADA,Fundings of start-ups,By technology,Fossil fuels,Later stage,2022,4.638670444,Years,378.8500061
CAN,CANADA,Probability to receive funding,By technology,Grid,Later stage,2015,5.319909096,Percentage,61.09127045
CAN,CANADA,Probability to receive funding,By technology,Grid,Later stage,2016,4.878077984,Percentage,66.62460327
CAN,CANADA,Probability to receive funding,By technology,Grid,Later stage,2017,4.530168056,Percentage,71.74127197
CAN,CANADA,Probability to receive funding,By technology,Grid,Later stage,2018,4.268782139,Percentage,76.13412476
CAN,CANADA,Probability to receive funding,By technology,Grid,Later stage,2019,4.133065701,Percentage,78.63412476
CAN,CANADA,Probability to receive funding,By technology,Grid,Later stage,2020,4.133065701,Percentage,78.63412476
CAN,CANADA,Probability to receive funding,By technology,Grid,Later stage,2021,4.115619183,Percentage,78.96746063
CAN,CANADA,Fundings of start-ups,By technology,Grid,Later stage,2022,3.14836669,Years,77.96746063
CAN,CANADA,Probability to receive funding,By technology,Hydrogen and fuel cells,Later stage,2015,7.61421299,Percentage,3.283333302
CAN,CANADA,Probability to receive funding,By technology,Hydrogen and fuel cells,Later stage,2016,7.61421299,Percentage,3.283333302
CAN,CANADA,Probability to receive funding,By technology,Hydrogen and fuel cells,Later stage,2017,5.514705658,Percentage,4.533333302
CAN,CANADA,Probability to receive funding,By technology,Hydrogen and fuel cells,Later stage,2018,5.514705658,Percentage,4.533333302
CAN,CANADA,Probability to receive funding,By technology,Hydrogen and fuel cells,Later stage,2019,5.319149017,Percentage,4.699999809
CAN,CANADA,Probability to receive funding,By technology,Hydrogen and fuel cells,Later stage,2020,4.966887474,Percentage,5.033333302
CAN,CANADA,Probability to receive funding,By technology,Hydrogen and fuel cells,Later stage,2021,4.731861115,Percentage,5.283333302
CAN,CANADA,Fundings of start-ups,By technology,Hydrogen and fuel cells,Later stage,2022,6.054794312,Years,5.283333302
CAN,CANADA,Fundings of start-ups,By technology,Non-clean energy,Later stage,2005,1886979.875,USD,1
CAN,CANADA,Fundings of start-ups,By technology,Non-clean energy,Later stage,2006,4910065,USD,1
CAN,CANADA,Fundings of start-ups,By technology,Non-clean energy,Later stage,2007,30945284,USD,1
CAN,CANADA,Fundings of start-ups,By technology,Non-clean energy,Later stage,2008,19658798,USD,2
CAN,CANADA,Fundings of start-ups,By technology,Non-clean energy,Later stage,2009,1948170.75,USD,1
CAN,CANADA,Fundings of start-ups,By technology,Non-clean energy,Later stage,2011,78806544,USD,2
CAN,CANADA,Fundings of start-ups,By technology,Non-clean energy,Later stage,2012,6051136.5,USD,1
CAN,CANADA,Fundings of start-ups,By technology,Non-clean energy,Later stage,2013,14661843,USD,4
CAN,CANADA,Fundings of start-ups,By technology,Non-clean energy,Later stage,2014,541130.625,USD,1
CAN,CANADA,Fundings of start-ups,By technology,Non-clean energy,Later stage,2015,14540526,USD,3
CAN,CANADA,Fundings of start-ups,By technology,Non-clean energy,Later stage,2017,6965020.5,USD,3
CAN,CANADA,Fundings of start-ups,By technology,Non-clean energy,Later stage,2018,3217187.5,USD,2
CAN,CANADA,Fundings of start-ups,By technology,Non-clean energy,Later stage,2019,169354192,USD,3
CAN,CANADA,Fundings of start-ups,By technology,Non-clean energy,Later stage,2020,9447258,USD,3
CAN,CANADA,Fundings of start-ups,By technology,Non-clean energy,Later stage,2021,14405797,USD,1
CAN,CANADA,Probability to receive funding,By technology,Non-clean energy,Later stage,2021,6.070640087,Percentage,906
CAN,CANADA,Fundings of start-ups,By technology,Non-clean energy,Later stage,2022,5.090106487,Years,906
CAN,CANADA,Probability to receive funding,By technology,Nuclear,Later stage,2015,0,Percentage,3
CAN,CANADA,Probability to receive funding,By technology,Nuclear,Later stage,2016,0,Percentage,3
CAN,CANADA,Probability to receive funding,By technology,Nuclear,Later stage,2017,0,Percentage,3
CAN,CANADA,Probability to receive funding,By technology,Nuclear,Later stage,2018,0,Percentage,4.5
CAN,CANADA,Probability to receive funding,By technology,Nuclear,Later stage,2019,0,Percentage,4.5
CAN,CANADA,Probability to receive funding,By technology,Nuclear,Later stage,2020,0,Percentage,4.5
CAN,CANADA,Probability to receive funding,By technology,Nuclear,Later stage,2021,0,Percentage,4.75
CAN,CANADA,Probability to receive funding,By technology,Other energy,Later stage,2015,8.118021965,Percentage,369.342865
CAN,CANADA,Probability to receive funding,By technology,Other energy,Later stage,2016,7.767671585,Percentage,390.2928467
CAN,CANADA,Probability to receive funding,By technology,Other energy,Later stage,2017,7.593907833,Percentage,418.9761963
CAN,CANADA,Probability to receive funding,By technology,Other energy,Later stage,2018,7.409584522,Percentage,436.1468201
CAN,CANADA,Probability to receive funding,By technology,Other energy,Later stage,2019,7.237556458,Percentage,446.5134888
CAN,CANADA,Probability to receive funding,By technology,Other energy,Later stage,2020,7.252652168,Percentage,450.1801453
CAN,CANADA,Probability to receive funding,By technology,Other energy,Later stage,2021,7.195378304,Percentage,453.7634888
CAN,CANADA,Fundings of start-ups,By technology,Other energy,Later stage,2022,5.43776083,Years,453.7634888
CAN,CANADA,Probability to receive funding,By technology,Other renewables,Later stage,2015,11.83929157,Percentage,181.4579315
CAN,CANADA,Probability to receive funding,By technology,Other renewables,Later stage,2016,11.31286621,Percentage,198.741272
CAN,CANADA,Probability to receive funding,By technology,Other renewables,Later stage,2017,10.81988335,Percentage,213.9579315
CAN,CANADA,Probability to receive funding,By technology,Other renewables,Later stage,2018,10.63767529,Percentage,222.3230133
CAN,CANADA,Probability to receive funding,By technology,Other renewables,Later stage,2019,10.21349621,Percentage,231.5563507
CAN,CANADA,Probability to receive funding,By technology,Other renewables,Later stage,2020,10.17437077,Percentage,235.7230225
CAN,CANADA,Probability to receive funding,By technology,Other renewables,Later stage,2021,10.46175385,Percentage,238.8063507
CAN,CANADA,Fundings of start-ups,By technology,Other renewables,Later stage,2022,5.379542351,Years,238.8063507
CAN,CANADA,Probability to receive funding,By technology,Solar,Later stage,2015,13.49195957,Percentage,42.4944458
CAN,CANADA,Probability to receive funding,By technology,Solar,Later stage,2016,12.74231434,Percentage,44.9944458
CAN,CANADA,Probability to receive funding,By technology,Solar,Later stage,2017,12.23473644,Percentage,46.86111069
CAN,CANADA,Probability to receive funding,By technology,Solar,Later stage,2018,11.95729542,Percentage,47.94841385
CAN,CANADA,Probability to receive funding,By technology,Solar,Later stage,2019,11.79332256,Percentage,48.61507797
CAN,CANADA,Probability to receive funding,By technology,Solar,Later stage,2020,11.55562687,Percentage,49.61507797
CAN,CANADA,Probability to receive funding,By technology,Solar,Later stage,2021,11.55562687,Percentage,49.61507797
CAN,CANADA,Fundings of start-ups,By technology,Solar,Later stage,2022,4.956323624,Years,49.61507797
CAN,CANADA,Probability to receive funding,By technology,Wind,Later stage,2015,9.44881916,Percentage,3.527777672
CAN,CANADA,Probability to receive funding,By technology,Wind,Later stage,2016,8.633093834,Percentage,3.861111164
CAN,CANADA,Probability to receive funding,By technology,Wind,Later stage,2017,7.731958866,Percentage,4.311110973
CAN,CANADA,Probability to receive funding,By technology,Wind,Later stage,2018,7.177033424,Percentage,4.644444466
CAN,CANADA,Probability to receive funding,By technology,Wind,Later stage,2019,7.177033424,Percentage,4.644444466
CAN,CANADA,Probability to receive funding,By technology,Wind,Later stage,2020,7.177033424,Percentage,4.644444466
CAN,CANADA,Probability to receive funding,By technology,Wind,Later stage,2021,7.177033424,Percentage,4.644444466
CAN,CANADA,Fundings of start-ups,By technology,Wind,Later stage,2022,3.926027298,Years,4.644444466
CYM,CAYMAN ISLANDS,Probability to receive funding,"By sector (energy, green, digital)",Energy,Early stage,2021,0,Percentage,6
CYM,CAYMAN ISLANDS,Probability to receive funding,"By sector (energy, green, digital)",Energy and digital,Early stage,2021,0,Percentage,1
CYM,CAYMAN ISLANDS,Probability to receive funding,"By sector (energy, green, digital)",Energy and non-digital,Early stage,2021,0,Percentage,5
CYM,CAYMAN ISLANDS,Fundings of start-ups,"By sector (energy, green, digital)",Non-energy,Early stage,2011,2105232.5,USD,2
CYM,CAYMAN ISLANDS,Fundings of start-ups,"By sector (energy, green, digital)",Non-energy,Early stage,2012,847159.0625,USD,1
CYM,CAYMAN ISLANDS,Fundings of start-ups,"By sector (energy, green, digital)",Non-energy,Early stage,2013,1076966.25,USD,1
CYM,CAYMAN ISLANDS,Fundings of start-ups,"By sector (energy, green, digital)",Non-energy,Early stage,2015,1336839.75,USD,3
CYM,CAYMAN ISLANDS,Fundings of start-ups,"By sector (energy, green, digital)",Non-energy,Early stage,2016,9492391,USD,2
CYM,CAYMAN ISLANDS,Fundings of start-ups,"By sector (energy, green, digital)",Non-energy,Early stage,2017,48151596,USD,3
CYM,CAYMAN ISLANDS,Fundings of start-ups,"By sector (energy, green, digital)",Non-energy,Early stage,2018,59113048,USD,6
CYM,CAYMAN ISLANDS,Fundings of start-ups,"By sector (energy, green, digital)",Non-energy,Early stage,2019,31776122,USD,5
CYM,CAYMAN ISLANDS,Fundings of start-ups,"By sector (energy, green, digital)",Non-energy,Early stage,2020,34424244,USD,3
CYM,CAYMAN ISLANDS,Fundings of start-ups,"By sector (energy, green, digital)",Non-energy,Early stage,2021,226498224,USD,14
CYM,CAYMAN ISLANDS,Probability to receive funding,"By sector (energy, green, digital)",Non-energy,Early stage,2021,14.0703516,Percentage,199
CYM,CAYMAN ISLANDS,Fundings of start-ups,"By sector (energy, green, digital)",Non-energy,Early stage,2022,60000000,USD,2
CYM,CAYMAN ISLANDS,Fundings of start-ups,"By sector (energy, green, digital)",Non-energy,Early stage,2022,1.239530325,Years,203
CYM,CAYMAN ISLANDS,Probability to receive funding,"By sector (energy, green, digital)",Energy,Later stage,2021,16.66666603,Percentage,6
CYM,CAYMAN ISLANDS,Fundings of start-ups,"By sector (energy, green, digital)",Energy,Later stage,2022,0.947945178,Years,6
CYM,CAYMAN ISLANDS,Probability to receive funding,"By sector (energy, green, digital)",Energy and digital,Later stage,2021,0,Percentage,1
CYM,CAYMAN ISLANDS,Probability to receive funding,"By sector (energy, green, digital)",Energy and non-digital,Later stage,2021,20,Percentage,5
CYM,CAYMAN ISLANDS,Fundings of start-ups,"By sector (energy, green, digital)",Energy and non-digital,Later stage,2022,0.947945178,Years,5
CYM,CAYMAN ISLANDS,Fundings of start-ups,"By sector (energy, green, digital)",Non-energy,Later stage,2017,5579920,USD,1
CYM,CAYMAN ISLANDS,Fundings of start-ups,"By sector (energy, green, digital)",Non-energy,Later stage,2018,11093750,USD,1
CYM,CAYMAN ISLANDS,Fundings of start-ups,"By sector (energy, green, digital)",Non-energy,Later stage,2019,15496937,USD,1
CYM,CAYMAN ISLANDS,Probability to receive funding,"By sector (energy, green, digital)",Non-energy,Later stage,2021,10.55276394,Percentage,199
CYM,CAYMAN ISLANDS,Fundings of start-ups,"By sector (energy, green, digital)",Non-energy,Later stage,2021,36014492,USD,1
CYM,CAYMAN ISLANDS,Fundings of start-ups,"By sector (energy, green, digital)",Non-energy,Later stage,2022,2.858779669,Years,203
CYM,CAYMAN ISLANDS,Probability to receive funding,By technology,Clean energy,Early stage,2021,0,Percentage,1
CYM,CAYMAN ISLANDS,Probability to receive funding,By technology,Electric mobility,Early stage,2021,0,Percentage,1
CYM,CAYMAN ISLANDS,Probability to receive funding,By technology,Fossil fuels,Early stage,2015,0,Percentage,1.5
CYM,CAYMAN ISLANDS,Probability to receive funding,By technology,Fossil fuels,Early stage,2016,0,Percentage,2.5
CYM,CAYMAN ISLANDS,Probability to receive funding,By technology,Fossil fuels,Early stage,2017,0,Percentage,2.5
CYM,CAYMAN ISLANDS,Probability to receive funding,By technology,Fossil fuels,Early stage,2018,0,Percentage,2.5
CYM,CAYMAN ISLANDS,Probability to receive funding,By technology,Fossil fuels,Early stage,2019,0,Percentage,2.5
CYM,CAYMAN ISLANDS,Probability to receive funding,By technology,Fossil fuels,Early stage,2020,0,Percentage,2.5
CYM,CAYMAN ISLANDS,Probability to receive funding,By technology,Fossil fuels,Early stage,2021,0,Percentage,2.5
CYM,CAYMAN ISLANDS,Probability to receive funding,By technology,Non-clean energy,Early stage,2021,0,Percentage,5
CYM,CAYMAN ISLANDS,Probability to receive funding,By technology,Other energy,Early stage,2015,0,Percentage,1.5
CYM,CAYMAN ISLANDS,Probability to receive funding,By technology,Other energy,Early stage,2016,0,Percentage,1.5
CYM,CAYMAN ISLANDS,Probability to receive funding,By technology,Other energy,Early stage,2017,0,Percentage,1.5
CYM,CAYMAN ISLANDS,Probability to receive funding,By technology,Other energy,Early stage,2018,0,Percentage,1.5
CYM,CAYMAN ISLANDS,Probability to receive funding,By technology,Other energy,Early stage,2019,0,Percentage,2.5
CYM,CAYMAN ISLANDS,Probability to receive funding,By technology,Other energy,Early stage,2020,0,Percentage,2.5
CYM,CAYMAN ISLANDS,Probability to receive funding,By technology,Other energy,Early stage,2021,0,Percentage,2.5
CYM,CAYMAN ISLANDS,Probability to receive funding,By technology,Clean energy,Later stage,2021,0,Percentage,1
CYM,CAYMAN ISLANDS,Probability to receive funding,By technology,Electric mobility,Later stage,2021,0,Percentage,1
CYM,CAYMAN ISLANDS,Probability to receive funding,By technology,Fossil fuels,Later stage,2015,0,Percentage,1.5
CYM,CAYMAN ISLANDS,Probability to receive funding,By technology,Fossil fuels,Later stage,2016,40,Percentage,2.5
CYM,CAYMAN ISLANDS,Probability to receive funding,By technology,Fossil fuels,Later stage,2017,40,Percentage,2.5
CYM,CAYMAN ISLANDS,Probability to receive funding,By technology,Fossil fuels,Later stage,2018,40,Percentage,2.5
CYM,CAYMAN ISLANDS,Probability to receive funding,By technology,Fossil fuels,Later stage,2019,40,Percentage,2.5
CYM,CAYMAN ISLANDS,Probability to receive funding,By technology,Fossil fuels,Later stage,2020,40,Percentage,2.5
CYM,CAYMAN ISLANDS,Probability to receive funding,By technology,Fossil fuels,Later stage,2021,40,Percentage,2.5
CYM,CAYMAN ISLANDS,Probability to receive funding,By technology,Non-clean energy,Later stage,2021,20,Percentage,5
CYM,CAYMAN ISLANDS,Fundings of start-ups,By technology,Non-clean energy,Later stage,2022,0.947945178,Years,5
CYM,CAYMAN ISLANDS,Probability to receive funding,By technology,Other energy,Later stage,2015,0,Percentage,1.5
CYM,CAYMAN ISLANDS,Probability to receive funding,By technology,Other energy,Later stage,2016,0,Percentage,1.5
CYM,CAYMAN ISLANDS,Probability to receive funding,By technology,Other energy,Later stage,2017,0,Percentage,1.5
CYM,CAYMAN ISLANDS,Probability to receive funding,By technology,Other energy,Later stage,2018,0,Percentage,1.5
CYM,CAYMAN ISLANDS,Probability to receive funding,By technology,Other energy,Later stage,2019,0,Percentage,2.5
CYM,CAYMAN ISLANDS,Probability to receive funding,By technology,Other energy,Later stage,2020,0,Percentage,2.5
CYM,CAYMAN ISLANDS,Probability to receive funding,By technology,Other energy,Later stage,2021,0,Percentage,2.5
CAF,CENTRAL AFRICAN REPUBLIC,Probability to receive funding,"By sector (energy, green, digital)",Non-energy,Early stage,2021,0,Percentage,2
CAF,CENTRAL AFRICAN REPUBLIC,Probability to receive funding,"By sector (energy, green, digital)",Non-energy,Later stage,2021,0,Percentage,2
TCD,CHAD,Probability to receive funding,"By sector (energy, green, digital)",Energy,Early stage,2021,0,Percentage,1
TCD,CHAD,Probability to receive funding,"By sector (energy, green, digital)",Energy and digital,Early stage,2021,0,Percentage,1
TCD,CHAD,Probability to receive funding,"By sector (energy, green, digital)",Non-energy,Early stage,2021,0,Percentage,1
TCD,CHAD,Probability to receive funding,"By sector (energy, green, digital)",Energy,Later stage,2021,0,Percentage,1
TCD,CHAD,Probability to receive funding,"By sector (energy, green, digital)",Energy and digital,Later stage,2021,0,Percentage,1
TCD,CHAD,Probability to receive funding,"By sector (energy, green, digital)",Non-energy,Later stage,2021,0,Percentage,1
TCD,CHAD,Probability to receive funding,By technology,Clean energy,Early stage,2021,0,Percentage,1
TCD,CHAD,Probability to receive funding,By technology,Other energy,Early stage,2017,0,Percentage,0.333333343
TCD,CHAD,Probability to receive funding,By technology,Other energy,Early stage,2018,0,Percentage,0.333333343
TCD,CHAD,Probability to receive funding,By technology,Other energy,Early stage,2019,0,Percentage,0.333333343
TCD,CHAD,Probability to receive funding,By technology,Other energy,Early stage,2020,0,Percentage,0.333333343
TCD,CHAD,Probability to receive funding,By technology,Other energy,Early stage,2021,0,Percentage,0.333333343
TCD,CHAD,Probability to receive funding,By technology,Other renewables,Early stage,2017,0,Percentage,0.333333343
TCD,CHAD,Probability to receive funding,By technology,Other renewables,Early stage,2018,0,Percentage,0.333333343
TCD,CHAD,Probability to receive funding,By technology,Other renewables,Early stage,2019,0,Percentage,0.333333343
TCD,CHAD,Probability to receive funding,By technology,Other renewables,Early stage,2020,0,Percentage,0.333333343
TCD,CHAD,Probability to receive funding,By technology,Other renewables,Early stage,2021,0,Percentage,0.333333343
TCD,CHAD,Probability to receive funding,By technology,Solar,Early stage,2017,0,Percentage,0.333333343
TCD,CHAD,Probability to receive funding,By technology,Solar,Early stage,2018,0,Percentage,0.333333343
TCD,CHAD,Probability to receive funding,By technology,Solar,Early stage,2019,0,Percentage,0.333333343
TCD,CHAD,Probability to receive funding,By technology,Solar,Early stage,2020,0,Percentage,0.333333343
TCD,CHAD,Probability to receive funding,By technology,Solar,Early stage,2021,0,Percentage,0.333333343
TCD,CHAD,Probability to receive funding,By technology,Clean energy,Later stage,2021,0,Percentage,1
TCD,CHAD,Probability to receive funding,By technology,Other energy,Later stage,2017,0,Percentage,0.333333343
TCD,CHAD,Probability to receive funding,By technology,Other energy,Later stage,2018,0,Percentage,0.333333343
TCD,CHAD,Probability to receive funding,By technology,Other energy,Later stage,2019,0,Percentage,0.333333343
TCD,CHAD,Probability to receive funding,By technology,Other energy,Later stage,2020,0,Percentage,0.333333343
TCD,CHAD,Probability to receive funding,By technology,Other energy,Later stage,2021,0,Percentage,0.333333343
TCD,CHAD,Probability to receive funding,By technology,Other renewables,Later stage,2017,0,Percentage,0.333333343
TCD,CHAD,Probability to receive funding,By technology,Other renewables,Later stage,2018,0,Percentage,0.333333343
TCD,CHAD,Probability to receive funding,By technology,Other renewables,Later stage,2019,0,Percentage,0.333333343
TCD,CHAD,Probability to receive funding,By technology,Other renewables,Later stage,2020,0,Percentage,0.333333343
TCD,CHAD,Probability to receive funding,By technology,Other renewables,Later stage,2021,0,Percentage,0.333333343
TCD,CHAD,Probability to receive funding,By technology,Solar,Later stage,2017,0,Percentage,0.333333343
TCD,CHAD,Probability to receive funding,By technology,Solar,Later stage,2018,0,Percentage,0.333333343
TCD,CHAD,Probability to receive funding,By technology,Solar,Later stage,2019,0,Percentage,0.333333343
TCD,CHAD,Probability to receive funding,By technology,Solar,Later stage,2020,0,Percentage,0.333333343
TCD,CHAD,Probability to receive funding,By technology,Solar,Later stage,2021,0,Percentage,0.333333343
CHL,CHILE,Fundings of start-ups,"By sector (energy, green, digital)",Energy,Early stage,2011,49534.88281,USD,1
CHL,CHILE,Fundings of start-ups,"By sector (energy, green, digital)",Energy,Early stage,2012,145227.2656,USD,3
CHL,CHILE,Fundings of start-ups,"By sector (energy, green, digital)",Energy,Early stage,2013,95730.33594,USD,2
CHL,CHILE,Fundings of start-ups,"By sector (energy, green, digital)",Energy,Early stage,2014,188287.2969,USD,4
CHL,CHILE,Fundings of start-ups,"By sector (energy, green, digital)",Energy,Early stage,2015,764917.125,USD,1
CHL,CHILE,Fundings of start-ups,"By sector (energy, green, digital)",Energy,Early stage,2017,9760612,USD,3
CHL,CHILE,Fundings of start-ups,"By sector (energy, green, digital)",Energy,Early stage,2018,3251134.5,USD,5
CHL,CHILE,Fundings of start-ups,"By sector (energy, green, digital)",Energy,Early stage,2019,193438.7813,USD,2
CHL,CHILE,Fundings of start-ups,"By sector (energy, green, digital)",Energy,Early stage,2020,7470706,USD,6
CHL,CHILE,Probability to receive funding,"By sector (energy, green, digital)",Energy,Early stage,2021,40,Percentage,55
CHL,CHILE,Fundings of start-ups,"By sector (energy, green, digital)",Energy,Early stage,2021,6379710,USD,3
CHL,CHILE,Fundings of start-ups,"By sector (energy, green, digital)",Energy,Early stage,2022,1500000,USD,1
CHL,CHILE,Fundings of start-ups,"By sector (energy, green, digital)",Energy,Early stage,2022,1.806653619,Years,56
CHL,CHILE,Fundings of start-ups,"By sector (energy, green, digital)",Energy and digital,Early stage,2013,47865.16797,USD,1
CHL,CHILE,Fundings of start-ups,"By sector (energy, green, digital)",Energy and digital,Early stage,2014,47071.82422,USD,1
CHL,CHILE,Fundings of start-ups,"By sector (energy, green, digital)",Energy and digital,Early stage,2017,696781.9375,USD,2
CHL,CHILE,Fundings of start-ups,"By sector (energy, green, digital)",Energy and digital,Early stage,2018,3251134.5,USD,5
CHL,CHILE,Fundings of start-ups,"By sector (energy, green, digital)",Energy and digital,Early stage,2019,193438.7813,USD,2
CHL,CHILE,Fundings of start-ups,"By sector (energy, green, digital)",Energy and digital,Early stage,2020,2091918.125,USD,5
CHL,CHILE,Fundings of start-ups,"By sector (energy, green, digital)",Energy and digital,Early stage,2021,6379710,USD,3
CHL,CHILE,Probability to receive funding,"By sector (energy, green, digital)",Energy and digital,Early stage,2021,57.1428566,Percentage,21
CHL,CHILE,Fundings of start-ups,"By sector (energy, green, digital)",Energy and digital,Early stage,2022,1500000,USD,1
CHL,CHILE,Fundings of start-ups,"By sector (energy, green, digital)",Energy and digital,Early stage,2022,1.348194242,Years,22
CHL,CHILE,Fundings of start-ups,"By sector (energy, green, digital)",Energy and non-digital,Early stage,2011,49534.88281,USD,1
CHL,CHILE,Fundings of start-ups,"By sector (energy, green, digital)",Energy and non-digital,Early stage,2012,145227.2656,USD,3
CHL,CHILE,Fundings of start-ups,"By sector (energy, green, digital)",Energy and non-digital,Early stage,2013,47865.16797,USD,1
CHL,CHILE,Fundings of start-ups,"By sector (energy, green, digital)",Energy and non-digital,Early stage,2014,141215.4688,USD,3
CHL,CHILE,Fundings of start-ups,"By sector (energy, green, digital)",Energy and non-digital,Early stage,2015,764917.125,USD,1
CHL,CHILE,Fundings of start-ups,"By sector (energy, green, digital)",Energy and non-digital,Early stage,2017,9063830,USD,1
CHL,CHILE,Fundings of start-ups,"By sector (energy, green, digital)",Energy and non-digital,Early stage,2020,5378788,USD,1
CHL,CHILE,Probability to receive funding,"By sector (energy, green, digital)",Energy and non-digital,Early stage,2021,29.41176414,Percentage,34
CHL,CHILE,Fundings of start-ups,"By sector (energy, green, digital)",Energy and non-digital,Early stage,2022,2.310958862,Years,34
CHL,CHILE,Fundings of start-ups,"By sector (energy, green, digital)",Non-energy,Early stage,2000,43568180,USD,4
CHL,CHILE,Fundings of start-ups,"By sector (energy, green, digital)",Non-energy,Early stage,2006,8298.701172,USD,1
CHL,CHILE,Fundings of start-ups,"By sector (energy, green, digital)",Non-energy,Early stage,2009,1373846.125,USD,2
CHL,CHILE,Fundings of start-ups,"By sector (energy, green, digital)",Non-energy,Early stage,2010,6175335.5,USD,10
CHL,CHILE,Fundings of start-ups,"By sector (energy, green, digital)",Non-energy,Early stage,2011,8575094,USD,40
CHL,CHILE,Fundings of start-ups,"By sector (energy, green, digital)",Non-energy,Early stage,2012,20600500,USD,108
CHL,CHILE,Fundings of start-ups,"By sector (energy, green, digital)",Non-energy,Early stage,2013,24179194,USD,99
CHL,CHILE,Fundings of start-ups,"By sector (energy, green, digital)",Non-energy,Early stage,2014,11346784,USD,78
CHL,CHILE,Fundings of start-ups,"By sector (energy, green, digital)",Non-energy,Early stage,2015,10171713,USD,36
CHL,CHILE,Fundings of start-ups,"By sector (energy, green, digital)",Non-energy,Early stage,2016,16998050,USD,37
CHL,CHILE,Fundings of start-ups,"By sector (energy, green, digital)",Non-energy,Early stage,2017,46752868,USD,30
CHL,CHILE,Fundings of start-ups,"By sector (energy, green, digital)",Non-energy,Early stage,2018,26913158,USD,48
CHL,CHILE,Fundings of start-ups,"By sector (energy, green, digital)",Non-energy,Early stage,2019,57670088,USD,39
CHL,CHILE,Fundings of start-ups,"By sector (energy, green, digital)",Non-energy,Early stage,2020,83989064,USD,56
CHL,CHILE,Fundings of start-ups,"By sector (energy, green, digital)",Non-energy,Early stage,2021,365048608,USD,60
CHL,CHILE,Probability to receive funding,"By sector (energy, green, digital)",Non-energy,Early stage,2021,27.67364883,Percentage,1814
CHL,CHILE,Fundings of start-ups,"By sector (energy, green, digital)",Non-energy,Early stage,2022,222872496,USD,23
CHL,CHILE,Fundings of start-ups,"By sector (energy, green, digital)",Non-energy,Early stage,2022,1.264607668,Years,1828
CHL,CHILE,Probability to receive funding,"By sector (energy, green, digital)",Energy,Later stage,2021,5.454545498,Percentage,55
CHL,CHILE,Fundings of start-ups,"By sector (energy, green, digital)",Energy,Later stage,2022,3.930593491,Years,56
CHL,CHILE,Probability to receive funding,"By sector (energy, green, digital)",Energy and digital,Later stage,2021,4.761904716,Percentage,21
CHL,CHILE,Fundings of start-ups,"By sector (energy, green, digital)",Energy and digital,Later stage,2022,4.158904076,Years,22
CHL,CHILE,Probability to receive funding,"By sector (energy, green, digital)",Energy and non-digital,Later stage,2021,5.882352829,Percentage,34
CHL,CHILE,Fundings of start-ups,"By sector (energy, green, digital)",Energy and non-digital,Later stage,2022,3.816438437,Years,34
CHL,CHILE,Fundings of start-ups,"By sector (energy, green, digital)",Non-energy,Later stage,2001,3288970.5,USD,1
CHL,CHILE,Fundings of start-ups,"By sector (energy, green, digital)",Non-energy,Later stage,2003,755319.125,USD,1
CHL,CHILE,Fundings of start-ups,"By sector (energy, green, digital)",Non-energy,Later stage,2010,10203593,USD,1
CHL,CHILE,Fundings of start-ups,"By sector (energy, green, digital)",Non-energy,Later stage,2011,4953488.5,USD,1
CHL,CHILE,Fundings of start-ups,"By sector (energy, green, digital)",Non-energy,Later stage,2012,3933238.75,USD,2
CHL,CHILE,Fundings of start-ups,"By sector (energy, green, digital)",Non-energy,Later stage,2013,9289454,USD,3
CHL,CHILE,Fundings of start-ups,"By sector (energy, green, digital)",Non-energy,Later stage,2014,16249811,USD,3
CHL,CHILE,Fundings of start-ups,"By sector (energy, green, digital)",Non-energy,Later stage,2015,4125581.75,USD,2
CHL,CHILE,Fundings of start-ups,"By sector (energy, green, digital)",Non-energy,Later stage,2017,17481292,USD,2
CHL,CHILE,Fundings of start-ups,"By sector (energy, green, digital)",Non-energy,Later stage,2019,4781632.5,USD,2
CHL,CHILE,Fundings of start-ups,"By sector (energy, green, digital)",Non-energy,Later stage,2020,94666664,USD,3
CHL,CHILE,Probability to receive funding,"By sector (energy, green, digital)",Non-energy,Later stage,2021,1.59867692,Percentage,1814
CHL,CHILE,Fundings of start-ups,"By sector (energy, green, digital)",Non-energy,Later stage,2021,262854336,USD,5
CHL,CHILE,Fundings of start-ups,"By sector (energy, green, digital)",Non-energy,Later stage,2022,125100000,USD,2
CHL,CHILE,Fundings of start-ups,"By sector (energy, green, digital)",Non-energy,Later stage,2022,4.753627777,Years,1828
CHL,CHILE,Fundings of start-ups,By technology,Electric mobility,all,2020,5378788,USD,1
CHL,CHILE,Fundings of start-ups,By technology,Energy efficiency,all,2012,24204.54492,USD,0.5
CHL,CHILE,Fundings of start-ups,By technology,Energy efficiency,all,2014,62762.42969,USD,1.333333373
CHL,CHILE,Fundings of start-ups,By technology,Energy efficiency,all,2017,512956.125,USD,1.850000024
CHL,CHILE,Fundings of start-ups,By technology,Energy efficiency,all,2018,2951104,USD,3.299999952
CHL,CHILE,Fundings of start-ups,By technology,Energy efficiency,all,2019,190993.625,USD,1.25
CHL,CHILE,Fundings of start-ups,By technology,Energy efficiency,all,2020,2068036.375,USD,2.75
CHL,CHILE,Fundings of start-ups,By technology,Energy efficiency,all,2021,1193623.25,USD,1.799999952
CHL,CHILE,Fundings of start-ups,By technology,Energy efficiency,all,2022,1500000,USD,1
CHL,CHILE,Fundings of start-ups,By technology,Fossil fuels,all,2012,24204.54492,USD,0.5
CHL,CHILE,Fundings of start-ups,By technology,Fossil fuels,all,2017,32573.13867,USD,0.25
CHL,CHILE,Fundings of start-ups,By technology,Fossil fuels,all,2018,22353.90625,USD,0.5
CHL,CHILE,Fundings of start-ups,By technology,Fossil fuels,all,2019,815.0510254,USD,0.25
CHL,CHILE,Fundings of start-ups,By technology,Fossil fuels,all,2020,7960.605957,USD,0.75
CHL,CHILE,Fundings of start-ups,By technology,Grid,all,2015,191229.2813,USD,0.25
CHL,CHILE,Fundings of start-ups,By technology,Grid,all,2017,2265957.5,USD,0.25
CHL,CHILE,Fundings of start-ups,By technology,Other energy,all,2011,24767.44141,USD,0.5
CHL,CHILE,Fundings of start-ups,By technology,Other energy,all,2012,64545.45313,USD,1.333333373
CHL,CHILE,Fundings of start-ups,By technology,Other energy,all,2013,35898.875,USD,0.75
CHL,CHILE,Fundings of start-ups,By technology,Other energy,all,2014,78453.03906,USD,1.666666627
CHL,CHILE,Fundings of start-ups,By technology,Other energy,all,2015,191229.2813,USD,0.25
CHL,CHILE,Fundings of start-ups,By technology,Other energy,all,2017,2418626.25,USD,0.899999976
CHL,CHILE,Fundings of start-ups,By technology,Other energy,all,2018,255322.6563,USD,0.699999988
CHL,CHILE,Fundings of start-ups,By technology,Other energy,all,2019,815.0510254,USD,0.25
CHL,CHILE,Fundings of start-ups,By technology,Other energy,all,2020,7960.605957,USD,0.75
CHL,CHILE,Fundings of start-ups,By technology,Other energy,all,2021,1756135.25,USD,0.533333361
CHL,CHILE,Fundings of start-ups,By technology,Other renewables,all,2011,24767.44141,USD,0.5
CHL,CHILE,Fundings of start-ups,By technology,Other renewables,all,2013,11966.29199,USD,0.25
CHL,CHILE,Fundings of start-ups,By technology,Other renewables,all,2014,47071.82422,USD,1
CHL,CHILE,Fundings of start-ups,By technology,Other renewables,all,2015,191229.2813,USD,0.25
CHL,CHILE,Fundings of start-ups,By technology,Other renewables,all,2017,2298530.5,USD,0.5
CHL,CHILE,Fundings of start-ups,By technology,Other renewables,all,2018,22353.90625,USD,0.5
CHL,CHILE,Fundings of start-ups,By technology,Other renewables,all,2019,815.0510254,USD,0.25
CHL,CHILE,Fundings of start-ups,By technology,Other renewables,all,2020,7960.605957,USD,0.75
CHL,CHILE,Fundings of start-ups,By technology,Other renewables,all,2021,1714975.875,USD,0.333333343
CHL,CHILE,Fundings of start-ups,By technology,Solar,all,2012,16136.36328,USD,0.333333343
CHL,CHILE,Fundings of start-ups,By technology,Solar,all,2013,35898.875,USD,0.75
CHL,CHILE,Fundings of start-ups,By technology,Solar,all,2015,191229.2813,USD,0.25
CHL,CHILE,Fundings of start-ups,By technology,Solar,all,2017,2265957.5,USD,0.25
CHL,CHILE,Fundings of start-ups,By technology,Solar,all,2021,1714975.875,USD,0.333333343
CHL,CHILE,Fundings of start-ups,By technology,Wind,all,2012,16136.36328,USD,0.333333343
CHL,CHILE,Fundings of start-ups,By technology,Wind,all,2013,11966.29199,USD,0.25
CHL,CHILE,Fundings of start-ups,By technology,Clean energy,Early stage,2011,49534.88281,USD,1
CHL,CHILE,Fundings of start-ups,By technology,Clean energy,Early stage,2012,96818.17969,USD,2
CHL,CHILE,Fundings of start-ups,By technology,Clean energy,Early stage,2013,47865.16797,USD,1
CHL,CHILE,Fundings of start-ups,By technology,Clean energy,Early stage,2014,141215.4688,USD,3
CHL,CHILE,Fundings of start-ups,By technology,Clean energy,Early stage,2015,764917.125,USD,1
CHL,CHILE,Fundings of start-ups,By technology,Clean energy,Early stage,2017,9760612,USD,3
CHL,CHILE,Fundings of start-ups,By technology,Clean energy,Early stage,2018,1254259.375,USD,3
CHL,CHILE,Fundings of start-ups,By technology,Clean energy,Early stage,2019,3260.204102,USD,1
CHL,CHILE,Fundings of start-ups,By technology,Clean energy,Early stage,2020,5410630.5,USD,4
CHL,CHILE,Fundings of start-ups,By technology,Clean energy,Early stage,2021,5350724.5,USD,2
CHL,CHILE,Probability to receive funding,By technology,Clean energy,Early stage,2021,40.625,Percentage,32
CHL,CHILE,Fundings of start-ups,By technology,Clean energy,Early stage,2022,1.668493152,Years,33
CHL,CHILE,Probability to receive funding,By technology,Electric mobility,Early stage,2016,100,Percentage,1
CHL,CHILE,Probability to receive funding,By technology,Electric mobility,Early stage,2017,100,Percentage,1
CHL,CHILE,Probability to receive funding,By technology,Electric mobility,Early stage,2018,100,Percentage,2
CHL,CHILE,Probability to receive funding,By technology,Electric mobility,Early stage,2019,100,Percentage,2
CHL,CHILE,Probability to receive funding,By technology,Electric mobility,Early stage,2020,100,Percentage,2
CHL,CHILE,Probability to receive funding,By technology,Electric mobility,Early stage,2021,100,Percentage,2
CHL,CHILE,Probability to receive funding,By technology,Energy efficiency,Early stage,2015,52.72727203,Percentage,9.166666985
CHL,CHILE,Probability to receive funding,By technology,Energy efficiency,Early stage,2016,56.52173996,Percentage,9.966666222
CHL,CHILE,Probability to receive funding,By technology,Energy efficiency,Early stage,2017,54.84727859,Percentage,12.55000019
CHL,CHILE,Probability to receive funding,By technology,Energy efficiency,Early stage,2018,54.55593872,Percentage,14.44999981
CHL,CHILE,Probability to receive funding,By technology,Energy efficiency,Early stage,2019,54.89186478,Percentage,16.18333244
CHL,CHILE,Probability to receive funding,By technology,Energy efficiency,Early stage,2020,51.69738007,Percentage,17.18333244
CHL,CHILE,Probability to receive funding,By technology,Energy efficiency,Early stage,2021,53.61663818,Percentage,18.43333244
CHL,CHILE,Fundings of start-ups,By technology,Energy efficiency,Early stage,2022,1.475972176,Years,18.43333244
CHL,CHILE,Probability to receive funding,By technology,Energy storage and batteries,Early stage,2021,0,Percentage,0.25
CHL,CHILE,Probability to receive funding,By technology,Fossil fuels,Early stage,2015,0,Percentage,0.833333313
CHL,CHILE,Probability to receive funding,By technology,Fossil fuels,Early stage,2016,0,Percentage,0.833333313
CHL,CHILE,Probability to receive funding,By technology,Fossil fuels,Early stage,2017,11.11111069,Percentage,2.25
CHL,CHILE,Probability to receive funding,By technology,Fossil fuels,Early stage,2018,10,Percentage,2.5
CHL,CHILE,Probability to receive funding,By technology,Fossil fuels,Early stage,2019,8.823529243,Percentage,2.833333254
CHL,CHILE,Probability to receive funding,By technology,Fossil fuels,Early stage,2020,8.823529243,Percentage,2.833333254
CHL,CHILE,Probability to receive funding,By technology,Fossil fuels,Early stage,2021,8.823529243,Percentage,2.833333254
CHL,CHILE,Fundings of start-ups,By technology,Fossil fuels,Early stage,2022,0.402739733,Years,2.833333254
CHL,CHILE,Probability to receive funding,By technology,Grid,Early stage,2015,10.34482765,Percentage,2.416666746
CHL,CHILE,Probability to receive funding,By technology,Grid,Early stage,2016,10.34482765,Percentage,2.416666746
CHL,CHILE,Probability to receive funding,By technology,Grid,Early stage,2017,10.34482765,Percentage,2.416666746
CHL,CHILE,Probability to receive funding,By technology,Grid,Early stage,2018,10.34482765,Percentage,2.416666746
CHL,CHILE,Probability to receive funding,By technology,Grid,Early stage,2019,10.34482765,Percentage,2.416666746
CHL,CHILE,Probability to receive funding,By technology,Grid,Early stage,2020,10.34482765,Percentage,2.416666746
CHL,CHILE,Probability to receive funding,By technology,Grid,Early stage,2021,10.34482765,Percentage,2.416666746
CHL,CHILE,Fundings of start-ups,By technology,Non-clean energy,Early stage,2012,48409.08984,USD,1
CHL,CHILE,Fundings of start-ups,By technology,Non-clean energy,Early stage,2013,47865.16797,USD,1
CHL,CHILE,Fundings of start-ups,By technology,Non-clean energy,Early stage,2014,47071.82422,USD,1
CHL,CHILE,Fundings of start-ups,By technology,Non-clean energy,Early stage,2018,1996875,USD,2
CHL,CHILE,Fundings of start-ups,By technology,Non-clean energy,Early stage,2019,190178.5781,USD,1
CHL,CHILE,Fundings of start-ups,By technology,Non-clean energy,Early stage,2020,2060075.75,USD,2
CHL,CHILE,Probability to receive funding,By technology,Non-clean energy,Early stage,2021,39.13043594,Percentage,23
CHL,CHILE,Fundings of start-ups,By technology,Non-clean energy,Early stage,2021,1028985.5,USD,1
CHL,CHILE,Fundings of start-ups,By technology,Non-clean energy,Early stage,2022,1500000,USD,1
CHL,CHILE,Fundings of start-ups,By technology,Non-clean energy,Early stage,2022,2.031164408,Years,23
CHL,CHILE,Probability to receive funding,By technology,Other energy,Early stage,2015,40.67796707,Percentage,9.833333015
CHL,CHILE,Probability to receive funding,By technology,Other energy,Early stage,2016,38.06646347,Percentage,11.03333378
CHL,CHILE,Probability to receive funding,By technology,Other energy,Early stage,2017,37.76520538,Percentage,11.78333378
CHL,CHILE,Probability to receive funding,By technology,Other energy,Early stage,2018,37.08010483,Percentage,12.89999962
CHL,CHILE,Probability to receive funding,By technology,Other energy,Early stage,2019,35.60794067,Percentage,13.4333334
CHL,CHILE,Probability to receive funding,By technology,Other energy,Early stage,2020,35.60794067,Percentage,13.4333334
CHL,CHILE,Probability to receive funding,By technology,Other energy,Early stage,2021,34.95737076,Percentage,13.6833334
CHL,CHILE,Fundings of start-ups,By technology,Other energy,Early stage,2022,2.902314901,Years,13.6833334
CHL,CHILE,Probability to receive funding,By technology,Other renewables,Early stage,2015,48.97959137,Percentage,4.083333492
CHL,CHILE,Probability to receive funding,By technology,Other renewables,Early stage,2016,43.63636398,Percentage,4.583333492
CHL,CHILE,Probability to receive funding,By technology,Other renewables,Early stage,2017,46.55172348,Percentage,4.833333492
CHL,CHILE,Probability to receive funding,By technology,Other renewables,Early stage,2018,43.78530884,Percentage,5.900000095
CHL,CHILE,Probability to receive funding,By technology,Other renewables,Early stage,2019,41.00529099,Percentage,6.300000191
CHL,CHILE,Probability to receive funding,By technology,Other renewables,Early stage,2020,41.00529099,Percentage,6.300000191
CHL,CHILE,Probability to receive funding,By technology,Other renewables,Early stage,2021,39.44020462,Percentage,6.550000191
CHL,CHILE,Fundings of start-ups,By technology,Other renewables,Early stage,2022,1.501193166,Years,6.550000191
CHL,CHILE,Probability to receive funding,By technology,Solar,Early stage,2015,64,Percentage,2.083333254
CHL,CHILE,Probability to receive funding,By technology,Solar,Early stage,2016,51.61290359,Percentage,2.583333254
CHL,CHILE,Probability to receive funding,By technology,Solar,Early stage,2017,51.61290359,Percentage,2.583333254
CHL,CHILE,Probability to receive funding,By technology,Solar,Early stage,2018,31.74603081,Percentage,5.25
CHL,CHILE,Probability to receive funding,By technology,Solar,Early stage,2019,31.74603081,Percentage,5.25
CHL,CHILE,Probability to receive funding,By technology,Solar,Early stage,2020,31.74603081,Percentage,5.25
CHL,CHILE,Probability to receive funding,By technology,Solar,Early stage,2021,31.74603081,Percentage,5.25
CHL,CHILE,Probability to receive funding,By technology,Wind,Early stage,2015,100,Percentage,0.583333313
CHL,CHILE,Probability to receive funding,By technology,Wind,Early stage,2016,100,Percentage,0.583333313
CHL,CHILE,Probability to receive funding,By technology,Wind,Early stage,2017,100,Percentage,0.583333313
CHL,CHILE,Probability to receive funding,By technology,Wind,Early stage,2018,100,Percentage,0.583333313
CHL,CHILE,Probability to receive funding,By technology,Wind,Early stage,2019,100,Percentage,0.583333313
CHL,CHILE,Probability to receive funding,By technology,Wind,Early stage,2020,100,Percentage,0.583333313
CHL,CHILE,Probability to receive funding,By technology,Wind,Early stage,2021,100,Percentage,0.583333313
CHL,CHILE,Probability to receive funding,By technology,Clean energy,Later stage,2021,6.25,Percentage,32
CHL,CHILE,Fundings of start-ups,By technology,Clean energy,Later stage,2022,3.816438437,Years,33
CHL,CHILE,Probability to receive funding,By technology,Electric mobility,Later stage,2016,0,Percentage,1
CHL,CHILE,Probability to receive funding,By technology,Electric mobility,Later stage,2017,0,Percentage,1
CHL,CHILE,Probability to receive funding,By technology,Electric mobility,Later stage,2018,0,Percentage,2
CHL,CHILE,Probability to receive funding,By technology,Electric mobility,Later stage,2019,0,Percentage,2
CHL,CHILE,Probability to receive funding,By technology,Electric mobility,Later stage,2020,0,Percentage,2
CHL,CHILE,Probability to receive funding,By technology,Electric mobility,Later stage,2021,0,Percentage,2
CHL,CHILE,Probability to receive funding,By technology,Energy efficiency,Later stage,2015,10.909091,Percentage,9.166666985
CHL,CHILE,Probability to receive funding,By technology,Energy efficiency,Later stage,2016,10.0334444,Percentage,9.966666222
CHL,CHILE,Probability to receive funding,By technology,Energy efficiency,Later stage,2017,7.968127728,Percentage,12.55000019
CHL,CHILE,Probability to receive funding,By technology,Energy efficiency,Later stage,2018,6.920415401,Percentage,14.44999981
CHL,CHILE,Probability to receive funding,By technology,Energy efficiency,Later stage,2019,8.238928795,Percentage,16.18333244
CHL,CHILE,Probability to receive funding,By technology,Energy efficiency,Later stage,2020,7.759456635,Percentage,17.18333244
CHL,CHILE,Probability to receive funding,By technology,Energy efficiency,Later stage,2021,7.233273029,Percentage,18.43333244
CHL,CHILE,Fundings of start-ups,By technology,Energy efficiency,Later stage,2022,3.934931517,Years,18.43333244
CHL,CHILE,Probability to receive funding,By technology,Energy storage and batteries,Later stage,2021,0,Percentage,0.25
CHL,CHILE,Probability to receive funding,By technology,Fossil fuels,Later stage,2015,0,Percentage,0.833333313
CHL,CHILE,Probability to receive funding,By technology,Fossil fuels,Later stage,2016,0,Percentage,0.833333313
CHL,CHILE,Probability to receive funding,By technology,Fossil fuels,Later stage,2017,0,Percentage,2.25
CHL,CHILE,Probability to receive funding,By technology,Fossil fuels,Later stage,2018,0,Percentage,2.5
CHL,CHILE,Probability to receive funding,By technology,Fossil fuels,Later stage,2019,11.76470566,Percentage,2.833333254
CHL,CHILE,Probability to receive funding,By technology,Fossil fuels,Later stage,2020,11.76470566,Percentage,2.833333254
CHL,CHILE,Probability to receive funding,By technology,Fossil fuels,Later stage,2021,11.76470566,Percentage,2.833333254
CHL,CHILE,Fundings of start-ups,By technology,Fossil fuels,Later stage,2022,3.263013601,Years,2.833333254
CHL,CHILE,Probability to receive funding,By technology,Grid,Later stage,2015,0,Percentage,2.416666746
CHL,CHILE,Probability to receive funding,By technology,Grid,Later stage,2016,0,Percentage,2.416666746
CHL,CHILE,Probability to receive funding,By technology,Grid,Later stage,2017,0,Percentage,2.416666746
CHL,CHILE,Probability to receive funding,By technology,Grid,Later stage,2018,0,Percentage,2.416666746
CHL,CHILE,Probability to receive funding,By technology,Grid,Later stage,2019,0,Percentage,2.416666746
CHL,CHILE,Probability to receive funding,By technology,Grid,Later stage,2020,0,Percentage,2.416666746
CHL,CHILE,Probability to receive funding,By technology,Grid,Later stage,2021,0,Percentage,2.416666746
CHL,CHILE,Probability to receive funding,By technology,Non-clean energy,Later stage,2021,4.347826004,Percentage,23
CHL,CHILE,Fundings of start-ups,By technology,Non-clean energy,Later stage,2022,4.158904076,Years,23
CHL,CHILE,Probability to receive funding,By technology,Other energy,Later stage,2015,0,Percentage,9.833333015
CHL,CHILE,Probability to receive funding,By technology,Other energy,Later stage,2016,4.531722069,Percentage,11.03333378
CHL,CHILE,Probability to receive funding,By technology,Other energy,Later stage,2017,4.243281364,Percentage,11.78333378
CHL,CHILE,Probability to receive funding,By technology,Other energy,Later stage,2018,3.875968933,Percentage,12.89999962
CHL,CHILE,Probability to receive funding,By technology,Other energy,Later stage,2019,6.203474045,Percentage,13.4333334
CHL,CHILE,Probability to receive funding,By technology,Other energy,Later stage,2020,6.203474045,Percentage,13.4333334
CHL,CHILE,Probability to receive funding,By technology,Other energy,Later stage,2021,6.090134144,Percentage,13.6833334
CHL,CHILE,Fundings of start-ups,By technology,Other energy,Later stage,2022,3.927123308,Years,13.6833334
CHL,CHILE,Probability to receive funding,By technology,Other renewables,Later stage,2015,0,Percentage,4.083333492
CHL,CHILE,Probability to receive funding,By technology,Other renewables,Later stage,2016,10.909091,Percentage,4.583333492
CHL,CHILE,Probability to receive funding,By technology,Other renewables,Later stage,2017,10.34482765,Percentage,4.833333492
CHL,CHILE,Probability to receive funding,By technology,Other renewables,Later stage,2018,8.474575996,Percentage,5.900000095
CHL,CHILE,Probability to receive funding,By technology,Other renewables,Later stage,2019,7.936507702,Percentage,6.300000191
CHL,CHILE,Probability to receive funding,By technology,Other renewables,Later stage,2020,7.936507702,Percentage,6.300000191
CHL,CHILE,Probability to receive funding,By technology,Other renewables,Later stage,2021,7.633587837,Percentage,6.550000191
CHL,CHILE,Fundings of start-ups,By technology,Other renewables,Later stage,2022,4.369863033,Years,6.550000191
CHL,CHILE,Probability to receive funding,By technology,Solar,Later stage,2015,0,Percentage,2.083333254
CHL,CHILE,Probability to receive funding,By technology,Solar,Later stage,2016,0,Percentage,2.583333254
CHL,CHILE,Probability to receive funding,By technology,Solar,Later stage,2017,0,Percentage,2.583333254
CHL,CHILE,Probability to receive funding,By technology,Solar,Later stage,2018,0,Percentage,5.25
CHL,CHILE,Probability to receive funding,By technology,Solar,Later stage,2019,0,Percentage,5.25
CHL,CHILE,Probability to receive funding,By technology,Solar,Later stage,2020,0,Percentage,5.25
CHL,CHILE,Probability to receive funding,By technology,Solar,Later stage,2021,0,Percentage,5.25
CHL,CHILE,Probability to receive funding,By technology,Wind,Later stage,2015,0,Percentage,0.583333313
CHL,CHILE,Probability to receive funding,By technology,Wind,Later stage,2016,0,Percentage,0.583333313
CHL,CHILE,Probability to receive funding,By technology,Wind,Later stage,2017,0,Percentage,0.583333313
CHL,CHILE,Probability to receive funding,By technology,Wind,Later stage,2018,0,Percentage,0.583333313
CHL,CHILE,Probability to receive funding,By technology,Wind,Later stage,2019,0,Percentage,0.583333313
CHL,CHILE,Probability to receive funding,By technology,Wind,Later stage,2020,0,Percentage,0.583333313
CHL,CHILE,Probability to receive funding,By technology,Wind,Later stage,2021,0,Percentage,0.583333313
MAC,"CHINA, MACAO SPECIAL ADMINISTRATIVE REGION",Probability to receive funding,"By sector (energy, green, digital)",Non-energy,Early stage,2021,0,Percentage,24
MAC,"CHINA, MACAO SPECIAL ADMINISTRATIVE REGION",Probability to receive funding,"By sector (energy, green, digital)",Non-energy,Later stage,2021,0,Percentage,24
COL,COLOMBIA,Fundings of start-ups,"By sector (energy, green, digital)",Energy,Early stage,2016,463043.4688,USD,1
COL,COLOMBIA,Fundings of start-ups,"By sector (energy, green, digital)",Energy,Early stage,2017,2609590,USD,2
COL,COLOMBIA,Fundings of start-ups,"By sector (energy, green, digital)",Energy,Early stage,2019,217346.9375,USD,1
COL,COLOMBIA,Fundings of start-ups,"By sector (energy, green, digital)",Energy,Early stage,2020,107575.7578,USD,1
COL,COLOMBIA,Probability to receive funding,"By sector (energy, green, digital)",Energy,Early stage,2021,19.04761887,Percentage,42
COL,COLOMBIA,Fundings of start-ups,"By sector (energy, green, digital)",Energy,Early stage,2021,9775362,USD,2
COL,COLOMBIA,Fundings of start-ups,"By sector (energy, green, digital)",Energy,Early stage,2022,1.819482446,Years,43
COL,COLOMBIA,Fundings of start-ups,"By sector (energy, green, digital)",Energy,Early stage,2022,1550000,USD,2
COL,COLOMBIA,Fundings of start-ups,"By sector (energy, green, digital)",Energy and digital,Early stage,2017,113297.875,USD,1
COL,COLOMBIA,Fundings of start-ups,"By sector (energy, green, digital)",Energy and digital,Early stage,2019,217346.9375,USD,1
COL,COLOMBIA,Fundings of start-ups,"By sector (energy, green, digital)",Energy and digital,Early stage,2020,107575.7578,USD,1
COL,COLOMBIA,Fundings of start-ups,"By sector (energy, green, digital)",Energy and digital,Early stage,2021,3601449.25,USD,1
COL,COLOMBIA,Probability to receive funding,"By sector (energy, green, digital)",Energy and digital,Early stage,2021,22.22222137,Percentage,18
COL,COLOMBIA,Fundings of start-ups,"By sector (energy, green, digital)",Energy and digital,Early stage,2022,0.509589016,Years,19
COL,COLOMBIA,Fundings of start-ups,"By sector (energy, green, digital)",Energy and non-digital,Early stage,2016,463043.4688,USD,1
COL,COLOMBIA,Fundings of start-ups,"By sector (energy, green, digital)",Energy and non-digital,Early stage,2017,2496292,USD,1
COL,COLOMBIA,Fundings of start-ups,"By sector (energy, green, digital)",Energy and non-digital,Early stage,2021,6173913,USD,1
COL,COLOMBIA,Probability to receive funding,"By sector (energy, green, digital)",Energy and non-digital,Early stage,2021,16.66666603,Percentage,24
COL,COLOMBIA,Fundings of start-ups,"By sector (energy, green, digital)",Energy and non-digital,Early stage,2022,1550000,USD,2
COL,COLOMBIA,Fundings of start-ups,"By sector (energy, green, digital)",Energy and non-digital,Early stage,2022,3.456849337,Years,24
COL,COLOMBIA,Fundings of start-ups,"By sector (energy, green, digital)",Non-energy,Early stage,2008,484090.9063,USD,2
COL,COLOMBIA,Fundings of start-ups,"By sector (energy, green, digital)",Non-energy,Early stage,2009,5714634,USD,2
COL,COLOMBIA,Fundings of start-ups,"By sector (energy, green, digital)",Non-energy,Early stage,2010,328428.1563,USD,3
COL,COLOMBIA,Fundings of start-ups,"By sector (energy, green, digital)",Non-energy,Early stage,2011,4023115.5,USD,9
COL,COLOMBIA,Fundings of start-ups,"By sector (energy, green, digital)",Non-energy,Early stage,2012,42882572,USD,21
COL,COLOMBIA,Fundings of start-ups,"By sector (energy, green, digital)",Non-energy,Early stage,2013,4104921.75,USD,14
COL,COLOMBIA,Fundings of start-ups,"By sector (energy, green, digital)",Non-energy,Early stage,2014,12099812,USD,18
COL,COLOMBIA,Fundings of start-ups,"By sector (energy, green, digital)",Non-energy,Early stage,2015,10494705,USD,18
COL,COLOMBIA,Fundings of start-ups,"By sector (energy, green, digital)",Non-energy,Early stage,2016,82762944,USD,23
COL,COLOMBIA,Fundings of start-ups,"By sector (energy, green, digital)",Non-energy,Early stage,2017,41563424,USD,34
COL,COLOMBIA,Fundings of start-ups,"By sector (energy, green, digital)",Non-energy,Early stage,2018,46949632,USD,33
COL,COLOMBIA,Fundings of start-ups,"By sector (energy, green, digital)",Non-energy,Early stage,2019,151476272,USD,54
COL,COLOMBIA,Fundings of start-ups,"By sector (energy, green, digital)",Non-energy,Early stage,2020,184323088,USD,44
COL,COLOMBIA,Probability to receive funding,"By sector (energy, green, digital)",Non-energy,Early stage,2021,15.2823925,Percentage,1806
COL,COLOMBIA,Fundings of start-ups,"By sector (energy, green, digital)",Non-energy,Early stage,2021,655716224,USD,79
COL,COLOMBIA,Fundings of start-ups,"By sector (energy, green, digital)",Non-energy,Early stage,2022,611260032,USD,33
COL,COLOMBIA,Fundings of start-ups,"By sector (energy, green, digital)",Non-energy,Early stage,2022,1.517239928,Years,1826
COL,COLOMBIA,Probability to receive funding,"By sector (energy, green, digital)",Energy,Later stage,2021,0,Percentage,42
COL,COLOMBIA,Probability to receive funding,"By sector (energy, green, digital)",Energy and digital,Later stage,2021,0,Percentage,18
COL,COLOMBIA,Probability to receive funding,"By sector (energy, green, digital)",Energy and non-digital,Later stage,2021,0,Percentage,24
COL,COLOMBIA,Fundings of start-ups,"By sector (energy, green, digital)",Non-energy,Later stage,2012,3267613.75,USD,1
COL,COLOMBIA,Fundings of start-ups,"By sector (energy, green, digital)",Non-energy,Later stage,2013,23932584,USD,1
COL,COLOMBIA,Fundings of start-ups,"By sector (energy, green, digital)",Non-energy,Later stage,2014,4012873,USD,2
COL,COLOMBIA,Fundings of start-ups,"By sector (energy, green, digital)",Non-energy,Later stage,2015,8834204,USD,4
COL,COLOMBIA,Fundings of start-ups,"By sector (energy, green, digital)",Non-energy,Later stage,2016,52092388,USD,3
COL,COLOMBIA,Fundings of start-ups,"By sector (energy, green, digital)",Non-energy,Later stage,2018,372822112,USD,4
COL,COLOMBIA,Fundings of start-ups,"By sector (energy, green, digital)",Non-energy,Later stage,2019,1094070144,USD,2
COL,COLOMBIA,Fundings of start-ups,"By sector (energy, green, digital)",Non-energy,Later stage,2020,335636352,USD,4
COL,COLOMBIA,Probability to receive funding,"By sector (energy, green, digital)",Non-energy,Later stage,2021,1.88261354,Percentage,1806
COL,COLOMBIA,Fundings of start-ups,"By sector (energy, green, digital)",Non-energy,Later stage,2021,817631552,USD,9
COL,COLOMBIA,Fundings of start-ups,"By sector (energy, green, digital)",Non-energy,Later stage,2022,4.527739525,Years,1826
COL,COLOMBIA,Fundings of start-ups,"By sector (energy, green, digital)",Non-energy,Later stage,2022,386630912,USD,6
COL,COLOMBIA,Fundings of start-ups,By technology,Electric mobility,all,2016,92608.69531,USD,0.200000003
COL,COLOMBIA,Fundings of start-ups,By technology,Electric mobility,all,2018,133125,USD,0.200000003
COL,COLOMBIA,Fundings of start-ups,By technology,Electric mobility,all,2021,1234782.625,USD,0.200000003
COL,COLOMBIA,Fundings of start-ups,By technology,Energy efficiency,all,2017,113297.875,USD,1
COL,COLOMBIA,Fundings of start-ups,By technology,Energy efficiency,all,2019,217346.9375,USD,1
COL,COLOMBIA,Fundings of start-ups,By technology,Energy efficiency,all,2022,516666.6563,USD,0.666666687
COL,COLOMBIA,Fundings of start-ups,By technology,Energy storage and batteries,all,2016,92608.69531,USD,0.200000003
COL,COLOMBIA,Fundings of start-ups,By technology,Energy storage and batteries,all,2018,133125,USD,0.200000003
COL,COLOMBIA,Fundings of start-ups,By technology,Energy storage and batteries,all,2021,1234782.625,USD,0.200000003
COL,COLOMBIA,Fundings of start-ups,By technology,Fossil fuels,all,2017,2496292,USD,1
COL,COLOMBIA,Fundings of start-ups,By technology,Other energy,all,2016,92608.69531,USD,0.200000003
COL,COLOMBIA,Fundings of start-ups,By technology,Other energy,all,2018,133125,USD,0.200000003
COL,COLOMBIA,Fundings of start-ups,By technology,Other energy,all,2020,107575.7578,USD,1
COL,COLOMBIA,Fundings of start-ups,By technology,Other energy,all,2021,4836232,USD,1.200000048
COL,COLOMBIA,Fundings of start-ups,By technology,Other energy,all,2022,516666.6563,USD,0.666666687
COL,COLOMBIA,Fundings of start-ups,By technology,Other renewables,all,2016,92608.69531,USD,0.200000003
COL,COLOMBIA,Fundings of start-ups,By technology,Other renewables,all,2018,133125,USD,0.200000003
COL,COLOMBIA,Fundings of start-ups,By technology,Other renewables,all,2021,1234782.625,USD,0.200000003
COL,COLOMBIA,Fundings of start-ups,By technology,Other renewables,all,2022,516666.6563,USD,0.666666687
COL,COLOMBIA,Fundings of start-ups,By technology,Solar,all,2016,92608.69531,USD,0.200000003
COL,COLOMBIA,Fundings of start-ups,By technology,Solar,all,2018,133125,USD,0.200000003
COL,COLOMBIA,Fundings of start-ups,By technology,Solar,all,2021,1234782.625,USD,0.200000003
COL,COLOMBIA,Probability to receive funding,By technology,Bioenergy,Early stage,2015,0,Percentage,1
COL,COLOMBIA,Probability to receive funding,By technology,Bioenergy,Early stage,2016,0,Percentage,1
COL,COLOMBIA,Probability to receive funding,By technology,Bioenergy,Early stage,2017,0,Percentage,1
COL,COLOMBIA,Probability to receive funding,By technology,Bioenergy,Early stage,2018,0,Percentage,1
COL,COLOMBIA,Probability to receive funding,By technology,Bioenergy,Early stage,2019,0,Percentage,1
COL,COLOMBIA,Probability to receive funding,By technology,Bioenergy,Early stage,2020,0,Percentage,1
COL,COLOMBIA,Probability to receive funding,By technology,Bioenergy,Early stage,2021,0,Percentage,1
COL,COLOMBIA,Fundings of start-ups,By technology,Clean energy,Early stage,2016,463043.4688,USD,1
COL,COLOMBIA,Probability to receive funding,By technology,Clean energy,Early stage,2021,17.64705849,Percentage,17
COL,COLOMBIA,Fundings of start-ups,By technology,Clean energy,Early stage,2021,6173913,USD,1
COL,COLOMBIA,Fundings of start-ups,By technology,Clean energy,Early stage,2022,1550000,USD,2
COL,COLOMBIA,Fundings of start-ups,By technology,Clean energy,Early stage,2022,1.680821896,Years,18
COL,COLOMBIA,Probability to receive funding,By technology,Electric mobility,Early stage,2015,100,Percentage,0.200000003
COL,COLOMBIA,Probability to receive funding,By technology,Electric mobility,Early stage,2016,100,Percentage,0.200000003
COL,COLOMBIA,Probability to receive funding,By technology,Electric mobility,Early stage,2017,100,Percentage,0.200000003
COL,COLOMBIA,Probability to receive funding,By technology,Electric mobility,Early stage,2018,100,Percentage,0.200000003
COL,COLOMBIA,Probability to receive funding,By technology,Electric mobility,Early stage,2019,100,Percentage,1.200000048
COL,COLOMBIA,Probability to receive funding,By technology,Electric mobility,Early stage,2020,100,Percentage,1.200000048
COL,COLOMBIA,Probability to receive funding,By technology,Electric mobility,Early stage,2021,100,Percentage,1.200000048
COL,COLOMBIA,Probability to receive funding,By technology,Energy efficiency,Early stage,2015,0,Percentage,7
COL,COLOMBIA,Probability to receive funding,By technology,Energy efficiency,Early stage,2016,0,Percentage,8
COL,COLOMBIA,Probability to receive funding,By technology,Energy efficiency,Early stage,2017,10,Percentage,10
COL,COLOMBIA,Probability to receive funding,By technology,Energy efficiency,Early stage,2018,9.090909004,Percentage,11
COL,COLOMBIA,Probability to receive funding,By technology,Energy efficiency,Early stage,2019,16,Percentage,12.5
COL,COLOMBIA,Probability to receive funding,By technology,Energy efficiency,Early stage,2020,18.18181801,Percentage,12.83333302
COL,COLOMBIA,Probability to receive funding,By technology,Energy efficiency,Early stage,2021,16.86746979,Percentage,13.83333302
COL,COLOMBIA,Probability to receive funding,By technology,Energy storage and batteries,Early stage,2015,37.5,Percentage,0.533333361
COL,COLOMBIA,Probability to receive funding,By technology,Energy storage and batteries,Early stage,2016,37.5,Percentage,0.533333361
COL,COLOMBIA,Probability to receive funding,By technology,Energy storage and batteries,Early stage,2017,37.5,Percentage,0.533333361
COL,COLOMBIA,Probability to receive funding,By technology,Energy storage and batteries,Early stage,2018,37.5,Percentage,0.533333361
COL,COLOMBIA,Probability to receive funding,By technology,Energy storage and batteries,Early stage,2019,37.5,Percentage,0.533333361
COL,COLOMBIA,Probability to receive funding,By technology,Energy storage and batteries,Early stage,2020,37.5,Percentage,0.533333361
COL,COLOMBIA,Probability to receive funding,By technology,Energy storage and batteries,Early stage,2021,37.5,Percentage,0.533333361
COL,COLOMBIA,Probability to receive funding,By technology,Fossil fuels,Early stage,2015,23.07692337,Percentage,4.333333492
COL,COLOMBIA,Probability to receive funding,By technology,Fossil fuels,Early stage,2016,18.75,Percentage,5.333333492
COL,COLOMBIA,Probability to receive funding,By technology,Fossil fuels,Early stage,2017,18.75,Percentage,5.333333492
COL,COLOMBIA,Probability to receive funding,By technology,Fossil fuels,Early stage,2018,18.75,Percentage,5.333333492
COL,COLOMBIA,Probability to receive funding,By technology,Fossil fuels,Early stage,2019,18.75,Percentage,5.333333492
COL,COLOMBIA,Probability to receive funding,By technology,Fossil fuels,Early stage,2020,31.57894707,Percentage,6.333333492
COL,COLOMBIA,Probability to receive funding,By technology,Fossil fuels,Early stage,2021,31.57894707,Percentage,6.333333492
COL,COLOMBIA,Probability to receive funding,By technology,Grid,Early stage,2015,0,Percentage,0.5
COL,COLOMBIA,Probability to receive funding,By technology,Grid,Early stage,2016,0,Percentage,0.5
COL,COLOMBIA,Probability to receive funding,By technology,Grid,Early stage,2017,0,Percentage,0.5
COL,COLOMBIA,Probability to receive funding,By technology,Grid,Early stage,2018,0,Percentage,0.5
COL,COLOMBIA,Probability to receive funding,By technology,Grid,Early stage,2019,0,Percentage,0.5
COL,COLOMBIA,Probability to receive funding,By technology,Grid,Early stage,2020,0,Percentage,0.5
COL,COLOMBIA,Probability to receive funding,By technology,Grid,Early stage,2021,0,Percentage,0.5
COL,COLOMBIA,Fundings of start-ups,By technology,Non-clean energy,Early stage,2017,2609590,USD,2
COL,COLOMBIA,Fundings of start-ups,By technology,Non-clean energy,Early stage,2019,217346.9375,USD,1
COL,COLOMBIA,Fundings of start-ups,By technology,Non-clean energy,Early stage,2020,107575.7578,USD,1
COL,COLOMBIA,Fundings of start-ups,By technology,Non-clean energy,Early stage,2021,3601449.25,USD,1
COL,COLOMBIA,Probability to receive funding,By technology,Non-clean energy,Early stage,2021,20,Percentage,25
COL,COLOMBIA,Fundings of start-ups,By technology,Non-clean energy,Early stage,2022,1.930410981,Years,25
COL,COLOMBIA,Probability to receive funding,By technology,Other energy,Early stage,2015,3.973510027,Percentage,5.033333302
COL,COLOMBIA,Probability to receive funding,By technology,Other energy,Early stage,2016,3.973510027,Percentage,5.033333302
COL,COLOMBIA,Probability to receive funding,By technology,Other energy,Early stage,2017,3.409090996,Percentage,5.866666794
COL,COLOMBIA,Probability to receive funding,By technology,Other energy,Early stage,2018,3.225806475,Percentage,6.199999809
COL,COLOMBIA,Probability to receive funding,By technology,Other energy,Early stage,2019,13.79310322,Percentage,8.699999809
COL,COLOMBIA,Probability to receive funding,By technology,Other energy,Early stage,2020,16.97417068,Percentage,9.033333778
COL,COLOMBIA,Probability to receive funding,By technology,Other energy,Early stage,2021,16.97417068,Percentage,9.033333778
COL,COLOMBIA,Probability to receive funding,By technology,Other renewables,Early stage,2015,16.66666603,Percentage,1.200000048
COL,COLOMBIA,Probability to receive funding,By technology,Other renewables,Early stage,2016,9.090909004,Percentage,2.200000048
COL,COLOMBIA,Probability to receive funding,By technology,Other renewables,Early stage,2017,5.940594196,Percentage,3.366666555
COL,COLOMBIA,Probability to receive funding,By technology,Other renewables,Early stage,2018,5.405405521,Percentage,3.700000048
COL,COLOMBIA,Probability to receive funding,By technology,Other renewables,Early stage,2019,5.405405521,Percentage,3.700000048
COL,COLOMBIA,Probability to receive funding,By technology,Other renewables,Early stage,2020,13.22314072,Percentage,4.033333302
COL,COLOMBIA,Probability to receive funding,By technology,Other renewables,Early stage,2021,13.22314072,Percentage,4.033333302
COL,COLOMBIA,Probability to receive funding,By technology,Solar,Early stage,2015,6.25,Percentage,3.200000048
COL,COLOMBIA,Probability to receive funding,By technology,Solar,Early stage,2016,6.25,Percentage,3.200000048
COL,COLOMBIA,Probability to receive funding,By technology,Solar,Early stage,2017,6.25,Percentage,3.200000048
COL,COLOMBIA,Probability to receive funding,By technology,Solar,Early stage,2018,5.660377502,Percentage,3.533333302
COL,COLOMBIA,Probability to receive funding,By technology,Solar,Early stage,2019,5.660377502,Percentage,3.533333302
COL,COLOMBIA,Probability to receive funding,By technology,Solar,Early stage,2020,5.660377502,Percentage,3.533333302
COL,COLOMBIA,Probability to receive funding,By technology,Solar,Early stage,2021,5.660377502,Percentage,3.533333302
COL,COLOMBIA,Probability to receive funding,By technology,Bioenergy,Later stage,2015,0,Percentage,1
COL,COLOMBIA,Probability to receive funding,By technology,Bioenergy,Later stage,2016,0,Percentage,1
COL,COLOMBIA,Probability to receive funding,By technology,Bioenergy,Later stage,2017,0,Percentage,1
COL,COLOMBIA,Probability to receive funding,By technology,Bioenergy,Later stage,2018,0,Percentage,1
COL,COLOMBIA,Probability to receive funding,By technology,Bioenergy,Later stage,2019,0,Percentage,1
COL,COLOMBIA,Probability to receive funding,By technology,Bioenergy,Later stage,2020,0,Percentage,1
COL,COLOMBIA,Probability to receive funding,By technology,Bioenergy,Later stage,2021,0,Percentage,1
COL,COLOMBIA,Probability to receive funding,By technology,Clean energy,Later stage,2021,0,Percentage,17
COL,COLOMBIA,Probability to receive funding,By technology,Electric mobility,Later stage,2015,0,Percentage,0.200000003
COL,COLOMBIA,Probability to receive funding,By technology,Electric mobility,Later stage,2016,0,Percentage,0.200000003
COL,COLOMBIA,Probability to receive funding,By technology,Electric mobility,Later stage,2017,0,Percentage,0.200000003
COL,COLOMBIA,Probability to receive funding,By technology,Electric mobility,Later stage,2018,0,Percentage,0.200000003
COL,COLOMBIA,Probability to receive funding,By technology,Electric mobility,Later stage,2019,0,Percentage,1.200000048
COL,COLOMBIA,Probability to receive funding,By technology,Electric mobility,Later stage,2020,0,Percentage,1.200000048
COL,COLOMBIA,Probability to receive funding,By technology,Electric mobility,Later stage,2021,0,Percentage,1.200000048
COL,COLOMBIA,Probability to receive funding,By technology,Energy efficiency,Later stage,2015,0,Percentage,7
COL,COLOMBIA,Probability to receive funding,By technology,Energy efficiency,Later stage,2016,0,Percentage,8
COL,COLOMBIA,Probability to receive funding,By technology,Energy efficiency,Later stage,2017,0,Percentage,10
COL,COLOMBIA,Probability to receive funding,By technology,Energy efficiency,Later stage,2018,0,Percentage,11
COL,COLOMBIA,Probability to receive funding,By technology,Energy efficiency,Later stage,2019,0,Percentage,12.5
COL,COLOMBIA,Probability to receive funding,By technology,Energy efficiency,Later stage,2020,0,Percentage,12.83333302
COL,COLOMBIA,Probability to receive funding,By technology,Energy efficiency,Later stage,2021,0,Percentage,13.83333302
COL,COLOMBIA,Probability to receive funding,By technology,Energy storage and batteries,Later stage,2015,0,Percentage,0.533333361
COL,COLOMBIA,Probability to receive funding,By technology,Energy storage and batteries,Later stage,2016,0,Percentage,0.533333361
COL,COLOMBIA,Probability to receive funding,By technology,Energy storage and batteries,Later stage,2017,0,Percentage,0.533333361
COL,COLOMBIA,Probability to receive funding,By technology,Energy storage and batteries,Later stage,2018,0,Percentage,0.533333361
COL,COLOMBIA,Probability to receive funding,By technology,Energy storage and batteries,Later stage,2019,0,Percentage,0.533333361
COL,COLOMBIA,Probability to receive funding,By technology,Energy storage and batteries,Later stage,2020,0,Percentage,0.533333361
COL,COLOMBIA,Probability to receive funding,By technology,Energy storage and batteries,Later stage,2021,0,Percentage,0.533333361
COL,COLOMBIA,Probability to receive funding,By technology,Fossil fuels,Later stage,2015,0,Percentage,4.333333492
COL,COLOMBIA,Probability to receive funding,By technology,Fossil fuels,Later stage,2016,0,Percentage,5.333333492
COL,COLOMBIA,Probability to receive funding,By technology,Fossil fuels,Later stage,2017,0,Percentage,5.333333492
COL,COLOMBIA,Probability to receive funding,By technology,Fossil fuels,Later stage,2018,0,Percentage,5.333333492
COL,COLOMBIA,Probability to receive funding,By technology,Fossil fuels,Later stage,2019,0,Percentage,5.333333492
COL,COLOMBIA,Probability to receive funding,By technology,Fossil fuels,Later stage,2020,0,Percentage,6.333333492
COL,COLOMBIA,Probability to receive funding,By technology,Fossil fuels,Later stage,2021,0,Percentage,6.333333492
COL,COLOMBIA,Probability to receive funding,By technology,Grid,Later stage,2015,0,Percentage,0.5
COL,COLOMBIA,Probability to receive funding,By technology,Grid,Later stage,2016,0,Percentage,0.5
COL,COLOMBIA,Probability to receive funding,By technology,Grid,Later stage,2017,0,Percentage,0.5
COL,COLOMBIA,Probability to receive funding,By technology,Grid,Later stage,2018,0,Percentage,0.5
COL,COLOMBIA,Probability to receive funding,By technology,Grid,Later stage,2019,0,Percentage,0.5
COL,COLOMBIA,Probability to receive funding,By technology,Grid,Later stage,2020,0,Percentage,0.5
COL,COLOMBIA,Probability to receive funding,By technology,Grid,Later stage,2021,0,Percentage,0.5
COL,COLOMBIA,Probability to receive funding,By technology,Non-clean energy,Later stage,2021,0,Percentage,25
COL,COLOMBIA,Probability to receive funding,By technology,Other energy,Later stage,2015,0,Percentage,5.033333302
COL,COLOMBIA,Probability to receive funding,By technology,Other energy,Later stage,2016,0,Percentage,5.033333302
COL,COLOMBIA,Probability to receive funding,By technology,Other energy,Later stage,2017,0,Percentage,5.866666794
COL,COLOMBIA,Probability to receive funding,By technology,Other energy,Later stage,2018,0,Percentage,6.199999809
COL,COLOMBIA,Probability to receive funding,By technology,Other energy,Later stage,2019,0,Percentage,8.699999809
COL,COLOMBIA,Probability to receive funding,By technology,Other energy,Later stage,2020,0,Percentage,9.033333778
COL,COLOMBIA,Probability to receive funding,By technology,Other energy,Later stage,2021,0,Percentage,9.033333778
COL,COLOMBIA,Probability to receive funding,By technology,Other renewables,Later stage,2015,0,Percentage,1.200000048
COL,COLOMBIA,Probability to receive funding,By technology,Other renewables,Later stage,2016,0,Percentage,2.200000048
COL,COLOMBIA,Probability to receive funding,By technology,Other renewables,Later stage,2017,0,Percentage,3.366666555
COL,COLOMBIA,Probability to receive funding,By technology,Other renewables,Later stage,2018,0,Percentage,3.700000048
COL,COLOMBIA,Probability to receive funding,By technology,Other renewables,Later stage,2019,0,Percentage,3.700000048
COL,COLOMBIA,Probability to receive funding,By technology,Other renewables,Later stage,2020,0,Percentage,4.033333302
COL,COLOMBIA,Probability to receive funding,By technology,Other renewables,Later stage,2021,0,Percentage,4.033333302
COL,COLOMBIA,Probability to receive funding,By technology,Solar,Later stage,2015,0,Percentage,3.200000048
COL,COLOMBIA,Probability to receive funding,By technology,Solar,Later stage,2016,0,Percentage,3.200000048
COL,COLOMBIA,Probability to receive funding,By technology,Solar,Later stage,2017,0,Percentage,3.200000048
COL,COLOMBIA,Probability to receive funding,By technology,Solar,Later stage,2018,0,Percentage,3.533333302
COL,COLOMBIA,Probability to receive funding,By technology,Solar,Later stage,2019,0,Percentage,3.533333302
COL,COLOMBIA,Probability to receive funding,By technology,Solar,Later stage,2020,0,Percentage,3.533333302
COL,COLOMBIA,Probability to receive funding,By technology,Solar,Later stage,2021,0,Percentage,3.533333302
COM,COMOROS,Probability to receive funding,"By sector (energy, green, digital)",Non-energy,Early stage,2021,0,Percentage,2
COM,COMOROS,Probability to receive funding,"By sector (energy, green, digital)",Non-energy,Later stage,2021,0,Percentage,2
COK,COOK ISLANDS,Probability to receive funding,"By sector (energy, green, digital)",Non-energy,Early stage,2021,0,Percentage,2
COK,COOK ISLANDS,Probability to receive funding,"By sector (energy, green, digital)",Non-energy,Later stage,2021,0,Percentage,2
CRI,COSTA RICA,Probability to receive funding,"By sector (energy, green, digital)",Energy,Early stage,2021,14.28571415,Percentage,7
CRI,COSTA RICA,Fundings of start-ups,"By sector (energy, green, digital)",Energy,Early stage,2022,5000000,USD,1
CRI,COSTA RICA,Fundings of start-ups,"By sector (energy, green, digital)",Energy,Early stage,2022,13.76164341,Years,7
CRI,COSTA RICA,Probability to receive funding,"By sector (energy, green, digital)",Energy and digital,Early stage,2021,0,Percentage,1
CRI,COSTA RICA,Probability to receive funding,"By sector (energy, green, digital)",Energy and non-digital,Early stage,2021,16.66666603,Percentage,6
CRI,COSTA RICA,Fundings of start-ups,"By sector (energy, green, digital)",Energy and non-digital,Early stage,2022,5000000,USD,1
CRI,COSTA RICA,Fundings of start-ups,"By sector (energy, green, digital)",Energy and non-digital,Early stage,2022,13.76164341,Years,6
CRI,COSTA RICA,Fundings of start-ups,"By sector (energy, green, digital)",Non-energy,Early stage,2005,71476.50781,USD,1
CRI,COSTA RICA,Fundings of start-ups,"By sector (energy, green, digital)",Non-energy,Early stage,2006,85753.25,USD,1
CRI,COSTA RICA,Fundings of start-ups,"By sector (energy, green, digital)",Non-energy,Early stage,2009,454573.1563,USD,1
CRI,COSTA RICA,Fundings of start-ups,"By sector (energy, green, digital)",Non-energy,Early stage,2011,182040.7031,USD,1
CRI,COSTA RICA,Fundings of start-ups,"By sector (energy, green, digital)",Non-energy,Early stage,2013,2135983.25,USD,4
CRI,COSTA RICA,Fundings of start-ups,"By sector (energy, green, digital)",Non-energy,Early stage,2014,13109503,USD,6
CRI,COSTA RICA,Fundings of start-ups,"By sector (energy, green, digital)",Non-energy,Early stage,2015,588397.8125,USD,1
CRI,COSTA RICA,Fundings of start-ups,"By sector (energy, green, digital)",Non-energy,Early stage,2016,1308097.875,USD,3
CRI,COSTA RICA,Fundings of start-ups,"By sector (energy, green, digital)",Non-energy,Early stage,2017,1132978.75,USD,3
CRI,COSTA RICA,Fundings of start-ups,"By sector (energy, green, digital)",Non-energy,Early stage,2018,3106250,USD,2
CRI,COSTA RICA,Fundings of start-ups,"By sector (energy, green, digital)",Non-energy,Early stage,2019,1630102,USD,1
CRI,COSTA RICA,Fundings of start-ups,"By sector (energy, green, digital)",Non-energy,Early stage,2020,430303.0313,USD,1
CRI,COSTA RICA,Fundings of start-ups,"By sector (energy, green, digital)",Non-energy,Early stage,2021,3704347.75,USD,3
CRI,COSTA RICA,Probability to receive funding,"By sector (energy, green, digital)",Non-energy,Early stage,2021,8.101265907,Percentage,395
CRI,COSTA RICA,Fundings of start-ups,"By sector (energy, green, digital)",Non-energy,Early stage,2022,3600000,USD,1
CRI,COSTA RICA,Fundings of start-ups,"By sector (energy, green, digital)",Non-energy,Early stage,2022,2.254462481,Years,397
CRI,COSTA RICA,Probability to receive funding,"By sector (energy, green, digital)",Energy,Later stage,2021,0,Percentage,7
CRI,COSTA RICA,Probability to receive funding,"By sector (energy, green, digital)",Energy and digital,Later stage,2021,0,Percentage,1
CRI,COSTA RICA,Probability to receive funding,"By sector (energy, green, digital)",Energy and non-digital,Later stage,2021,0,Percentage,6
CRI,COSTA RICA,Fundings of start-ups,"By sector (energy, green, digital)",Non-energy,Later stage,2016,185217.3906,USD,1
CRI,COSTA RICA,Fundings of start-ups,"By sector (energy, green, digital)",Non-energy,Later stage,2017,538164.875,USD,1
CRI,COSTA RICA,Probability to receive funding,"By sector (energy, green, digital)",Non-energy,Later stage,2021,0.759493649,Percentage,395
CRI,COSTA RICA,Fundings of start-ups,"By sector (energy, green, digital)",Non-energy,Later stage,2022,3.548858404,Years,397
CRI,COSTA RICA,Probability to receive funding,By technology,Clean energy,Early stage,2021,20,Percentage,5
CRI,COSTA RICA,Fundings of start-ups,By technology,Clean energy,Early stage,2022,5000000,USD,1
CRI,COSTA RICA,Fundings of start-ups,By technology,Clean energy,Early stage,2022,13.76164341,Years,5
CRI,COSTA RICA,Probability to receive funding,By technology,Energy efficiency,Early stage,2015,0,Percentage,0.25
CRI,COSTA RICA,Probability to receive funding,By technology,Energy efficiency,Early stage,2016,0,Percentage,0.25
CRI,COSTA RICA,Probability to receive funding,By technology,Energy efficiency,Early stage,2017,0,Percentage,0.25
CRI,COSTA RICA,Probability to receive funding,By technology,Energy efficiency,Early stage,2018,0,Percentage,0.25
CRI,COSTA RICA,Probability to receive funding,By technology,Energy efficiency,Early stage,2019,0,Percentage,0.25
CRI,COSTA RICA,Probability to receive funding,By technology,Energy efficiency,Early stage,2020,0,Percentage,0.25
CRI,COSTA RICA,Probability to receive funding,By technology,Energy efficiency,Early stage,2021,0,Percentage,0.25
CRI,COSTA RICA,Probability to receive funding,By technology,Fossil fuels,Early stage,2015,0,Percentage,1.5
CRI,COSTA RICA,Probability to receive funding,By technology,Fossil fuels,Early stage,2016,0,Percentage,1.5
CRI,COSTA RICA,Probability to receive funding,By technology,Fossil fuels,Early stage,2017,0,Percentage,1.5
CRI,COSTA RICA,Probability to receive funding,By technology,Fossil fuels,Early stage,2018,0,Percentage,1.5
CRI,COSTA RICA,Probability to receive funding,By technology,Fossil fuels,Early stage,2019,0,Percentage,1.5
CRI,COSTA RICA,Probability to receive funding,By technology,Fossil fuels,Early stage,2020,0,Percentage,1.5
CRI,COSTA RICA,Probability to receive funding,By technology,Fossil fuels,Early stage,2021,0,Percentage,1.5
CRI,COSTA RICA,Probability to receive funding,By technology,Hydrogen and fuel cells,Early stage,2021,0,Percentage,0.333333343
CRI,COSTA RICA,Probability to receive funding,By technology,Non-clean energy,Early stage,2021,0,Percentage,2
CRI,COSTA RICA,Probability to receive funding,By technology,Other energy,Early stage,2015,0,Percentage,1.75
CRI,COSTA RICA,Probability to receive funding,By technology,Other energy,Early stage,2016,0,Percentage,1.75
CRI,COSTA RICA,Probability to receive funding,By technology,Other energy,Early stage,2017,0,Percentage,2.75
CRI,COSTA RICA,Probability to receive funding,By technology,Other energy,Early stage,2018,0,Percentage,2.75
CRI,COSTA RICA,Probability to receive funding,By technology,Other energy,Early stage,2019,0,Percentage,2.75
CRI,COSTA RICA,Probability to receive funding,By technology,Other energy,Early stage,2020,0,Percentage,2.75
CRI,COSTA RICA,Probability to receive funding,By technology,Other energy,Early stage,2021,0,Percentage,3.083333254
CRI,COSTA RICA,Probability to receive funding,By technology,Other renewables,Early stage,2015,0,Percentage,0.25
CRI,COSTA RICA,Probability to receive funding,By technology,Other renewables,Early stage,2016,0,Percentage,0.25
CRI,COSTA RICA,Probability to receive funding,By technology,Other renewables,Early stage,2017,0,Percentage,0.25
CRI,COSTA RICA,Probability to receive funding,By technology,Other renewables,Early stage,2018,0,Percentage,0.25
CRI,COSTA RICA,Probability to receive funding,By technology,Other renewables,Early stage,2019,0,Percentage,0.25
CRI,COSTA RICA,Probability to receive funding,By technology,Other renewables,Early stage,2020,0,Percentage,0.25
CRI,COSTA RICA,Probability to receive funding,By technology,Other renewables,Early stage,2021,0,Percentage,0.583333313
CRI,COSTA RICA,Probability to receive funding,By technology,Solar,Early stage,2015,0,Percentage,0.25
CRI,COSTA RICA,Probability to receive funding,By technology,Solar,Early stage,2016,0,Percentage,0.25
CRI,COSTA RICA,Probability to receive funding,By technology,Solar,Early stage,2017,0,Percentage,0.25
CRI,COSTA RICA,Probability to receive funding,By technology,Solar,Early stage,2018,0,Percentage,0.25
CRI,COSTA RICA,Probability to receive funding,By technology,Solar,Early stage,2019,0,Percentage,0.25
CRI,COSTA RICA,Probability to receive funding,By technology,Solar,Early stage,2020,0,Percentage,0.25
CRI,COSTA RICA,Probability to receive funding,By technology,Solar,Early stage,2021,0,Percentage,0.25
CRI,COSTA RICA,Probability to receive funding,By technology,Clean energy,Later stage,2021,0,Percentage,5
CRI,COSTA RICA,Probability to receive funding,By technology,Energy efficiency,Later stage,2015,0,Percentage,0.25
CRI,COSTA RICA,Probability to receive funding,By technology,Energy efficiency,Later stage,2016,0,Percentage,0.25
CRI,COSTA RICA,Probability to receive funding,By technology,Energy efficiency,Later stage,2017,0,Percentage,0.25
CRI,COSTA RICA,Probability to receive funding,By technology,Energy efficiency,Later stage,2018,0,Percentage,0.25
CRI,COSTA RICA,Probability to receive funding,By technology,Energy efficiency,Later stage,2019,0,Percentage,0.25
CRI,COSTA RICA,Probability to receive funding,By technology,Energy efficiency,Later stage,2020,0,Percentage,0.25
CRI,COSTA RICA,Probability to receive funding,By technology,Energy efficiency,Later stage,2021,0,Percentage,0.25
CRI,COSTA RICA,Probability to receive funding,By technology,Fossil fuels,Later stage,2015,0,Percentage,1.5
CRI,COSTA RICA,Probability to receive funding,By technology,Fossil fuels,Later stage,2016,0,Percentage,1.5
CRI,COSTA RICA,Probability to receive funding,By technology,Fossil fuels,Later stage,2017,0,Percentage,1.5
CRI,COSTA RICA,Probability to receive funding,By technology,Fossil fuels,Later stage,2018,0,Percentage,1.5
CRI,COSTA RICA,Probability to receive funding,By technology,Fossil fuels,Later stage,2019,0,Percentage,1.5
CRI,COSTA RICA,Probability to receive funding,By technology,Fossil fuels,Later stage,2020,0,Percentage,1.5
CRI,COSTA RICA,Probability to receive funding,By technology,Fossil fuels,Later stage,2021,0,Percentage,1.5
CRI,COSTA RICA,Probability to receive funding,By technology,Hydrogen and fuel cells,Later stage,2021,0,Percentage,0.333333343
CRI,COSTA RICA,Probability to receive funding,By technology,Non-clean energy,Later stage,2021,0,Percentage,2
CRI,COSTA RICA,Probability to receive funding,By technology,Other energy,Later stage,2015,0,Percentage,1.75
CRI,COSTA RICA,Probability to receive funding,By technology,Other energy,Later stage,2016,0,Percentage,1.75
CRI,COSTA RICA,Probability to receive funding,By technology,Other energy,Later stage,2017,0,Percentage,2.75
CRI,COSTA RICA,Probability to receive funding,By technology,Other energy,Later stage,2018,0,Percentage,2.75
CRI,COSTA RICA,Probability to receive funding,By technology,Other energy,Later stage,2019,0,Percentage,2.75
CRI,COSTA RICA,Probability to receive funding,By technology,Other energy,Later stage,2020,0,Percentage,2.75
CRI,COSTA RICA,Probability to receive funding,By technology,Other energy,Later stage,2021,0,Percentage,3.083333254
CRI,COSTA RICA,Probability to receive funding,By technology,Other renewables,Later stage,2015,0,Percentage,0.25
CRI,COSTA RICA,Probability to receive funding,By technology,Other renewables,Later stage,2016,0,Percentage,0.25
CRI,COSTA RICA,Probability to receive funding,By technology,Other renewables,Later stage,2017,0,Percentage,0.25
CRI,COSTA RICA,Probability to receive funding,By technology,Other renewables,Later stage,2018,0,Percentage,0.25
CRI,COSTA RICA,Probability to receive funding,By technology,Other renewables,Later stage,2019,0,Percentage,0.25
CRI,COSTA RICA,Probability to receive funding,By technology,Other renewables,Later stage,2020,0,Percentage,0.25
CRI,COSTA RICA,Probability to receive funding,By technology,Other renewables,Later stage,2021,0,Percentage,0.583333313
CRI,COSTA RICA,Probability to receive funding,By technology,Solar,Later stage,2015,0,Percentage,0.25
CRI,COSTA RICA,Probability to receive funding,By technology,Solar,Later stage,2016,0,Percentage,0.25
CRI,COSTA RICA,Probability to receive funding,By technology,Solar,Later stage,2017,0,Percentage,0.25
CRI,COSTA RICA,Probability to receive funding,By technology,Solar,Later stage,2018,0,Percentage,0.25
CRI,COSTA RICA,Probability to receive funding,By technology,Solar,Later stage,2019,0,Percentage,0.25
CRI,COSTA RICA,Probability to receive funding,By technology,Solar,Later stage,2020,0,Percentage,0.25
CRI,COSTA RICA,Probability to receive funding,By technology,Solar,Later stage,2021,0,Percentage,0.25
CIV,COTE D'IVOIRE,Probability to receive funding,"By sector (energy, green, digital)",Energy,Early stage,2021,0,Percentage,2
CIV,COTE D'IVOIRE,Probability to receive funding,"By sector (energy, green, digital)",Energy and digital,Early stage,2021,0,Percentage,1
CIV,COTE D'IVOIRE,Probability to receive funding,"By sector (energy, green, digital)",Energy and non-digital,Early stage,2021,0,Percentage,1
CIV,COTE D'IVOIRE,Fundings of start-ups,"By sector (energy, green, digital)",Non-energy,Early stage,2014,155337.0156,USD,3
CIV,COTE D'IVOIRE,Fundings of start-ups,"By sector (energy, green, digital)",Non-energy,Early stage,2016,505875,USD,1
CIV,COTE D'IVOIRE,Fundings of start-ups,"By sector (energy, green, digital)",Non-energy,Early stage,2017,239825.5313,USD,1
CIV,COTE D'IVOIRE,Fundings of start-ups,"By sector (energy, green, digital)",Non-energy,Early stage,2018,628554.125,USD,4
CIV,COTE D'IVOIRE,Fundings of start-ups,"By sector (energy, green, digital)",Non-energy,Early stage,2019,624872.4375,USD,2
CIV,COTE D'IVOIRE,Fundings of start-ups,"By sector (energy, green, digital)",Non-energy,Early stage,2020,2236973.25,USD,3
CIV,COTE D'IVOIRE,Fundings of start-ups,"By sector (energy, green, digital)",Non-energy,Early stage,2021,7230202.5,USD,5
CIV,COTE D'IVOIRE,Probability to receive funding,"By sector (energy, green, digital)",Non-energy,Early stage,2021,13.8613863,Percentage,101
CIV,COTE D'IVOIRE,Fundings of start-ups,"By sector (energy, green, digital)",Non-energy,Early stage,2022,6468041,USD,2
CIV,COTE D'IVOIRE,Fundings of start-ups,"By sector (energy, green, digital)",Non-energy,Early stage,2022,2.233855247,Years,103
CIV,COTE D'IVOIRE,Probability to receive funding,"By sector (energy, green, digital)",Energy,Later stage,2021,0,Percentage,2
CIV,COTE D'IVOIRE,Probability to receive funding,"By sector (energy, green, digital)",Energy and digital,Later stage,2021,0,Percentage,1
CIV,COTE D'IVOIRE,Probability to receive funding,"By sector (energy, green, digital)",Energy and non-digital,Later stage,2021,0,Percentage,1
CIV,COTE D'IVOIRE,Probability to receive funding,"By sector (energy, green, digital)",Non-energy,Later stage,2021,1.980198026,Percentage,101
CIV,COTE D'IVOIRE,Fundings of start-ups,"By sector (energy, green, digital)",Non-energy,Later stage,2022,0.276712328,Years,103
CIV,COTE D'IVOIRE,Probability to receive funding,By technology,Clean energy,Early stage,2021,0,Percentage,1
CIV,COTE D'IVOIRE,Probability to receive funding,By technology,Non-clean energy,Early stage,2021,0,Percentage,1
CIV,COTE D'IVOIRE,Probability to receive funding,By technology,Other energy,Early stage,2015,0,Percentage,1
CIV,COTE D'IVOIRE,Probability to receive funding,By technology,Other energy,Early stage,2016,0,Percentage,1
CIV,COTE D'IVOIRE,Probability to receive funding,By technology,Other energy,Early stage,2017,0,Percentage,1
CIV,COTE D'IVOIRE,Probability to receive funding,By technology,Other energy,Early stage,2018,0,Percentage,1
CIV,COTE D'IVOIRE,Probability to receive funding,By technology,Other energy,Early stage,2019,0,Percentage,1
CIV,COTE D'IVOIRE,Probability to receive funding,By technology,Other energy,Early stage,2020,0,Percentage,1
CIV,COTE D'IVOIRE,Probability to receive funding,By technology,Other energy,Early stage,2021,0,Percentage,1
CIV,COTE D'IVOIRE,Probability to receive funding,By technology,Other renewables,Early stage,2016,0,Percentage,1
CIV,COTE D'IVOIRE,Probability to receive funding,By technology,Other renewables,Early stage,2017,0,Percentage,1
CIV,COTE D'IVOIRE,Probability to receive funding,By technology,Other renewables,Early stage,2018,0,Percentage,1
CIV,COTE D'IVOIRE,Probability to receive funding,By technology,Other renewables,Early stage,2019,0,Percentage,1
CIV,COTE D'IVOIRE,Probability to receive funding,By technology,Other renewables,Early stage,2020,0,Percentage,1
CIV,COTE D'IVOIRE,Probability to receive funding,By technology,Other renewables,Early stage,2021,0,Percentage,1
CIV,COTE D'IVOIRE,Probability to receive funding,By technology,Clean energy,Later stage,2021,0,Percentage,1
CIV,COTE D'IVOIRE,Probability to receive funding,By technology,Non-clean energy,Later stage,2021,0,Percentage,1
CIV,COTE D'IVOIRE,Probability to receive funding,By technology,Other energy,Later stage,2015,0,Percentage,1
CIV,COTE D'IVOIRE,Probability to receive funding,By technology,Other energy,Later stage,2016,0,Percentage,1
CIV,COTE D'IVOIRE,Probability to receive funding,By technology,Other energy,Later stage,2017,0,Percentage,1
CIV,COTE D'IVOIRE,Probability to receive funding,By technology,Other energy,Later stage,2018,0,Percentage,1
CIV,COTE D'IVOIRE,Probability to receive funding,By technology,Other energy,Later stage,2019,0,Percentage,1
CIV,COTE D'IVOIRE,Probability to receive funding,By technology,Other energy,Later stage,2020,0,Percentage,1
CIV,COTE D'IVOIRE,Probability to receive funding,By technology,Other energy,Later stage,2021,0,Percentage,1
CIV,COTE D'IVOIRE,Probability to receive funding,By technology,Other renewables,Later stage,2016,0,Percentage,1
CIV,COTE D'IVOIRE,Probability to receive funding,By technology,Other renewables,Later stage,2017,0,Percentage,1
CIV,COTE D'IVOIRE,Probability to receive funding,By technology,Other renewables,Later stage,2018,0,Percentage,1
CIV,COTE D'IVOIRE,Probability to receive funding,By technology,Other renewables,Later stage,2019,0,Percentage,1
CIV,COTE D'IVOIRE,Probability to receive funding,By technology,Other renewables,Later stage,2020,0,Percentage,1
CIV,COTE D'IVOIRE,Probability to receive funding,By technology,Other renewables,Later stage,2021,0,Percentage,1
HRV,CROATIA,Fundings of start-ups,"By sector (energy, green, digital)",Energy,Early stage,2017,246725.375,USD,1
HRV,CROATIA,Fundings of start-ups,"By sector (energy, green, digital)",Energy,Early stage,2020,806818.1875,USD,2
HRV,CROATIA,Probability to receive funding,"By sector (energy, green, digital)",Energy,Early stage,2021,14.28571415,Percentage,21
HRV,CROATIA,Fundings of start-ups,"By sector (energy, green, digital)",Energy,Early stage,2021,61575.52344,USD,1
HRV,CROATIA,Fundings of start-ups,"By sector (energy, green, digital)",Energy,Early stage,2022,1.258447528,Years,21
HRV,CROATIA,Fundings of start-ups,"By sector (energy, green, digital)",Energy,Early stage,2022,365363,USD,1
HRV,CROATIA,Fundings of start-ups,"By sector (energy, green, digital)",Energy and digital,Early stage,2017,246725.375,USD,1
HRV,CROATIA,Fundings of start-ups,"By sector (energy, green, digital)",Energy and digital,Early stage,2020,753030.3125,USD,1
HRV,CROATIA,Probability to receive funding,"By sector (energy, green, digital)",Energy and digital,Early stage,2021,33.33333206,Percentage,6
HRV,CROATIA,Fundings of start-ups,"By sector (energy, green, digital)",Energy and digital,Early stage,2021,61575.52344,USD,1
HRV,CROATIA,Fundings of start-ups,"By sector (energy, green, digital)",Energy and digital,Early stage,2022,1.264383554,Years,6
HRV,CROATIA,Fundings of start-ups,"By sector (energy, green, digital)",Energy and digital,Early stage,2022,365363,USD,1
HRV,CROATIA,Fundings of start-ups,"By sector (energy, green, digital)",Energy and non-digital,Early stage,2020,53787.87891,USD,1
HRV,CROATIA,Probability to receive funding,"By sector (energy, green, digital)",Energy and non-digital,Early stage,2021,6.666666508,Percentage,15
HRV,CROATIA,Fundings of start-ups,"By sector (energy, green, digital)",Energy and non-digital,Early stage,2022,1.246575356,Years,15
HRV,CROATIA,Fundings of start-ups,"By sector (energy, green, digital)",Non-energy,Early stage,2000,3227272.75,USD,1
HRV,CROATIA,Fundings of start-ups,"By sector (energy, green, digital)",Non-energy,Early stage,2008,1713399.125,USD,1
HRV,CROATIA,Fundings of start-ups,"By sector (energy, green, digital)",Non-energy,Early stage,2011,62316.12109,USD,2
HRV,CROATIA,Fundings of start-ups,"By sector (energy, green, digital)",Non-energy,Early stage,2012,78039.08594,USD,2
HRV,CROATIA,Fundings of start-ups,"By sector (energy, green, digital)",Non-energy,Early stage,2013,1829098,USD,5
HRV,CROATIA,Fundings of start-ups,"By sector (energy, green, digital)",Non-energy,Early stage,2014,113739.6484,USD,1
HRV,CROATIA,Fundings of start-ups,"By sector (energy, green, digital)",Non-energy,Early stage,2015,109619.6875,USD,3
HRV,CROATIA,Fundings of start-ups,"By sector (energy, green, digital)",Non-energy,Early stage,2016,615847.8125,USD,3
HRV,CROATIA,Fundings of start-ups,"By sector (energy, green, digital)",Non-energy,Early stage,2017,1019990.125,USD,3
HRV,CROATIA,Fundings of start-ups,"By sector (energy, green, digital)",Non-energy,Early stage,2018,5849833,USD,6
HRV,CROATIA,Fundings of start-ups,"By sector (energy, green, digital)",Non-energy,Early stage,2019,10383663,USD,25
HRV,CROATIA,Fundings of start-ups,"By sector (energy, green, digital)",Non-energy,Early stage,2020,10278565,USD,36
HRV,CROATIA,Fundings of start-ups,"By sector (energy, green, digital)",Non-energy,Early stage,2021,49344180,USD,18
HRV,CROATIA,Probability to receive funding,"By sector (energy, green, digital)",Non-energy,Early stage,2021,12.53602314,Percentage,694
HRV,CROATIA,Fundings of start-ups,"By sector (energy, green, digital)",Non-energy,Early stage,2022,1.231874347,Years,698
HRV,CROATIA,Fundings of start-ups,"By sector (energy, green, digital)",Non-energy,Early stage,2022,10146573,USD,5
HRV,CROATIA,Probability to receive funding,"By sector (energy, green, digital)",Energy,Later stage,2021,4.761904716,Percentage,21
HRV,CROATIA,Fundings of start-ups,"By sector (energy, green, digital)",Energy,Later stage,2022,8.728767395,Years,21
HRV,CROATIA,Probability to receive funding,"By sector (energy, green, digital)",Energy and digital,Later stage,2021,0,Percentage,6
HRV,CROATIA,Probability to receive funding,"By sector (energy, green, digital)",Energy and non-digital,Later stage,2021,6.666666508,Percentage,15
HRV,CROATIA,Fundings of start-ups,"By sector (energy, green, digital)",Energy and non-digital,Later stage,2022,8.728767395,Years,15
HRV,CROATIA,Fundings of start-ups,"By sector (energy, green, digital)",Non-energy,Later stage,2020,316457.75,USD,1
HRV,CROATIA,Probability to receive funding,"By sector (energy, green, digital)",Non-energy,Later stage,2021,1.008645535,Percentage,694
HRV,CROATIA,Fundings of start-ups,"By sector (energy, green, digital)",Non-energy,Later stage,2022,4.863405228,Years,698
HRV,CROATIA,Fundings of start-ups,By technology,Electric mobility,all,2020,53787.87891,USD,1
HRV,CROATIA,Fundings of start-ups,By technology,Energy efficiency,all,2017,246725.375,USD,1
HRV,CROATIA,Fundings of start-ups,By technology,Energy efficiency,all,2020,753030.3125,USD,1
HRV,CROATIA,Fundings of start-ups,By technology,Energy efficiency,all,2021,61575.52344,USD,1
HRV,CROATIA,Fundings of start-ups,By technology,Energy efficiency,all,2022,365363,USD,1
HRV,CROATIA,Fundings of start-ups,By technology,Clean energy,Early stage,2020,53787.87891,USD,1
HRV,CROATIA,Probability to receive funding,By technology,Clean energy,Early stage,2021,9.090909004,Percentage,11
HRV,CROATIA,Fundings of start-ups,By technology,Clean energy,Early stage,2022,1.246575356,Years,11
HRV,CROATIA,Probability to receive funding,By technology,Electric mobility,Early stage,2015,0,Percentage,2
HRV,CROATIA,Probability to receive funding,By technology,Electric mobility,Early stage,2016,0,Percentage,3
HRV,CROATIA,Probability to receive funding,By technology,Electric mobility,Early stage,2017,0,Percentage,3
HRV,CROATIA,Probability to receive funding,By technology,Electric mobility,Early stage,2018,0,Percentage,3
HRV,CROATIA,Probability to receive funding,By technology,Electric mobility,Early stage,2019,20,Percentage,5
HRV,CROATIA,Probability to receive funding,By technology,Electric mobility,Early stage,2020,16.66666603,Percentage,6
HRV,CROATIA,Probability to receive funding,By technology,Electric mobility,Early stage,2021,16.66666603,Percentage,6
HRV,CROATIA,Probability to receive funding,By technology,Energy efficiency,Early stage,2015,20,Percentage,5
HRV,CROATIA,Probability to receive funding,By technology,Energy efficiency,Early stage,2016,20,Percentage,5
HRV,CROATIA,Probability to receive funding,By technology,Energy efficiency,Early stage,2017,20,Percentage,5
HRV,CROATIA,Probability to receive funding,By technology,Energy efficiency,Early stage,2018,14.28571415,Percentage,7
HRV,CROATIA,Probability to receive funding,By technology,Energy efficiency,Early stage,2019,14.28571415,Percentage,7
HRV,CROATIA,Probability to receive funding,By technology,Energy efficiency,Early stage,2020,14.28571415,Percentage,7
HRV,CROATIA,Probability to receive funding,By technology,Energy efficiency,Early stage,2021,25,Percentage,8
HRV,CROATIA,Fundings of start-ups,By technology,Non-clean energy,Early stage,2017,246725.375,USD,1
HRV,CROATIA,Fundings of start-ups,By technology,Non-clean energy,Early stage,2020,753030.3125,USD,1
HRV,CROATIA,Fundings of start-ups,By technology,Non-clean energy,Early stage,2021,61575.52344,USD,1
HRV,CROATIA,Probability to receive funding,By technology,Non-clean energy,Early stage,2021,20,Percentage,10
HRV,CROATIA,Fundings of start-ups,By technology,Non-clean energy,Early stage,2022,365363,USD,1
HRV,CROATIA,Fundings of start-ups,By technology,Non-clean energy,Early stage,2022,1.264383554,Years,10
HRV,CROATIA,Probability to receive funding,By technology,Other energy,Early stage,2015,0,Percentage,3
HRV,CROATIA,Probability to receive funding,By technology,Other energy,Early stage,2016,0,Percentage,3
HRV,CROATIA,Probability to receive funding,By technology,Other energy,Early stage,2017,0,Percentage,3
HRV,CROATIA,Probability to receive funding,By technology,Other energy,Early stage,2018,0,Percentage,3
HRV,CROATIA,Probability to receive funding,By technology,Other energy,Early stage,2019,0,Percentage,3
HRV,CROATIA,Probability to receive funding,By technology,Other energy,Early stage,2020,0,Percentage,3
HRV,CROATIA,Probability to receive funding,By technology,Other energy,Early stage,2021,0,Percentage,3
HRV,CROATIA,Probability to receive funding,By technology,Other renewables,Early stage,2015,0,Percentage,2.5
HRV,CROATIA,Probability to receive funding,By technology,Other renewables,Early stage,2016,0,Percentage,2.5
HRV,CROATIA,Probability to receive funding,By technology,Other renewables,Early stage,2017,0,Percentage,2.5
HRV,CROATIA,Probability to receive funding,By technology,Other renewables,Early stage,2018,0,Percentage,2.5
HRV,CROATIA,Probability to receive funding,By technology,Other renewables,Early stage,2019,0,Percentage,2.5
HRV,CROATIA,Probability to receive funding,By technology,Other renewables,Early stage,2020,0,Percentage,2.5
HRV,CROATIA,Probability to receive funding,By technology,Other renewables,Early stage,2021,0,Percentage,2.5
HRV,CROATIA,Probability to receive funding,By technology,Solar,Early stage,2015,0,Percentage,0.5
HRV,CROATIA,Probability to receive funding,By technology,Solar,Early stage,2016,0,Percentage,0.5
HRV,CROATIA,Probability to receive funding,By technology,Solar,Early stage,2017,0,Percentage,0.5
HRV,CROATIA,Probability to receive funding,By technology,Solar,Early stage,2018,0,Percentage,0.5
HRV,CROATIA,Probability to receive funding,By technology,Solar,Early stage,2019,0,Percentage,0.5
HRV,CROATIA,Probability to receive funding,By technology,Solar,Early stage,2020,0,Percentage,0.5
HRV,CROATIA,Probability to receive funding,By technology,Solar,Early stage,2021,0,Percentage,0.5
HRV,CROATIA,Probability to receive funding,By technology,Clean energy,Later stage,2021,9.090909004,Percentage,11
HRV,CROATIA,Fundings of start-ups,By technology,Clean energy,Later stage,2022,8.728767395,Years,11
HRV,CROATIA,Probability to receive funding,By technology,Electric mobility,Later stage,2015,50,Percentage,2
HRV,CROATIA,Probability to receive funding,By technology,Electric mobility,Later stage,2016,33.33333206,Percentage,3
HRV,CROATIA,Probability to receive funding,By technology,Electric mobility,Later stage,2017,33.33333206,Percentage,3
HRV,CROATIA,Probability to receive funding,By technology,Electric mobility,Later stage,2018,33.33333206,Percentage,3
HRV,CROATIA,Probability to receive funding,By technology,Electric mobility,Later stage,2019,20,Percentage,5
HRV,CROATIA,Probability to receive funding,By technology,Electric mobility,Later stage,2020,16.66666603,Percentage,6
HRV,CROATIA,Probability to receive funding,By technology,Electric mobility,Later stage,2021,16.66666603,Percentage,6
HRV,CROATIA,Probability to receive funding,By technology,Energy efficiency,Later stage,2015,0,Percentage,5
HRV,CROATIA,Probability to receive funding,By technology,Energy efficiency,Later stage,2016,0,Percentage,5
HRV,CROATIA,Probability to receive funding,By technology,Energy efficiency,Later stage,2017,0,Percentage,5
HRV,CROATIA,Probability to receive funding,By technology,Energy efficiency,Later stage,2018,0,Percentage,7
HRV,CROATIA,Probability to receive funding,By technology,Energy efficiency,Later stage,2019,0,Percentage,7
HRV,CROATIA,Probability to receive funding,By technology,Energy efficiency,Later stage,2020,0,Percentage,7
HRV,CROATIA,Probability to receive funding,By technology,Energy efficiency,Later stage,2021,0,Percentage,8
HRV,CROATIA,Probability to receive funding,By technology,Non-clean energy,Later stage,2021,0,Percentage,10
HRV,CROATIA,Probability to receive funding,By technology,Other energy,Later stage,2015,0,Percentage,3
HRV,CROATIA,Probability to receive funding,By technology,Other energy,Later stage,2016,0,Percentage,3
HRV,CROATIA,Probability to receive funding,By technology,Other energy,Later stage,2017,0,Percentage,3
HRV,CROATIA,Probability to receive funding,By technology,Other energy,Later stage,2018,0,Percentage,3
HRV,CROATIA,Probability to receive funding,By technology,Other energy,Later stage,2019,0,Percentage,3
HRV,CROATIA,Probability to receive funding,By technology,Other energy,Later stage,2020,0,Percentage,3
HRV,CROATIA,Probability to receive funding,By technology,Other energy,Later stage,2021,0,Percentage,3
HRV,CROATIA,Probability to receive funding,By technology,Other renewables,Later stage,2015,0,Percentage,2.5
HRV,CROATIA,Probability to receive funding,By technology,Other renewables,Later stage,2016,0,Percentage,2.5
HRV,CROATIA,Probability to receive funding,By technology,Other renewables,Later stage,2017,0,Percentage,2.5
HRV,CROATIA,Probability to receive funding,By technology,Other renewables,Later stage,2018,0,Percentage,2.5
HRV,CROATIA,Probability to receive funding,By technology,Other renewables,Later stage,2019,0,Percentage,2.5
HRV,CROATIA,Probability to receive funding,By technology,Other renewables,Later stage,2020,0,Percentage,2.5
HRV,CROATIA,Probability to receive funding,By technology,Other renewables,Later stage,2021,0,Percentage,2.5
HRV,CROATIA,Probability to receive funding,By technology,Solar,Later stage,2015,0,Percentage,0.5
HRV,CROATIA,Probability to receive funding,By technology,Solar,Later stage,2016,0,Percentage,0.5
HRV,CROATIA,Probability to receive funding,By technology,Solar,Later stage,2017,0,Percentage,0.5
HRV,CROATIA,Probability to receive funding,By technology,Solar,Later stage,2018,0,Percentage,0.5
HRV,CROATIA,Probability to receive funding,By technology,Solar,Later stage,2019,0,Percentage,0.5
HRV,CROATIA,Probability to receive funding,By technology,Solar,Later stage,2020,0,Percentage,0.5
HRV,CROATIA,Probability to receive funding,By technology,Solar,Later stage,2021,0,Percentage,0.5
CUB,CUBA,Probability to receive funding,"By sector (energy, green, digital)",Non-energy,Early stage,2021,0,Percentage,11
CUB,CUBA,Probability to receive funding,"By sector (energy, green, digital)",Non-energy,Later stage,2021,0,Percentage,11
CYP,CYPRUS,Fundings of start-ups,"By sector (energy, green, digital)",Energy,Early stage,2014,29478.72852,USD,1
CYP,CYPRUS,Probability to receive funding,"By sector (energy, green, digital)",Energy,Early stage,2021,15.78947353,Percentage,19
CYP,CYPRUS,Fundings of start-ups,"By sector (energy, green, digital)",Energy,Early stage,2021,25724638,USD,1
CYP,CYPRUS,Fundings of start-ups,"By sector (energy, green, digital)",Energy,Early stage,2022,1.333333373,Years,19
CYP,CYPRUS,Fundings of start-ups,"By sector (energy, green, digital)",Energy and digital,Early stage,2014,29478.72852,USD,1
CYP,CYPRUS,Probability to receive funding,"By sector (energy, green, digital)",Energy and digital,Early stage,2021,28.5714283,Percentage,7
CYP,CYPRUS,Fundings of start-ups,"By sector (energy, green, digital)",Energy and digital,Early stage,2022,0.436986297,Years,7
CYP,CYPRUS,Fundings of start-ups,"By sector (energy, green, digital)",Energy and non-digital,Early stage,2021,25724638,USD,1
CYP,CYPRUS,Probability to receive funding,"By sector (energy, green, digital)",Energy and non-digital,Early stage,2021,8.333333015,Percentage,12
CYP,CYPRUS,Fundings of start-ups,"By sector (energy, green, digital)",Energy and non-digital,Early stage,2022,3.126027346,Years,12
CYP,CYPRUS,Fundings of start-ups,"By sector (energy, green, digital)",Non-energy,Early stage,2007,401886.7813,USD,1
CYP,CYPRUS,Fundings of start-ups,"By sector (energy, green, digital)",Non-energy,Early stage,2009,129878.0469,USD,1
CYP,CYPRUS,Fundings of start-ups,"By sector (energy, green, digital)",Non-energy,Early stage,2010,1668478.75,USD,4
CYP,CYPRUS,Fundings of start-ups,"By sector (energy, green, digital)",Non-energy,Early stage,2011,23380012,USD,5
CYP,CYPRUS,Fundings of start-ups,"By sector (energy, green, digital)",Non-energy,Early stage,2012,588982.5,USD,2
CYP,CYPRUS,Fundings of start-ups,"By sector (energy, green, digital)",Non-energy,Early stage,2013,9036944,USD,5
CYP,CYPRUS,Fundings of start-ups,"By sector (energy, green, digital)",Non-energy,Early stage,2014,6455130,USD,7
CYP,CYPRUS,Fundings of start-ups,"By sector (energy, green, digital)",Non-energy,Early stage,2015,17223280,USD,11
CYP,CYPRUS,Fundings of start-ups,"By sector (energy, green, digital)",Non-energy,Early stage,2016,6927063.5,USD,9
CYP,CYPRUS,Fundings of start-ups,"By sector (energy, green, digital)",Non-energy,Early stage,2017,7018408,USD,7
CYP,CYPRUS,Fundings of start-ups,"By sector (energy, green, digital)",Non-energy,Early stage,2018,28176784,USD,13
CYP,CYPRUS,Fundings of start-ups,"By sector (energy, green, digital)",Non-energy,Early stage,2019,27747502,USD,10
CYP,CYPRUS,Fundings of start-ups,"By sector (energy, green, digital)",Non-energy,Early stage,2020,28624242,USD,10
CYP,CYPRUS,Fundings of start-ups,"By sector (energy, green, digital)",Non-energy,Early stage,2021,71902968,USD,14
CYP,CYPRUS,Probability to receive funding,"By sector (energy, green, digital)",Non-energy,Early stage,2021,9.205020905,Percentage,956
CYP,CYPRUS,Fundings of start-ups,"By sector (energy, green, digital)",Non-energy,Early stage,2022,33307008,USD,10
CYP,CYPRUS,Fundings of start-ups,"By sector (energy, green, digital)",Non-energy,Early stage,2022,1.432098389,Years,965
CYP,CYPRUS,Probability to receive funding,"By sector (energy, green, digital)",Energy,Later stage,2021,0,Percentage,19
CYP,CYPRUS,Probability to receive funding,"By sector (energy, green, digital)",Energy and digital,Later stage,2021,0,Percentage,7
CYP,CYPRUS,Probability to receive funding,"By sector (energy, green, digital)",Energy and non-digital,Later stage,2021,0,Percentage,12
CYP,CYPRUS,Fundings of start-ups,"By sector (energy, green, digital)",Non-energy,Later stage,2009,6493902.5,USD,1
CYP,CYPRUS,Fundings of start-ups,"By sector (energy, green, digital)",Non-energy,Later stage,2010,8928144,USD,1
CYP,CYPRUS,Fundings of start-ups,"By sector (energy, green, digital)",Non-energy,Later stage,2011,6191860.5,USD,1
CYP,CYPRUS,Fundings of start-ups,"By sector (energy, green, digital)",Non-energy,Later stage,2016,1157608.75,USD,1
CYP,CYPRUS,Fundings of start-ups,"By sector (energy, green, digital)",Non-energy,Later stage,2019,434693.875,USD,1
CYP,CYPRUS,Fundings of start-ups,"By sector (energy, green, digital)",Non-energy,Later stage,2020,526338.0625,USD,2
CYP,CYPRUS,Probability to receive funding,"By sector (energy, green, digital)",Non-energy,Later stage,2021,2.301255226,Percentage,956
CYP,CYPRUS,Fundings of start-ups,"By sector (energy, green, digital)",Non-energy,Later stage,2021,39063564,USD,1
CYP,CYPRUS,Fundings of start-ups,"By sector (energy, green, digital)",Non-energy,Later stage,2022,3.821656942,Years,965
CYP,CYPRUS,Fundings of start-ups,By technology,Electric mobility,all,2021,25724638,USD,1
CYP,CYPRUS,Fundings of start-ups,By technology,Other energy,all,2014,29478.72852,USD,1
CYP,CYPRUS,Fundings of start-ups,By technology,Clean energy,Early stage,2021,25724638,USD,1
CYP,CYPRUS,Probability to receive funding,By technology,Clean energy,Early stage,2021,12.5,Percentage,8
CYP,CYPRUS,Fundings of start-ups,By technology,Clean energy,Early stage,2022,3.126027346,Years,8
CYP,CYPRUS,Probability to receive funding,By technology,Electric mobility,Early stage,2018,100,Percentage,1
CYP,CYPRUS,Probability to receive funding,By technology,Electric mobility,Early stage,2019,100,Percentage,1
CYP,CYPRUS,Probability to receive funding,By technology,Electric mobility,Early stage,2020,100,Percentage,1
CYP,CYPRUS,Probability to receive funding,By technology,Electric mobility,Early stage,2021,100,Percentage,1
CYP,CYPRUS,Probability to receive funding,By technology,Energy efficiency,Early stage,2015,33.33333206,Percentage,3
CYP,CYPRUS,Probability to receive funding,By technology,Energy efficiency,Early stage,2016,25,Percentage,4
CYP,CYPRUS,Probability to receive funding,By technology,Energy efficiency,Early stage,2017,25,Percentage,4
CYP,CYPRUS,Probability to receive funding,By technology,Energy efficiency,Early stage,2018,25,Percentage,4
CYP,CYPRUS,Probability to receive funding,By technology,Energy efficiency,Early stage,2019,25,Percentage,4
CYP,CYPRUS,Probability to receive funding,By technology,Energy efficiency,Early stage,2020,22.22222137,Percentage,4.5
CYP,CYPRUS,Probability to receive funding,By technology,Energy efficiency,Early stage,2021,22.22222137,Percentage,4.5
CYP,CYPRUS,Probability to receive funding,By technology,Fossil fuels,Early stage,2015,0,Percentage,4.166666508
CYP,CYPRUS,Probability to receive funding,By technology,Fossil fuels,Early stage,2016,0,Percentage,4.166666508
CYP,CYPRUS,Probability to receive funding,By technology,Fossil fuels,Early stage,2017,0,Percentage,4.166666508
CYP,CYPRUS,Probability to receive funding,By technology,Fossil fuels,Early stage,2018,0,Percentage,4.166666508
CYP,CYPRUS,Probability to receive funding,By technology,Fossil fuels,Early stage,2019,0,Percentage,4.166666508
CYP,CYPRUS,Probability to receive funding,By technology,Fossil fuels,Early stage,2020,0,Percentage,4.166666508
CYP,CYPRUS,Probability to receive funding,By technology,Fossil fuels,Early stage,2021,0,Percentage,4.166666508
CYP,CYPRUS,Fundings of start-ups,By technology,Non-clean energy,Early stage,2014,29478.72852,USD,1
CYP,CYPRUS,Probability to receive funding,By technology,Non-clean energy,Early stage,2021,18.18181801,Percentage,11
CYP,CYPRUS,Fundings of start-ups,By technology,Non-clean energy,Early stage,2022,0.436986297,Years,11
CYP,CYPRUS,Probability to receive funding,By technology,Other energy,Early stage,2015,20,Percentage,5
CYP,CYPRUS,Probability to receive funding,By technology,Other energy,Early stage,2016,20,Percentage,5
CYP,CYPRUS,Probability to receive funding,By technology,Other energy,Early stage,2017,20,Percentage,5
CYP,CYPRUS,Probability to receive funding,By technology,Other energy,Early stage,2018,20,Percentage,5
CYP,CYPRUS,Probability to receive funding,By technology,Other energy,Early stage,2019,20,Percentage,5
CYP,CYPRUS,Probability to receive funding,By technology,Other energy,Early stage,2020,20,Percentage,5
CYP,CYPRUS,Probability to receive funding,By technology,Other energy,Early stage,2021,20,Percentage,5
CYP,CYPRUS,Probability to receive funding,By technology,Other renewables,Early stage,2015,0,Percentage,2.166666746
CYP,CYPRUS,Probability to receive funding,By technology,Other renewables,Early stage,2016,0,Percentage,2.166666746
CYP,CYPRUS,Probability to receive funding,By technology,Other renewables,Early stage,2017,0,Percentage,2.166666746
CYP,CYPRUS,Probability to receive funding,By technology,Other renewables,Early stage,2018,0,Percentage,3.166666746
CYP,CYPRUS,Probability to receive funding,By technology,Other renewables,Early stage,2019,0,Percentage,3.166666746
CYP,CYPRUS,Probability to receive funding,By technology,Other renewables,Early stage,2020,0,Percentage,3.666666746
CYP,CYPRUS,Probability to receive funding,By technology,Other renewables,Early stage,2021,0,Percentage,3.666666746
CYP,CYPRUS,Probability to receive funding,By technology,Solar,Early stage,2015,0,Percentage,0.666666687
CYP,CYPRUS,Probability to receive funding,By technology,Solar,Early stage,2016,0,Percentage,0.666666687
CYP,CYPRUS,Probability to receive funding,By technology,Solar,Early stage,2017,0,Percentage,0.666666687
CYP,CYPRUS,Probability to receive funding,By technology,Solar,Early stage,2018,0,Percentage,0.666666687
CYP,CYPRUS,Probability to receive funding,By technology,Solar,Early stage,2019,0,Percentage,0.666666687
CYP,CYPRUS,Probability to receive funding,By technology,Solar,Early stage,2020,0,Percentage,0.666666687
CYP,CYPRUS,Probability to receive funding,By technology,Solar,Early stage,2021,0,Percentage,0.666666687
CYP,CYPRUS,Probability to receive funding,By technology,Clean energy,Later stage,2021,0,Percentage,8
CYP,CYPRUS,Probability to receive funding,By technology,Electric mobility,Later stage,2018,0,Percentage,1
CYP,CYPRUS,Probability to receive funding,By technology,Electric mobility,Later stage,2019,0,Percentage,1
CYP,CYPRUS,Probability to receive funding,By technology,Electric mobility,Later stage,2020,0,Percentage,1
CYP,CYPRUS,Probability to receive funding,By technology,Electric mobility,Later stage,2021,0,Percentage,1
CYP,CYPRUS,Probability to receive funding,By technology,Energy efficiency,Later stage,2015,0,Percentage,3
CYP,CYPRUS,Probability to receive funding,By technology,Energy efficiency,Later stage,2016,0,Percentage,4
CYP,CYPRUS,Probability to receive funding,By technology,Energy efficiency,Later stage,2017,0,Percentage,4
CYP,CYPRUS,Probability to receive funding,By technology,Energy efficiency,Later stage,2018,0,Percentage,4
CYP,CYPRUS,Probability to receive funding,By technology,Energy efficiency,Later stage,2019,0,Percentage,4
CYP,CYPRUS,Probability to receive funding,By technology,Energy efficiency,Later stage,2020,0,Percentage,4.5
CYP,CYPRUS,Probability to receive funding,By technology,Energy efficiency,Later stage,2021,0,Percentage,4.5
CYP,CYPRUS,Probability to receive funding,By technology,Fossil fuels,Later stage,2015,0,Percentage,4.166666508
CYP,CYPRUS,Probability to receive funding,By technology,Fossil fuels,Later stage,2016,0,Percentage,4.166666508
CYP,CYPRUS,Probability to receive funding,By technology,Fossil fuels,Later stage,2017,0,Percentage,4.166666508
CYP,CYPRUS,Probability to receive funding,By technology,Fossil fuels,Later stage,2018,0,Percentage,4.166666508
CYP,CYPRUS,Probability to receive funding,By technology,Fossil fuels,Later stage,2019,0,Percentage,4.166666508
CYP,CYPRUS,Probability to receive funding,By technology,Fossil fuels,Later stage,2020,0,Percentage,4.166666508
CYP,CYPRUS,Probability to receive funding,By technology,Fossil fuels,Later stage,2021,0,Percentage,4.166666508
CYP,CYPRUS,Probability to receive funding,By technology,Non-clean energy,Later stage,2021,0,Percentage,11
CYP,CYPRUS,Probability to receive funding,By technology,Other energy,Later stage,2015,0,Percentage,5
CYP,CYPRUS,Probability to receive funding,By technology,Other energy,Later stage,2016,0,Percentage,5
CYP,CYPRUS,Probability to receive funding,By technology,Other energy,Later stage,2017,0,Percentage,5
CYP,CYPRUS,Probability to receive funding,By technology,Other energy,Later stage,2018,0,Percentage,5
CYP,CYPRUS,Probability to receive funding,By technology,Other energy,Later stage,2019,0,Percentage,5
CYP,CYPRUS,Probability to receive funding,By technology,Other energy,Later stage,2020,0,Percentage,5
CYP,CYPRUS,Probability to receive funding,By technology,Other energy,Later stage,2021,0,Percentage,5
CYP,CYPRUS,Probability to receive funding,By technology,Other renewables,Later stage,2015,0,Percentage,2.166666746
CYP,CYPRUS,Probability to receive funding,By technology,Other renewables,Later stage,2016,0,Percentage,2.166666746
CYP,CYPRUS,Probability to receive funding,By technology,Other renewables,Later stage,2017,0,Percentage,2.166666746
CYP,CYPRUS,Probability to receive funding,By technology,Other renewables,Later stage,2018,0,Percentage,3.166666746
CYP,CYPRUS,Probability to receive funding,By technology,Other renewables,Later stage,2019,0,Percentage,3.166666746
CYP,CYPRUS,Probability to receive funding,By technology,Other renewables,Later stage,2020,0,Percentage,3.666666746
CYP,CYPRUS,Probability to receive funding,By technology,Other renewables,Later stage,2021,0,Percentage,3.666666746
CYP,CYPRUS,Probability to receive funding,By technology,Solar,Later stage,2015,0,Percentage,0.666666687
CYP,CYPRUS,Probability to receive funding,By technology,Solar,Later stage,2016,0,Percentage,0.666666687
CYP,CYPRUS,Probability to receive funding,By technology,Solar,Later stage,2017,0,Percentage,0.666666687
CYP,CYPRUS,Probability to receive funding,By technology,Solar,Later stage,2018,0,Percentage,0.666666687
CYP,CYPRUS,Probability to receive funding,By technology,Solar,Later stage,2019,0,Percentage,0.666666687
CYP,CYPRUS,Probability to receive funding,By technology,Solar,Later stage,2020,0,Percentage,0.666666687
CYP,CYPRUS,Probability to receive funding,By technology,Solar,Later stage,2021,0,Percentage,0.666666687
CZE,CZECH REPUBLIC,Fundings of start-ups,"By sector (energy, green, digital)",Energy,Early stage,2017,971053.375,USD,1
CZE,CZECH REPUBLIC,Fundings of start-ups,"By sector (energy, green, digital)",Energy,Early stage,2019,2034123.875,USD,2
CZE,CZECH REPUBLIC,Fundings of start-ups,"By sector (energy, green, digital)",Energy,Early stage,2020,3832096,USD,1
CZE,CZECH REPUBLIC,Fundings of start-ups,"By sector (energy, green, digital)",Energy,Early stage,2021,364466.6563,USD,1
CZE,CZECH REPUBLIC,Probability to receive funding,"By sector (energy, green, digital)",Energy,Early stage,2021,1.685393214,Percentage,178
CZE,CZECH REPUBLIC,Fundings of start-ups,"By sector (energy, green, digital)",Energy,Early stage,2022,2.776255608,Years,178
CZE,CZECH REPUBLIC,Fundings of start-ups,"By sector (energy, green, digital)",Energy,Early stage,2022,19019336,USD,2
CZE,CZECH REPUBLIC,Fundings of start-ups,"By sector (energy, green, digital)",Energy and digital,Early stage,2017,971053.375,USD,1
CZE,CZECH REPUBLIC,Fundings of start-ups,"By sector (energy, green, digital)",Energy and digital,Early stage,2019,2034123.875,USD,2
CZE,CZECH REPUBLIC,Fundings of start-ups,"By sector (energy, green, digital)",Energy and digital,Early stage,2020,3832096,USD,1
CZE,CZECH REPUBLIC,Fundings of start-ups,"By sector (energy, green, digital)",Energy and digital,Early stage,2021,364466.6563,USD,1
CZE,CZECH REPUBLIC,Probability to receive funding,"By sector (energy, green, digital)",Energy and digital,Early stage,2021,5.555555344,Percentage,54
CZE,CZECH REPUBLIC,Fundings of start-ups,"By sector (energy, green, digital)",Energy and digital,Early stage,2022,19019336,USD,2
CZE,CZECH REPUBLIC,Fundings of start-ups,"By sector (energy, green, digital)",Energy and digital,Early stage,2022,2.776255608,Years,54
CZE,CZECH REPUBLIC,Probability to receive funding,"By sector (energy, green, digital)",Energy and non-digital,Early stage,2021,0,Percentage,124
CZE,CZECH REPUBLIC,Fundings of start-ups,"By sector (energy, green, digital)",Non-energy,Early stage,2000,19363636,USD,1
CZE,CZECH REPUBLIC,Fundings of start-ups,"By sector (energy, green, digital)",Non-energy,Early stage,2006,341629.875,USD,1
CZE,CZECH REPUBLIC,Fundings of start-ups,"By sector (energy, green, digital)",Non-energy,Early stage,2007,2716799,USD,1
CZE,CZECH REPUBLIC,Fundings of start-ups,"By sector (energy, green, digital)",Non-energy,Early stage,2011,5506564,USD,9
CZE,CZECH REPUBLIC,Fundings of start-ups,"By sector (energy, green, digital)",Non-energy,Early stage,2012,18032470,USD,20
CZE,CZECH REPUBLIC,Fundings of start-ups,"By sector (energy, green, digital)",Non-energy,Early stage,2013,2007204.25,USD,13
CZE,CZECH REPUBLIC,Fundings of start-ups,"By sector (energy, green, digital)",Non-energy,Early stage,2014,35575344,USD,20
CZE,CZECH REPUBLIC,Fundings of start-ups,"By sector (energy, green, digital)",Non-energy,Early stage,2015,7164908,USD,19
CZE,CZECH REPUBLIC,Fundings of start-ups,"By sector (energy, green, digital)",Non-energy,Early stage,2016,11371747,USD,21
CZE,CZECH REPUBLIC,Fundings of start-ups,"By sector (energy, green, digital)",Non-energy,Early stage,2017,66346580,USD,26
CZE,CZECH REPUBLIC,Fundings of start-ups,"By sector (energy, green, digital)",Non-energy,Early stage,2018,13992602,USD,16
CZE,CZECH REPUBLIC,Fundings of start-ups,"By sector (energy, green, digital)",Non-energy,Early stage,2019,42201892,USD,29
CZE,CZECH REPUBLIC,Fundings of start-ups,"By sector (energy, green, digital)",Non-energy,Early stage,2020,43314788,USD,38
CZE,CZECH REPUBLIC,Probability to receive funding,"By sector (energy, green, digital)",Non-energy,Early stage,2021,7.484027863,Percentage,3287
CZE,CZECH REPUBLIC,Fundings of start-ups,"By sector (energy, green, digital)",Non-energy,Early stage,2021,306429632,USD,47
CZE,CZECH REPUBLIC,Fundings of start-ups,"By sector (energy, green, digital)",Non-energy,Early stage,2022,1.839021087,Years,3290
CZE,CZECH REPUBLIC,Fundings of start-ups,"By sector (energy, green, digital)",Non-energy,Early stage,2022,126462848,USD,15
CZE,CZECH REPUBLIC,Probability to receive funding,"By sector (energy, green, digital)",Energy,Later stage,2021,0,Percentage,178
CZE,CZECH REPUBLIC,Probability to receive funding,"By sector (energy, green, digital)",Energy and digital,Later stage,2021,0,Percentage,54
CZE,CZECH REPUBLIC,Probability to receive funding,"By sector (energy, green, digital)",Energy and non-digital,Later stage,2021,0,Percentage,124
CZE,CZECH REPUBLIC,Fundings of start-ups,"By sector (energy, green, digital)",Non-energy,Later stage,2014,33113370,USD,3
CZE,CZECH REPUBLIC,Fundings of start-ups,"By sector (energy, green, digital)",Non-energy,Later stage,2015,3449598.5,USD,2
CZE,CZECH REPUBLIC,Fundings of start-ups,"By sector (energy, green, digital)",Non-energy,Later stage,2017,1343928,USD,1
CZE,CZECH REPUBLIC,Fundings of start-ups,"By sector (energy, green, digital)",Non-energy,Later stage,2019,238875.1563,USD,1
CZE,CZECH REPUBLIC,Fundings of start-ups,"By sector (energy, green, digital)",Non-energy,Later stage,2020,1529920.875,USD,1
CZE,CZECH REPUBLIC,Fundings of start-ups,"By sector (energy, green, digital)",Non-energy,Later stage,2021,158606336,USD,6
CZE,CZECH REPUBLIC,Probability to receive funding,"By sector (energy, green, digital)",Non-energy,Later stage,2021,1.734104037,Percentage,3287
CZE,CZECH REPUBLIC,Fundings of start-ups,"By sector (energy, green, digital)",Non-energy,Later stage,2022,4.738428116,Years,3290
CZE,CZECH REPUBLIC,Fundings of start-ups,"By sector (energy, green, digital)",Non-energy,Later stage,2022,242037920,USD,3
CZE,CZECH REPUBLIC,Fundings of start-ups,By technology,Energy efficiency,all,2017,971053.375,USD,1
CZE,CZECH REPUBLIC,Fundings of start-ups,By technology,Energy efficiency,all,2019,1094787.375,USD,1
CZE,CZECH REPUBLIC,Fundings of start-ups,By technology,Energy efficiency,all,2022,3397051,USD,1
CZE,CZECH REPUBLIC,Fundings of start-ups,By technology,Other renewables,all,2019,469668.25,USD,0.5
CZE,CZECH REPUBLIC,Fundings of start-ups,By technology,Other renewables,all,2020,1916048,USD,0.5
CZE,CZECH REPUBLIC,Fundings of start-ups,By technology,Other renewables,all,2021,182233.3281,USD,0.5
CZE,CZECH REPUBLIC,Fundings of start-ups,By technology,Other renewables,all,2022,7811142,USD,0.5
CZE,CZECH REPUBLIC,Fundings of start-ups,By technology,Solar,all,2019,469668.25,USD,0.5
CZE,CZECH REPUBLIC,Fundings of start-ups,By technology,Solar,all,2020,1916048,USD,0.5
CZE,CZECH REPUBLIC,Fundings of start-ups,By technology,Solar,all,2021,182233.3281,USD,0.5
CZE,CZECH REPUBLIC,Fundings of start-ups,By technology,Solar,all,2022,7811142,USD,0.5
CZE,CZECH REPUBLIC,Probability to receive funding,By technology,Bioenergy,Early stage,2015,0,Percentage,1.333333373
CZE,CZECH REPUBLIC,Probability to receive funding,By technology,Bioenergy,Early stage,2016,0,Percentage,1.333333373
CZE,CZECH REPUBLIC,Probability to receive funding,By technology,Bioenergy,Early stage,2017,0,Percentage,1.333333373
CZE,CZECH REPUBLIC,Probability to receive funding,By technology,Bioenergy,Early stage,2018,0,Percentage,1.333333373
CZE,CZECH REPUBLIC,Probability to receive funding,By technology,Bioenergy,Early stage,2019,0,Percentage,1.333333373
CZE,CZECH REPUBLIC,Probability to receive funding,By technology,Bioenergy,Early stage,2020,0,Percentage,1.333333373
CZE,CZECH REPUBLIC,Probability to receive funding,By technology,Bioenergy,Early stage,2021,0,Percentage,1.333333373
CZE,CZECH REPUBLIC,Fundings of start-ups,By technology,Clean energy,Early stage,2019,939336.5,USD,1
CZE,CZECH REPUBLIC,Fundings of start-ups,By technology,Clean energy,Early stage,2020,3832096,USD,1
CZE,CZECH REPUBLIC,Fundings of start-ups,By technology,Clean energy,Early stage,2021,364466.6563,USD,1
CZE,CZECH REPUBLIC,Probability to receive funding,By technology,Clean energy,Early stage,2021,1.515151501,Percentage,66
CZE,CZECH REPUBLIC,Fundings of start-ups,By technology,Clean energy,Early stage,2022,1.728767157,Years,66
CZE,CZECH REPUBLIC,Fundings of start-ups,By technology,Clean energy,Early stage,2022,15622284,USD,1
CZE,CZECH REPUBLIC,Probability to receive funding,By technology,Electric mobility,Early stage,2015,0,Percentage,2
CZE,CZECH REPUBLIC,Probability to receive funding,By technology,Electric mobility,Early stage,2016,0,Percentage,3
CZE,CZECH REPUBLIC,Probability to receive funding,By technology,Electric mobility,Early stage,2017,0,Percentage,3
CZE,CZECH REPUBLIC,Probability to receive funding,By technology,Electric mobility,Early stage,2018,0,Percentage,3
CZE,CZECH REPUBLIC,Probability to receive funding,By technology,Electric mobility,Early stage,2019,0,Percentage,3
CZE,CZECH REPUBLIC,Probability to receive funding,By technology,Electric mobility,Early stage,2020,0,Percentage,3
CZE,CZECH REPUBLIC,Probability to receive funding,By technology,Electric mobility,Early stage,2021,0,Percentage,3
CZE,CZECH REPUBLIC,Probability to receive funding,By technology,Energy efficiency,Early stage,2015,3.036437273,Percentage,32.93333435
CZE,CZECH REPUBLIC,Probability to receive funding,By technology,Energy efficiency,Early stage,2016,2.86259532,Percentage,34.93333435
CZE,CZECH REPUBLIC,Probability to receive funding,By technology,Energy efficiency,Early stage,2017,5.008347034,Percentage,39.93333435
CZE,CZECH REPUBLIC,Probability to receive funding,By technology,Energy efficiency,Early stage,2018,4.76947546,Percentage,41.93333435
CZE,CZECH REPUBLIC,Probability to receive funding,By technology,Energy efficiency,Early stage,2019,4.658385277,Percentage,42.93333435
CZE,CZECH REPUBLIC,Probability to receive funding,By technology,Energy efficiency,Early stage,2020,4.658385277,Percentage,42.93333435
CZE,CZECH REPUBLIC,Probability to receive funding,By technology,Energy efficiency,Early stage,2021,4.658385277,Percentage,42.93333435
CZE,CZECH REPUBLIC,Probability to receive funding,By technology,Energy storage and batteries,Early stage,2015,0,Percentage,7.483333111
CZE,CZECH REPUBLIC,Probability to receive funding,By technology,Energy storage and batteries,Early stage,2016,0,Percentage,7.483333111
CZE,CZECH REPUBLIC,Probability to receive funding,By technology,Energy storage and batteries,Early stage,2017,0,Percentage,7.483333111
CZE,CZECH REPUBLIC,Probability to receive funding,By technology,Energy storage and batteries,Early stage,2018,0,Percentage,7.483333111
CZE,CZECH REPUBLIC,Probability to receive funding,By technology,Energy storage and batteries,Early stage,2019,0,Percentage,7.483333111
CZE,CZECH REPUBLIC,Probability to receive funding,By technology,Energy storage and batteries,Early stage,2020,0,Percentage,7.483333111
CZE,CZECH REPUBLIC,Probability to receive funding,By technology,Energy storage and batteries,Early stage,2021,0,Percentage,7.483333111
CZE,CZECH REPUBLIC,Probability to receive funding,By technology,Fossil fuels,Early stage,2015,0,Percentage,11.64999962
CZE,CZECH REPUBLIC,Probability to receive funding,By technology,Fossil fuels,Early stage,2016,0,Percentage,11.64999962
CZE,CZECH REPUBLIC,Probability to receive funding,By technology,Fossil fuels,Early stage,2017,0,Percentage,11.64999962
CZE,CZECH REPUBLIC,Probability to receive funding,By technology,Fossil fuels,Early stage,2018,0,Percentage,11.64999962
CZE,CZECH REPUBLIC,Probability to receive funding,By technology,Fossil fuels,Early stage,2019,0,Percentage,12.14999962
CZE,CZECH REPUBLIC,Probability to receive funding,By technology,Fossil fuels,Early stage,2020,0,Percentage,12.14999962
CZE,CZECH REPUBLIC,Probability to receive funding,By technology,Fossil fuels,Early stage,2021,0,Percentage,12.14999962
CZE,CZECH REPUBLIC,Probability to receive funding,By technology,Grid,Early stage,2015,0,Percentage,6.233333111
CZE,CZECH REPUBLIC,Probability to receive funding,By technology,Grid,Early stage,2016,0,Percentage,6.233333111
CZE,CZECH REPUBLIC,Probability to receive funding,By technology,Grid,Early stage,2017,0,Percentage,6.733333111
CZE,CZECH REPUBLIC,Probability to receive funding,By technology,Grid,Early stage,2018,0,Percentage,6.733333111
CZE,CZECH REPUBLIC,Probability to receive funding,By technology,Grid,Early stage,2019,0,Percentage,6.733333111
CZE,CZECH REPUBLIC,Probability to receive funding,By technology,Grid,Early stage,2020,0,Percentage,6.733333111
CZE,CZECH REPUBLIC,Probability to receive funding,By technology,Grid,Early stage,2021,0,Percentage,6.733333111
CZE,CZECH REPUBLIC,Fundings of start-ups,By technology,Non-clean energy,Early stage,2017,971053.375,USD,1
CZE,CZECH REPUBLIC,Fundings of start-ups,By technology,Non-clean energy,Early stage,2019,1094787.375,USD,1
CZE,CZECH REPUBLIC,Probability to receive funding,By technology,Non-clean energy,Early stage,2021,1.785714269,Percentage,112
CZE,CZECH REPUBLIC,Fundings of start-ups,By technology,Non-clean energy,Early stage,2022,3.299999952,Years,112
CZE,CZECH REPUBLIC,Fundings of start-ups,By technology,Non-clean energy,Early stage,2022,3397051,USD,1
CZE,CZECH REPUBLIC,Probability to receive funding,By technology,Other energy,Early stage,2015,0,Percentage,43.65000153
CZE,CZECH REPUBLIC,Probability to receive funding,By technology,Other energy,Early stage,2016,0,Percentage,44.15000153
CZE,CZECH REPUBLIC,Probability to receive funding,By technology,Other energy,Early stage,2017,0,Percentage,45.65000153
CZE,CZECH REPUBLIC,Probability to receive funding,By technology,Other energy,Early stage,2018,0,Percentage,46.65000153
CZE,CZECH REPUBLIC,Probability to receive funding,By technology,Other energy,Early stage,2019,0,Percentage,47.15000153
CZE,CZECH REPUBLIC,Probability to receive funding,By technology,Other energy,Early stage,2020,0,Percentage,47.15000153
CZE,CZECH REPUBLIC,Probability to receive funding,By technology,Other energy,Early stage,2021,0,Percentage,47.15000153
CZE,CZECH REPUBLIC,Probability to receive funding,By technology,Other renewables,Early stage,2015,0,Percentage,18.06666756
CZE,CZECH REPUBLIC,Probability to receive funding,By technology,Other renewables,Early stage,2016,0,Percentage,18.06666756
CZE,CZECH REPUBLIC,Probability to receive funding,By technology,Other renewables,Early stage,2017,0,Percentage,18.06666756
CZE,CZECH REPUBLIC,Probability to receive funding,By technology,Other renewables,Early stage,2018,2.555366278,Percentage,19.56666756
CZE,CZECH REPUBLIC,Probability to receive funding,By technology,Other renewables,Early stage,2019,2.555366278,Percentage,19.56666756
CZE,CZECH REPUBLIC,Probability to receive funding,By technology,Other renewables,Early stage,2020,2.555366278,Percentage,19.56666756
CZE,CZECH REPUBLIC,Probability to receive funding,By technology,Other renewables,Early stage,2021,2.555366278,Percentage,19.56666756
CZE,CZECH REPUBLIC,Probability to receive funding,By technology,Solar,Early stage,2015,0,Percentage,27.98333359
CZE,CZECH REPUBLIC,Probability to receive funding,By technology,Solar,Early stage,2016,0,Percentage,28.48333359
CZE,CZECH REPUBLIC,Probability to receive funding,By technology,Solar,Early stage,2017,0,Percentage,29.48333359
CZE,CZECH REPUBLIC,Probability to receive funding,By technology,Solar,Early stage,2018,1.667593122,Percentage,29.98333359
CZE,CZECH REPUBLIC,Probability to receive funding,By technology,Solar,Early stage,2019,1.667593122,Percentage,29.98333359
CZE,CZECH REPUBLIC,Probability to receive funding,By technology,Solar,Early stage,2020,1.667593122,Percentage,29.98333359
CZE,CZECH REPUBLIC,Probability to receive funding,By technology,Solar,Early stage,2021,1.667593122,Percentage,29.98333359
CZE,CZECH REPUBLIC,Probability to receive funding,By technology,Wind,Early stage,2015,0,Percentage,0.666666687
CZE,CZECH REPUBLIC,Probability to receive funding,By technology,Wind,Early stage,2016,0,Percentage,0.666666687
CZE,CZECH REPUBLIC,Probability to receive funding,By technology,Wind,Early stage,2017,0,Percentage,0.666666687
CZE,CZECH REPUBLIC,Probability to receive funding,By technology,Wind,Early stage,2018,0,Percentage,0.666666687
CZE,CZECH REPUBLIC,Probability to receive funding,By technology,Wind,Early stage,2019,0,Percentage,0.666666687
CZE,CZECH REPUBLIC,Probability to receive funding,By technology,Wind,Early stage,2020,0,Percentage,0.666666687
CZE,CZECH REPUBLIC,Probability to receive funding,By technology,Wind,Early stage,2021,0,Percentage,0.666666687
CZE,CZECH REPUBLIC,Probability to receive funding,By technology,Bioenergy,Later stage,2015,0,Percentage,1.333333373
CZE,CZECH REPUBLIC,Probability to receive funding,By technology,Bioenergy,Later stage,2016,0,Percentage,1.333333373
CZE,CZECH REPUBLIC,Probability to receive funding,By technology,Bioenergy,Later stage,2017,0,Percentage,1.333333373
CZE,CZECH REPUBLIC,Probability to receive funding,By technology,Bioenergy,Later stage,2018,0,Percentage,1.333333373
CZE,CZECH REPUBLIC,Probability to receive funding,By technology,Bioenergy,Later stage,2019,0,Percentage,1.333333373
CZE,CZECH REPUBLIC,Probability to receive funding,By technology,Bioenergy,Later stage,2020,0,Percentage,1.333333373
CZE,CZECH REPUBLIC,Probability to receive funding,By technology,Bioenergy,Later stage,2021,0,Percentage,1.333333373
CZE,CZECH REPUBLIC,Probability to receive funding,By technology,Clean energy,Later stage,2021,0,Percentage,66
CZE,CZECH REPUBLIC,Probability to receive funding,By technology,Electric mobility,Later stage,2015,0,Percentage,2
CZE,CZECH REPUBLIC,Probability to receive funding,By technology,Electric mobility,Later stage,2016,0,Percentage,3
CZE,CZECH REPUBLIC,Probability to receive funding,By technology,Electric mobility,Later stage,2017,0,Percentage,3
CZE,CZECH REPUBLIC,Probability to receive funding,By technology,Electric mobility,Later stage,2018,0,Percentage,3
CZE,CZECH REPUBLIC,Probability to receive funding,By technology,Electric mobility,Later stage,2019,0,Percentage,3
CZE,CZECH REPUBLIC,Probability to receive funding,By technology,Electric mobility,Later stage,2020,0,Percentage,3
CZE,CZECH REPUBLIC,Probability to receive funding,By technology,Electric mobility,Later stage,2021,0,Percentage,3
CZE,CZECH REPUBLIC,Probability to receive funding,By technology,Energy efficiency,Later stage,2015,0,Percentage,32.93333435
CZE,CZECH REPUBLIC,Probability to receive funding,By technology,Energy efficiency,Later stage,2016,0,Percentage,34.93333435
CZE,CZECH REPUBLIC,Probability to receive funding,By technology,Energy efficiency,Later stage,2017,0,Percentage,39.93333435
CZE,CZECH REPUBLIC,Probability to receive funding,By technology,Energy efficiency,Later stage,2018,0,Percentage,41.93333435
CZE,CZECH REPUBLIC,Probability to receive funding,By technology,Energy efficiency,Later stage,2019,0,Percentage,42.93333435
CZE,CZECH REPUBLIC,Probability to receive funding,By technology,Energy efficiency,Later stage,2020,0,Percentage,42.93333435
CZE,CZECH REPUBLIC,Probability to receive funding,By technology,Energy efficiency,Later stage,2021,0,Percentage,42.93333435
CZE,CZECH REPUBLIC,Probability to receive funding,By technology,Energy storage and batteries,Later stage,2015,0,Percentage,7.483333111
CZE,CZECH REPUBLIC,Probability to receive funding,By technology,Energy storage and batteries,Later stage,2016,0,Percentage,7.483333111
CZE,CZECH REPUBLIC,Probability to receive funding,By technology,Energy storage and batteries,Later stage,2017,0,Percentage,7.483333111
CZE,CZECH REPUBLIC,Probability to receive funding,By technology,Energy storage and batteries,Later stage,2018,0,Percentage,7.483333111
CZE,CZECH REPUBLIC,Probability to receive funding,By technology,Energy storage and batteries,Later stage,2019,0,Percentage,7.483333111
CZE,CZECH REPUBLIC,Probability to receive funding,By technology,Energy storage and batteries,Later stage,2020,0,Percentage,7.483333111
CZE,CZECH REPUBLIC,Probability to receive funding,By technology,Energy storage and batteries,Later stage,2021,0,Percentage,7.483333111
CZE,CZECH REPUBLIC,Probability to receive funding,By technology,Fossil fuels,Later stage,2015,0,Percentage,11.64999962
CZE,CZECH REPUBLIC,Probability to receive funding,By technology,Fossil fuels,Later stage,2016,0,Percentage,11.64999962
CZE,CZECH REPUBLIC,Probability to receive funding,By technology,Fossil fuels,Later stage,2017,0,Percentage,11.64999962
CZE,CZECH REPUBLIC,Probability to receive funding,By technology,Fossil fuels,Later stage,2018,0,Percentage,11.64999962
CZE,CZECH REPUBLIC,Probability to receive funding,By technology,Fossil fuels,Later stage,2019,0,Percentage,12.14999962
CZE,CZECH REPUBLIC,Probability to receive funding,By technology,Fossil fuels,Later stage,2020,0,Percentage,12.14999962
CZE,CZECH REPUBLIC,Probability to receive funding,By technology,Fossil fuels,Later stage,2021,0,Percentage,12.14999962
CZE,CZECH REPUBLIC,Probability to receive funding,By technology,Grid,Later stage,2015,0,Percentage,6.233333111
CZE,CZECH REPUBLIC,Probability to receive funding,By technology,Grid,Later stage,2016,0,Percentage,6.233333111
CZE,CZECH REPUBLIC,Probability to receive funding,By technology,Grid,Later stage,2017,0,Percentage,6.733333111
CZE,CZECH REPUBLIC,Probability to receive funding,By technology,Grid,Later stage,2018,0,Percentage,6.733333111
CZE,CZECH REPUBLIC,Probability to receive funding,By technology,Grid,Later stage,2019,0,Percentage,6.733333111
CZE,CZECH REPUBLIC,Probability to receive funding,By technology,Grid,Later stage,2020,0,Percentage,6.733333111
CZE,CZECH REPUBLIC,Probability to receive funding,By technology,Grid,Later stage,2021,0,Percentage,6.733333111
CZE,CZECH REPUBLIC,Probability to receive funding,By technology,Non-clean energy,Later stage,2021,0,Percentage,112
CZE,CZECH REPUBLIC,Probability to receive funding,By technology,Other energy,Later stage,2015,0,Percentage,43.65000153
CZE,CZECH REPUBLIC,Probability to receive funding,By technology,Other energy,Later stage,2016,0,Percentage,44.15000153
CZE,CZECH REPUBLIC,Probability to receive funding,By technology,Other energy,Later stage,2017,0,Percentage,45.65000153
CZE,CZECH REPUBLIC,Probability to receive funding,By technology,Other energy,Later stage,2018,0,Percentage,46.65000153
CZE,CZECH REPUBLIC,Probability to receive funding,By technology,Other energy,Later stage,2019,0,Percentage,47.15000153
CZE,CZECH REPUBLIC,Probability to receive funding,By technology,Other energy,Later stage,2020,0,Percentage,47.15000153
CZE,CZECH REPUBLIC,Probability to receive funding,By technology,Other energy,Later stage,2021,0,Percentage,47.15000153
CZE,CZECH REPUBLIC,Probability to receive funding,By technology,Other renewables,Later stage,2015,0,Percentage,18.06666756
CZE,CZECH REPUBLIC,Probability to receive funding,By technology,Other renewables,Later stage,2016,0,Percentage,18.06666756
CZE,CZECH REPUBLIC,Probability to receive funding,By technology,Other renewables,Later stage,2017,0,Percentage,18.06666756
CZE,CZECH REPUBLIC,Probability to receive funding,By technology,Other renewables,Later stage,2018,0,Percentage,19.56666756
CZE,CZECH REPUBLIC,Probability to receive funding,By technology,Other renewables,Later stage,2019,0,Percentage,19.56666756
CZE,CZECH REPUBLIC,Probability to receive funding,By technology,Other renewables,Later stage,2020,0,Percentage,19.56666756
CZE,CZECH REPUBLIC,Probability to receive funding,By technology,Other renewables,Later stage,2021,0,Percentage,19.56666756
CZE,CZECH REPUBLIC,Probability to receive funding,By technology,Solar,Later stage,2015,0,Percentage,27.98333359
CZE,CZECH REPUBLIC,Probability to receive funding,By technology,Solar,Later stage,2016,0,Percentage,28.48333359
CZE,CZECH REPUBLIC,Probability to receive funding,By technology,Solar,Later stage,2017,0,Percentage,29.48333359
CZE,CZECH REPUBLIC,Probability to receive funding,By technology,Solar,Later stage,2018,0,Percentage,29.98333359
CZE,CZECH REPUBLIC,Probability to receive funding,By technology,Solar,Later stage,2019,0,Percentage,29.98333359
CZE,CZECH REPUBLIC,Probability to receive funding,By technology,Solar,Later stage,2020,0,Percentage,29.98333359
CZE,CZECH REPUBLIC,Probability to receive funding,By technology,Solar,Later stage,2021,0,Percentage,29.98333359
CZE,CZECH REPUBLIC,Probability to receive funding,By technology,Wind,Later stage,2015,0,Percentage,0.666666687
CZE,CZECH REPUBLIC,Probability to receive funding,By technology,Wind,Later stage,2016,0,Percentage,0.666666687
CZE,CZECH REPUBLIC,Probability to receive funding,By technology,Wind,Later stage,2017,0,Percentage,0.666666687
CZE,CZECH REPUBLIC,Probability to receive funding,By technology,Wind,Later stage,2018,0,Percentage,0.666666687
CZE,CZECH REPUBLIC,Probability to receive funding,By technology,Wind,Later stage,2019,0,Percentage,0.666666687
CZE,CZECH REPUBLIC,Probability to receive funding,By technology,Wind,Later stage,2020,0,Percentage,0.666666687
CZE,CZECH REPUBLIC,Probability to receive funding,By technology,Wind,Later stage,2021,0,Percentage,0.666666687
PRK,DEMOCRATIC PEOPLE'S REPUBLIC OF KOREA,Probability to receive funding,"By sector (energy, green, digital)",Non-energy,Early stage,2021,0,Percentage,1
PRK,DEMOCRATIC PEOPLE'S REPUBLIC OF KOREA,Probability to receive funding,"By sector (energy, green, digital)",Non-energy,Later stage,2021,0,Percentage,1
COD,DEMOCRATIC REPUBLIC OF THE CONGO,Fundings of start-ups,"By sector (energy, green, digital)",Energy,Early stage,2019,1086734.75,USD,1
COD,DEMOCRATIC REPUBLIC OF THE CONGO,Probability to receive funding,"By sector (energy, green, digital)",Energy,Early stage,2021,33.33333206,Percentage,3
COD,DEMOCRATIC REPUBLIC OF THE CONGO,Fundings of start-ups,"By sector (energy, green, digital)",Energy,Early stage,2022,4.19726038,Years,3
COD,DEMOCRATIC REPUBLIC OF THE CONGO,Fundings of start-ups,"By sector (energy, green, digital)",Energy and non-digital,Early stage,2019,1086734.75,USD,1
COD,DEMOCRATIC REPUBLIC OF THE CONGO,Probability to receive funding,"By sector (energy, green, digital)",Energy and non-digital,Early stage,2021,33.33333206,Percentage,3
COD,DEMOCRATIC REPUBLIC OF THE CONGO,Fundings of start-ups,"By sector (energy, green, digital)",Energy and non-digital,Early stage,2022,4.19726038,Years,3
COD,DEMOCRATIC REPUBLIC OF THE CONGO,Fundings of start-ups,"By sector (energy, green, digital)",Non-energy,Early stage,2015,23535.91211,USD,1
COD,DEMOCRATIC REPUBLIC OF THE CONGO,Probability to receive funding,"By sector (energy, green, digital)",Non-energy,Early stage,2021,7.692307472,Percentage,52
COD,DEMOCRATIC REPUBLIC OF THE CONGO,Fundings of start-ups,"By sector (energy, green, digital)",Non-energy,Early stage,2022,0.694520533,Years,52
COD,DEMOCRATIC REPUBLIC OF THE CONGO,Probability to receive funding,"By sector (energy, green, digital)",Energy,Later stage,2021,66.66666412,Percentage,3
COD,DEMOCRATIC REPUBLIC OF THE CONGO,Fundings of start-ups,"By sector (energy, green, digital)",Energy,Later stage,2021,1234782.625,USD,1
COD,DEMOCRATIC REPUBLIC OF THE CONGO,Fundings of start-ups,"By sector (energy, green, digital)",Energy,Later stage,2022,6.971232891,Years,3
COD,DEMOCRATIC REPUBLIC OF THE CONGO,Probability to receive funding,"By sector (energy, green, digital)",Energy and non-digital,Later stage,2021,66.66666412,Percentage,3
COD,DEMOCRATIC REPUBLIC OF THE CONGO,Fundings of start-ups,"By sector (energy, green, digital)",Energy and non-digital,Later stage,2021,1234782.625,USD,1
COD,DEMOCRATIC REPUBLIC OF THE CONGO,Fundings of start-ups,"By sector (energy, green, digital)",Energy and non-digital,Later stage,2022,6.971232891,Years,3
COD,DEMOCRATIC REPUBLIC OF THE CONGO,Probability to receive funding,"By sector (energy, green, digital)",Non-energy,Later stage,2021,0,Percentage,52
COD,DEMOCRATIC REPUBLIC OF THE CONGO,Fundings of start-ups,By technology,Other energy,all,2019,2063709.125,USD,1.5
COD,DEMOCRATIC REPUBLIC OF THE CONGO,Fundings of start-ups,By technology,Other energy,all,2021,617391.3125,USD,0.5
COD,DEMOCRATIC REPUBLIC OF THE CONGO,Fundings of start-ups,By technology,Solar,all,2019,2063709.125,USD,1.5
COD,DEMOCRATIC REPUBLIC OF THE CONGO,Fundings of start-ups,By technology,Solar,all,2021,617391.3125,USD,0.5
COD,DEMOCRATIC REPUBLIC OF THE CONGO,Probability to receive funding,By technology,Clean energy,Early stage,2021,0,Percentage,1
COD,DEMOCRATIC REPUBLIC OF THE CONGO,Probability to receive funding,By technology,Fossil fuels,Early stage,2015,0,Percentage,1
COD,DEMOCRATIC REPUBLIC OF THE CONGO,Probability to receive funding,By technology,Fossil fuels,Early stage,2016,0,Percentage,1
COD,DEMOCRATIC REPUBLIC OF THE CONGO,Probability to receive funding,By technology,Fossil fuels,Early stage,2017,0,Percentage,1
COD,DEMOCRATIC REPUBLIC OF THE CONGO,Probability to receive funding,By technology,Fossil fuels,Early stage,2018,0,Percentage,1
COD,DEMOCRATIC REPUBLIC OF THE CONGO,Probability to receive funding,By technology,Fossil fuels,Early stage,2019,0,Percentage,1
COD,DEMOCRATIC REPUBLIC OF THE CONGO,Probability to receive funding,By technology,Fossil fuels,Early stage,2020,0,Percentage,1
COD,DEMOCRATIC REPUBLIC OF THE CONGO,Probability to receive funding,By technology,Fossil fuels,Early stage,2021,0,Percentage,1
COD,DEMOCRATIC REPUBLIC OF THE CONGO,Probability to receive funding,By technology,Grid,Early stage,2015,0,Percentage,0.333333343
COD,DEMOCRATIC REPUBLIC OF THE CONGO,Probability to receive funding,By technology,Grid,Early stage,2016,0,Percentage,0.333333343
COD,DEMOCRATIC REPUBLIC OF THE CONGO,Probability to receive funding,By technology,Grid,Early stage,2017,0,Percentage,0.333333343
COD,DEMOCRATIC REPUBLIC OF THE CONGO,Probability to receive funding,By technology,Grid,Early stage,2018,0,Percentage,0.333333343
COD,DEMOCRATIC REPUBLIC OF THE CONGO,Probability to receive funding,By technology,Grid,Early stage,2019,0,Percentage,0.333333343
COD,DEMOCRATIC REPUBLIC OF THE CONGO,Probability to receive funding,By technology,Grid,Early stage,2020,0,Percentage,0.333333343
COD,DEMOCRATIC REPUBLIC OF THE CONGO,Probability to receive funding,By technology,Grid,Early stage,2021,0,Percentage,0.333333343
COD,DEMOCRATIC REPUBLIC OF THE CONGO,Fundings of start-ups,By technology,Non-clean energy,Early stage,2019,1086734.75,USD,1
COD,DEMOCRATIC REPUBLIC OF THE CONGO,Probability to receive funding,By technology,Non-clean energy,Early stage,2021,50,Percentage,2
COD,DEMOCRATIC REPUBLIC OF THE CONGO,Fundings of start-ups,By technology,Non-clean energy,Early stage,2022,4.19726038,Years,2
COD,DEMOCRATIC REPUBLIC OF THE CONGO,Probability to receive funding,By technology,Other energy,Early stage,2015,60,Percentage,0.833333313
COD,DEMOCRATIC REPUBLIC OF THE CONGO,Probability to receive funding,By technology,Other energy,Early stage,2016,60,Percentage,0.833333313
COD,DEMOCRATIC REPUBLIC OF THE CONGO,Probability to receive funding,By technology,Other energy,Early stage,2017,60,Percentage,0.833333313
COD,DEMOCRATIC REPUBLIC OF THE CONGO,Probability to receive funding,By technology,Other energy,Early stage,2018,60,Percentage,0.833333313
COD,DEMOCRATIC REPUBLIC OF THE CONGO,Probability to receive funding,By technology,Other energy,Early stage,2019,60,Percentage,0.833333313
COD,DEMOCRATIC REPUBLIC OF THE CONGO,Probability to receive funding,By technology,Other energy,Early stage,2020,60,Percentage,0.833333313
COD,DEMOCRATIC REPUBLIC OF THE CONGO,Probability to receive funding,By technology,Other energy,Early stage,2021,60,Percentage,0.833333313
COD,DEMOCRATIC REPUBLIC OF THE CONGO,Probability to receive funding,By technology,Other renewables,Early stage,2015,0,Percentage,0.333333343
COD,DEMOCRATIC REPUBLIC OF THE CONGO,Probability to receive funding,By technology,Other renewables,Early stage,2016,0,Percentage,0.333333343
COD,DEMOCRATIC REPUBLIC OF THE CONGO,Probability to receive funding,By technology,Other renewables,Early stage,2017,0,Percentage,0.333333343
COD,DEMOCRATIC REPUBLIC OF THE CONGO,Probability to receive funding,By technology,Other renewables,Early stage,2018,0,Percentage,0.333333343
COD,DEMOCRATIC REPUBLIC OF THE CONGO,Probability to receive funding,By technology,Other renewables,Early stage,2019,0,Percentage,0.333333343
COD,DEMOCRATIC REPUBLIC OF THE CONGO,Probability to receive funding,By technology,Other renewables,Early stage,2020,0,Percentage,0.333333343
COD,DEMOCRATIC REPUBLIC OF THE CONGO,Probability to receive funding,By technology,Other renewables,Early stage,2021,0,Percentage,0.333333343
COD,DEMOCRATIC REPUBLIC OF THE CONGO,Probability to receive funding,By technology,Solar,Early stage,2015,100,Percentage,0.5
COD,DEMOCRATIC REPUBLIC OF THE CONGO,Probability to receive funding,By technology,Solar,Early stage,2016,100,Percentage,0.5
COD,DEMOCRATIC REPUBLIC OF THE CONGO,Probability to receive funding,By technology,Solar,Early stage,2017,100,Percentage,0.5
COD,DEMOCRATIC REPUBLIC OF THE CONGO,Probability to receive funding,By technology,Solar,Early stage,2018,100,Percentage,0.5
COD,DEMOCRATIC REPUBLIC OF THE CONGO,Probability to receive funding,By technology,Solar,Early stage,2019,100,Percentage,0.5
COD,DEMOCRATIC REPUBLIC OF THE CONGO,Probability to receive funding,By technology,Solar,Early stage,2020,100,Percentage,0.5
COD,DEMOCRATIC REPUBLIC OF THE CONGO,Probability to receive funding,By technology,Solar,Early stage,2021,100,Percentage,0.5
COD,DEMOCRATIC REPUBLIC OF THE CONGO,Probability to receive funding,By technology,Clean energy,Later stage,2021,100,Percentage,1
COD,DEMOCRATIC REPUBLIC OF THE CONGO,Fundings of start-ups,By technology,Clean energy,Later stage,2022,7.753424644,Years,1
COD,DEMOCRATIC REPUBLIC OF THE CONGO,Probability to receive funding,By technology,Fossil fuels,Later stage,2015,0,Percentage,1
COD,DEMOCRATIC REPUBLIC OF THE CONGO,Probability to receive funding,By technology,Fossil fuels,Later stage,2016,0,Percentage,1
COD,DEMOCRATIC REPUBLIC OF THE CONGO,Probability to receive funding,By technology,Fossil fuels,Later stage,2017,0,Percentage,1
COD,DEMOCRATIC REPUBLIC OF THE CONGO,Probability to receive funding,By technology,Fossil fuels,Later stage,2018,0,Percentage,1
COD,DEMOCRATIC REPUBLIC OF THE CONGO,Probability to receive funding,By technology,Fossil fuels,Later stage,2019,0,Percentage,1
COD,DEMOCRATIC REPUBLIC OF THE CONGO,Probability to receive funding,By technology,Fossil fuels,Later stage,2020,0,Percentage,1
COD,DEMOCRATIC REPUBLIC OF THE CONGO,Probability to receive funding,By technology,Fossil fuels,Later stage,2021,0,Percentage,1
COD,DEMOCRATIC REPUBLIC OF THE CONGO,Probability to receive funding,By technology,Grid,Later stage,2015,100,Percentage,0.333333343
COD,DEMOCRATIC REPUBLIC OF THE CONGO,Probability to receive funding,By technology,Grid,Later stage,2016,100,Percentage,0.333333343
COD,DEMOCRATIC REPUBLIC OF THE CONGO,Probability to receive funding,By technology,Grid,Later stage,2017,100,Percentage,0.333333343
COD,DEMOCRATIC REPUBLIC OF THE CONGO,Probability to receive funding,By technology,Grid,Later stage,2018,100,Percentage,0.333333343
COD,DEMOCRATIC REPUBLIC OF THE CONGO,Probability to receive funding,By technology,Grid,Later stage,2019,100,Percentage,0.333333343
COD,DEMOCRATIC REPUBLIC OF THE CONGO,Probability to receive funding,By technology,Grid,Later stage,2020,100,Percentage,0.333333343
COD,DEMOCRATIC REPUBLIC OF THE CONGO,Probability to receive funding,By technology,Grid,Later stage,2021,100,Percentage,0.333333343
COD,DEMOCRATIC REPUBLIC OF THE CONGO,Fundings of start-ups,By technology,Non-clean energy,Later stage,2021,1234782.625,USD,1
COD,DEMOCRATIC REPUBLIC OF THE CONGO,Probability to receive funding,By technology,Non-clean energy,Later stage,2021,50,Percentage,2
COD,DEMOCRATIC REPUBLIC OF THE CONGO,Fundings of start-ups,By technology,Non-clean energy,Later stage,2022,6.189041138,Years,2
COD,DEMOCRATIC REPUBLIC OF THE CONGO,Probability to receive funding,By technology,Other energy,Later stage,2015,100,Percentage,0.833333313
COD,DEMOCRATIC REPUBLIC OF THE CONGO,Probability to receive funding,By technology,Other energy,Later stage,2016,100,Percentage,0.833333313
COD,DEMOCRATIC REPUBLIC OF THE CONGO,Probability to receive funding,By technology,Other energy,Later stage,2017,100,Percentage,0.833333313
COD,DEMOCRATIC REPUBLIC OF THE CONGO,Probability to receive funding,By technology,Other energy,Later stage,2018,100,Percentage,0.833333313
COD,DEMOCRATIC REPUBLIC OF THE CONGO,Probability to receive funding,By technology,Other energy,Later stage,2019,100,Percentage,0.833333313
COD,DEMOCRATIC REPUBLIC OF THE CONGO,Probability to receive funding,By technology,Other energy,Later stage,2020,100,Percentage,0.833333313
COD,DEMOCRATIC REPUBLIC OF THE CONGO,Probability to receive funding,By technology,Other energy,Later stage,2021,100,Percentage,0.833333313
COD,DEMOCRATIC REPUBLIC OF THE CONGO,Probability to receive funding,By technology,Other renewables,Later stage,2015,100,Percentage,0.333333343
COD,DEMOCRATIC REPUBLIC OF THE CONGO,Probability to receive funding,By technology,Other renewables,Later stage,2016,100,Percentage,0.333333343
COD,DEMOCRATIC REPUBLIC OF THE CONGO,Probability to receive funding,By technology,Other renewables,Later stage,2017,100,Percentage,0.333333343
COD,DEMOCRATIC REPUBLIC OF THE CONGO,Probability to receive funding,By technology,Other renewables,Later stage,2018,100,Percentage,0.333333343
COD,DEMOCRATIC REPUBLIC OF THE CONGO,Probability to receive funding,By technology,Other renewables,Later stage,2019,100,Percentage,0.333333343
COD,DEMOCRATIC REPUBLIC OF THE CONGO,Probability to receive funding,By technology,Other renewables,Later stage,2020,100,Percentage,0.333333343
COD,DEMOCRATIC REPUBLIC OF THE CONGO,Probability to receive funding,By technology,Other renewables,Later stage,2021,100,Percentage,0.333333343
COD,DEMOCRATIC REPUBLIC OF THE CONGO,Probability to receive funding,By technology,Solar,Later stage,2015,100,Percentage,0.5
COD,DEMOCRATIC REPUBLIC OF THE CONGO,Probability to receive funding,By technology,Solar,Later stage,2016,100,Percentage,0.5
COD,DEMOCRATIC REPUBLIC OF THE CONGO,Probability to receive funding,By technology,Solar,Later stage,2017,100,Percentage,0.5
COD,DEMOCRATIC REPUBLIC OF THE CONGO,Probability to receive funding,By technology,Solar,Later stage,2018,100,Percentage,0.5
COD,DEMOCRATIC REPUBLIC OF THE CONGO,Probability to receive funding,By technology,Solar,Later stage,2019,100,Percentage,0.5
COD,DEMOCRATIC REPUBLIC OF THE CONGO,Probability to receive funding,By technology,Solar,Later stage,2020,100,Percentage,0.5
COD,DEMOCRATIC REPUBLIC OF THE CONGO,Probability to receive funding,By technology,Solar,Later stage,2021,100,Percentage,0.5
DNK,DENMARK,Fundings of start-ups,"By sector (energy, green, digital)",Energy,Early stage,2008,20654546,USD,1
DNK,DENMARK,Fundings of start-ups,"By sector (energy, green, digital)",Energy,Early stage,2010,694323.875,USD,1
DNK,DENMARK,Fundings of start-ups,"By sector (energy, green, digital)",Energy,Early stage,2013,3782444.5,USD,3
DNK,DENMARK,Fundings of start-ups,"By sector (energy, green, digital)",Energy,Early stage,2014,17319802,USD,8
DNK,DENMARK,Fundings of start-ups,"By sector (energy, green, digital)",Energy,Early stage,2015,5605282,USD,5
DNK,DENMARK,Fundings of start-ups,"By sector (energy, green, digital)",Energy,Early stage,2016,1332407.625,USD,2
DNK,DENMARK,Fundings of start-ups,"By sector (energy, green, digital)",Energy,Early stage,2017,491082.8438,USD,1
DNK,DENMARK,Fundings of start-ups,"By sector (energy, green, digital)",Energy,Early stage,2018,1864138.25,USD,2
DNK,DENMARK,Fundings of start-ups,"By sector (energy, green, digital)",Energy,Early stage,2019,4998979.5,USD,1
DNK,DENMARK,Fundings of start-ups,"By sector (energy, green, digital)",Energy,Early stage,2020,10849620,USD,6
DNK,DENMARK,Probability to receive funding,"By sector (energy, green, digital)",Energy,Early stage,2021,9.787234306,Percentage,235
DNK,DENMARK,Fundings of start-ups,"By sector (energy, green, digital)",Energy,Early stage,2021,42169676,USD,5
DNK,DENMARK,Fundings of start-ups,"By sector (energy, green, digital)",Energy,Early stage,2022,3.278022528,Years,236
DNK,DENMARK,Fundings of start-ups,"By sector (energy, green, digital)",Energy,Early stage,2022,93827112,USD,8
DNK,DENMARK,Fundings of start-ups,"By sector (energy, green, digital)",Energy and digital,Early stage,2008,20654546,USD,1
DNK,DENMARK,Fundings of start-ups,"By sector (energy, green, digital)",Energy and digital,Early stage,2013,3100365.75,USD,2
DNK,DENMARK,Fundings of start-ups,"By sector (energy, green, digital)",Energy and digital,Early stage,2014,1004066.688,USD,2
DNK,DENMARK,Fundings of start-ups,"By sector (energy, green, digital)",Energy and digital,Early stage,2017,491082.8438,USD,1
DNK,DENMARK,Fundings of start-ups,"By sector (energy, green, digital)",Energy and digital,Early stage,2020,870012.5,USD,1
DNK,DENMARK,Fundings of start-ups,"By sector (energy, green, digital)",Energy and digital,Early stage,2021,5302778,USD,1
DNK,DENMARK,Probability to receive funding,"By sector (energy, green, digital)",Energy and digital,Early stage,2021,11.47540951,Percentage,61
DNK,DENMARK,Fundings of start-ups,"By sector (energy, green, digital)",Energy and digital,Early stage,2022,2.727592945,Years,61
DNK,DENMARK,Fundings of start-ups,"By sector (energy, green, digital)",Energy and digital,Early stage,2022,49261036,USD,4
DNK,DENMARK,Fundings of start-ups,"By sector (energy, green, digital)",Energy and non-digital,Early stage,2010,694323.875,USD,1
DNK,DENMARK,Fundings of start-ups,"By sector (energy, green, digital)",Energy and non-digital,Early stage,2013,682078.625,USD,1
DNK,DENMARK,Fundings of start-ups,"By sector (energy, green, digital)",Energy and non-digital,Early stage,2014,16315735,USD,6
DNK,DENMARK,Fundings of start-ups,"By sector (energy, green, digital)",Energy and non-digital,Early stage,2015,5605282,USD,5
DNK,DENMARK,Fundings of start-ups,"By sector (energy, green, digital)",Energy and non-digital,Early stage,2016,1332407.625,USD,2
DNK,DENMARK,Fundings of start-ups,"By sector (energy, green, digital)",Energy and non-digital,Early stage,2018,1864138.25,USD,2
DNK,DENMARK,Fundings of start-ups,"By sector (energy, green, digital)",Energy and non-digital,Early stage,2019,4998979.5,USD,1
DNK,DENMARK,Fundings of start-ups,"By sector (energy, green, digital)",Energy and non-digital,Early stage,2020,9979607,USD,5
DNK,DENMARK,Probability to receive funding,"By sector (energy, green, digital)",Energy and non-digital,Early stage,2021,9.195402145,Percentage,174
DNK,DENMARK,Fundings of start-ups,"By sector (energy, green, digital)",Energy and non-digital,Early stage,2021,36866900,USD,4
DNK,DENMARK,Fundings of start-ups,"By sector (energy, green, digital)",Energy and non-digital,Early stage,2022,44566076,USD,4
DNK,DENMARK,Fundings of start-ups,"By sector (energy, green, digital)",Energy and non-digital,Early stage,2022,3.518835545,Years,175
DNK,DENMARK,Fundings of start-ups,"By sector (energy, green, digital)",Non-energy,Early stage,2000,6454545.5,USD,1
DNK,DENMARK,Fundings of start-ups,"By sector (energy, green, digital)",Non-energy,Early stage,2001,114000824,USD,3
DNK,DENMARK,Fundings of start-ups,"By sector (energy, green, digital)",Non-energy,Early stage,2002,44143480,USD,2
DNK,DENMARK,Fundings of start-ups,"By sector (energy, green, digital)",Non-energy,Early stage,2003,33808084,USD,5
DNK,DENMARK,Fundings of start-ups,"By sector (energy, green, digital)",Non-energy,Early stage,2004,49207548,USD,5
DNK,DENMARK,Fundings of start-ups,"By sector (energy, green, digital)",Non-energy,Early stage,2005,35736680,USD,4
DNK,DENMARK,Fundings of start-ups,"By sector (energy, green, digital)",Non-energy,Early stage,2006,50234372,USD,8
DNK,DENMARK,Fundings of start-ups,"By sector (energy, green, digital)",Non-energy,Early stage,2007,40176260,USD,8
DNK,DENMARK,Fundings of start-ups,"By sector (energy, green, digital)",Non-energy,Early stage,2008,117754528,USD,9
DNK,DENMARK,Fundings of start-ups,"By sector (energy, green, digital)",Non-energy,Early stage,2009,2436498,USD,4
DNK,DENMARK,Fundings of start-ups,"By sector (energy, green, digital)",Non-energy,Early stage,2010,9473102,USD,9
DNK,DENMARK,Fundings of start-ups,"By sector (energy, green, digital)",Non-energy,Early stage,2011,46853888,USD,15
DNK,DENMARK,Fundings of start-ups,"By sector (energy, green, digital)",Non-energy,Early stage,2012,78418424,USD,24
DNK,DENMARK,Fundings of start-ups,"By sector (energy, green, digital)",Non-energy,Early stage,2013,55379580,USD,35
DNK,DENMARK,Fundings of start-ups,"By sector (energy, green, digital)",Non-energy,Early stage,2014,63881204,USD,50
DNK,DENMARK,Fundings of start-ups,"By sector (energy, green, digital)",Non-energy,Early stage,2015,110592456,USD,57
DNK,DENMARK,Fundings of start-ups,"By sector (energy, green, digital)",Non-energy,Early stage,2016,105252952,USD,58
DNK,DENMARK,Fundings of start-ups,"By sector (energy, green, digital)",Non-energy,Early stage,2017,147286976,USD,64
DNK,DENMARK,Fundings of start-ups,"By sector (energy, green, digital)",Non-energy,Early stage,2018,260910432,USD,69
DNK,DENMARK,Fundings of start-ups,"By sector (energy, green, digital)",Non-energy,Early stage,2019,462212704,USD,64
DNK,DENMARK,Fundings of start-ups,"By sector (energy, green, digital)",Non-energy,Early stage,2020,405625760,USD,74
DNK,DENMARK,Probability to receive funding,"By sector (energy, green, digital)",Non-energy,Early stage,2021,9.083910942,Percentage,5196
DNK,DENMARK,Fundings of start-ups,"By sector (energy, green, digital)",Non-energy,Early stage,2021,1083098112,USD,83
DNK,DENMARK,Fundings of start-ups,"By sector (energy, green, digital)",Non-energy,Early stage,2022,2.074579477,Years,5208
DNK,DENMARK,Fundings of start-ups,"By sector (energy, green, digital)",Non-energy,Early stage,2022,345172736,USD,37
DNK,DENMARK,Fundings of start-ups,"By sector (energy, green, digital)",Energy,Later stage,2005,15524698,USD,1
DNK,DENMARK,Fundings of start-ups,"By sector (energy, green, digital)",Energy,Later stage,2009,10390244,USD,1
DNK,DENMARK,Fundings of start-ups,"By sector (energy, green, digital)",Energy,Later stage,2019,988928.5625,USD,1
DNK,DENMARK,Fundings of start-ups,"By sector (energy, green, digital)",Energy,Later stage,2020,4410606,USD,1
DNK,DENMARK,Probability to receive funding,"By sector (energy, green, digital)",Energy,Later stage,2021,4.255319118,Percentage,235
DNK,DENMARK,Fundings of start-ups,"By sector (energy, green, digital)",Energy,Later stage,2022,5.483287811,Years,236
DNK,DENMARK,Fundings of start-ups,"By sector (energy, green, digital)",Energy and digital,Later stage,2005,15524698,USD,1
DNK,DENMARK,Fundings of start-ups,"By sector (energy, green, digital)",Energy and digital,Later stage,2009,10390244,USD,1
DNK,DENMARK,Probability to receive funding,"By sector (energy, green, digital)",Energy and digital,Later stage,2021,1.639344215,Percentage,61
DNK,DENMARK,Fundings of start-ups,"By sector (energy, green, digital)",Energy and digital,Later stage,2022,1.221917868,Years,61
DNK,DENMARK,Fundings of start-ups,"By sector (energy, green, digital)",Energy and non-digital,Later stage,2019,988928.5625,USD,1
DNK,DENMARK,Fundings of start-ups,"By sector (energy, green, digital)",Energy and non-digital,Later stage,2020,4410606,USD,1
DNK,DENMARK,Probability to receive funding,"By sector (energy, green, digital)",Energy and non-digital,Later stage,2021,5.172413826,Percentage,174
DNK,DENMARK,Fundings of start-ups,"By sector (energy, green, digital)",Energy and non-digital,Later stage,2022,5.956773281,Years,175
DNK,DENMARK,Fundings of start-ups,"By sector (energy, green, digital)",Non-energy,Later stage,2004,36724136,USD,1
DNK,DENMARK,Fundings of start-ups,"By sector (energy, green, digital)",Non-energy,Later stage,2005,37453692,USD,2
DNK,DENMARK,Fundings of start-ups,"By sector (energy, green, digital)",Non-energy,Later stage,2006,66430636,USD,2
DNK,DENMARK,Fundings of start-ups,"By sector (energy, green, digital)",Non-energy,Later stage,2007,38193176,USD,2
DNK,DENMARK,Fundings of start-ups,"By sector (energy, green, digital)",Non-energy,Later stage,2009,83656032,USD,3
DNK,DENMARK,Fundings of start-ups,"By sector (energy, green, digital)",Non-energy,Later stage,2010,32044060,USD,4
DNK,DENMARK,Fundings of start-ups,"By sector (energy, green, digital)",Non-energy,Later stage,2011,162282688,USD,2
DNK,DENMARK,Fundings of start-ups,"By sector (energy, green, digital)",Non-energy,Later stage,2012,17998158,USD,2
DNK,DENMARK,Fundings of start-ups,"By sector (energy, green, digital)",Non-energy,Later stage,2013,64238116,USD,1
DNK,DENMARK,Fundings of start-ups,"By sector (energy, green, digital)",Non-energy,Later stage,2014,50082120,USD,8
DNK,DENMARK,Fundings of start-ups,"By sector (energy, green, digital)",Non-energy,Later stage,2015,121331216,USD,7
DNK,DENMARK,Fundings of start-ups,"By sector (energy, green, digital)",Non-energy,Later stage,2016,85824952,USD,14
DNK,DENMARK,Fundings of start-ups,"By sector (energy, green, digital)",Non-energy,Later stage,2017,66758448,USD,16
DNK,DENMARK,Fundings of start-ups,"By sector (energy, green, digital)",Non-energy,Later stage,2018,175491904,USD,11
DNK,DENMARK,Fundings of start-ups,"By sector (energy, green, digital)",Non-energy,Later stage,2019,121871808,USD,12
DNK,DENMARK,Fundings of start-ups,"By sector (energy, green, digital)",Non-energy,Later stage,2020,223638192,USD,18
DNK,DENMARK,Probability to receive funding,"By sector (energy, green, digital)",Non-energy,Later stage,2021,3.137028456,Percentage,5196
DNK,DENMARK,Fundings of start-ups,"By sector (energy, green, digital)",Non-energy,Later stage,2021,1020412096,USD,13
DNK,DENMARK,Fundings of start-ups,"By sector (energy, green, digital)",Non-energy,Later stage,2022,376658816,USD,8
DNK,DENMARK,Fundings of start-ups,"By sector (energy, green, digital)",Non-energy,Later stage,2022,4.655920506,Years,5208
DNK,DENMARK,Fundings of start-ups,By technology,Electric mobility,all,2020,870012.5,USD,1
DNK,DENMARK,Fundings of start-ups,By technology,Electric mobility,all,2021,5302778,USD,1
DNK,DENMARK,Fundings of start-ups,By technology,Electric mobility,all,2022,47061036,USD,2
DNK,DENMARK,Fundings of start-ups,By technology,Energy efficiency,all,2005,7762349,USD,0.5
DNK,DENMARK,Fundings of start-ups,By technology,Energy efficiency,all,2008,10327273,USD,0.5
DNK,DENMARK,Fundings of start-ups,By technology,Energy efficiency,all,2009,5195122,USD,0.5
DNK,DENMARK,Fundings of start-ups,By technology,Energy efficiency,all,2013,1043421.188,USD,1
DNK,DENMARK,Fundings of start-ups,By technology,Energy efficiency,all,2014,1798477.875,USD,2.666666746
DNK,DENMARK,Fundings of start-ups,By technology,Energy efficiency,all,2015,254482.4375,USD,1.333333373
DNK,DENMARK,Fundings of start-ups,By technology,Energy efficiency,all,2016,3067428.5,USD,2.333333254
DNK,DENMARK,Fundings of start-ups,By technology,Energy efficiency,all,2017,121270.6406,USD,0.333333343
DNK,DENMARK,Fundings of start-ups,By technology,Energy efficiency,all,2018,5147162.5,USD,2.333333254
DNK,DENMARK,Fundings of start-ups,By technology,Energy efficiency,all,2019,4998979.5,USD,1
DNK,DENMARK,Fundings of start-ups,By technology,Energy efficiency,all,2020,4715379,USD,2.25
DNK,DENMARK,Fundings of start-ups,By technology,Energy efficiency,all,2021,10258215,USD,2.25
DNK,DENMARK,Fundings of start-ups,By technology,Energy efficiency,all,2022,2725630.25,USD,2.25
DNK,DENMARK,Fundings of start-ups,By technology,Energy storage and batteries,all,2013,1028472.313,USD,0.5
DNK,DENMARK,Fundings of start-ups,By technology,Energy storage and batteries,all,2021,300621920,USD,0.5
DNK,DENMARK,Fundings of start-ups,By technology,Fossil fuels,all,2020,437566.5313,USD,1
DNK,DENMARK,Fundings of start-ups,By technology,Grid,all,2010,694323.875,USD,1
DNK,DENMARK,Fundings of start-ups,By technology,Grid,all,2013,682078.625,USD,1
DNK,DENMARK,Fundings of start-ups,By technology,Grid,all,2014,20344.44141,USD,2
DNK,DENMARK,Fundings of start-ups,By technology,Grid,all,2015,4118784.5,USD,2
DNK,DENMARK,Fundings of start-ups,By technology,Grid,all,2017,491082.8438,USD,1
DNK,DENMARK,Fundings of start-ups,By technology,Grid,all,2019,988928.5625,USD,1
DNK,DENMARK,Fundings of start-ups,By technology,Hydrogen and fuel cells,all,2020,4220995,USD,0.5
DNK,DENMARK,Fundings of start-ups,By technology,Hydrogen and fuel cells,all,2021,8713059,USD,0.5
DNK,DENMARK,Fundings of start-ups,By technology,Hydrogen and fuel cells,all,2022,18543466,USD,0.5
DNK,DENMARK,Fundings of start-ups,By technology,Other energy,all,2005,7762349,USD,0.5
DNK,DENMARK,Fundings of start-ups,By technology,Other energy,all,2008,10327273,USD,0.5
DNK,DENMARK,Fundings of start-ups,By technology,Other energy,all,2009,5195122,USD,0.5
DNK,DENMARK,Fundings of start-ups,By technology,Other energy,all,2013,1028472.313,USD,0.5
DNK,DENMARK,Fundings of start-ups,By technology,Other energy,all,2014,5456755,USD,1.333333373
DNK,DENMARK,Fundings of start-ups,By technology,Other energy,all,2015,254482.4375,USD,1.333333373
DNK,DENMARK,Fundings of start-ups,By technology,Other energy,all,2016,58266.30469,USD,0.333333343
DNK,DENMARK,Fundings of start-ups,By technology,Other energy,all,2017,121270.6406,USD,0.333333343
DNK,DENMARK,Fundings of start-ups,By technology,Other energy,all,2018,2787000.25,USD,1.833333373
DNK,DENMARK,Fundings of start-ups,By technology,Other energy,all,2020,304772.875,USD,1.25
DNK,DENMARK,Fundings of start-ups,By technology,Other energy,all,2021,305180864,USD,1.25
DNK,DENMARK,Fundings of start-ups,By technology,Other energy,all,2022,525630.25,USD,0.25
DNK,DENMARK,Fundings of start-ups,By technology,Other renewables,all,2014,5456755,USD,1.333333373
DNK,DENMARK,Fundings of start-ups,By technology,Other renewables,all,2015,254482.4375,USD,1.333333373
DNK,DENMARK,Fundings of start-ups,By technology,Other renewables,all,2016,58266.30469,USD,0.333333343
DNK,DENMARK,Fundings of start-ups,By technology,Other renewables,all,2017,121270.6406,USD,0.333333343
DNK,DENMARK,Fundings of start-ups,By technology,Other renewables,all,2018,2787000.25,USD,1.833333373
DNK,DENMARK,Fundings of start-ups,By technology,Other renewables,all,2020,4771020.5,USD,2
DNK,DENMARK,Fundings of start-ups,By technology,Other renewables,all,2021,13369634,USD,1.5
DNK,DENMARK,Fundings of start-ups,By technology,Other renewables,all,2022,24971348,USD,3
DNK,DENMARK,Fundings of start-ups,By technology,Solar,all,2014,5126280.5,USD,0.666666687
DNK,DENMARK,Fundings of start-ups,By technology,Wind,all,2014,441298.3438,USD,1
DNK,DENMARK,Fundings of start-ups,By technology,Wind,all,2015,823756.875,USD,1
DNK,DENMARK,Probability to receive funding,By technology,Bioenergy,Early stage,2015,0,Percentage,1.666666627
DNK,DENMARK,Probability to receive funding,By technology,Bioenergy,Early stage,2016,0,Percentage,2.666666746
DNK,DENMARK,Probability to receive funding,By technology,Bioenergy,Early stage,2017,0,Percentage,2.666666746
DNK,DENMARK,Probability to receive funding,By technology,Bioenergy,Early stage,2018,0,Percentage,2.666666746
DNK,DENMARK,Probability to receive funding,By technology,Bioenergy,Early stage,2019,0,Percentage,2.666666746
DNK,DENMARK,Probability to receive funding,By technology,Bioenergy,Early stage,2020,0,Percentage,2.666666746
DNK,DENMARK,Probability to receive funding,By technology,Bioenergy,Early stage,2021,0,Percentage,2.666666746
DNK,DENMARK,Fundings of start-ups,By technology,Clean energy,Early stage,2008,20654546,USD,1
DNK,DENMARK,Fundings of start-ups,By technology,Clean energy,Early stage,2013,1043421.188,USD,1
DNK,DENMARK,Fundings of start-ups,By technology,Clean energy,Early stage,2014,16828740,USD,5
DNK,DENMARK,Fundings of start-ups,By technology,Clean energy,Early stage,2015,1486497.625,USD,3
DNK,DENMARK,Fundings of start-ups,By technology,Clean energy,Early stage,2016,174798.9063,USD,1
DNK,DENMARK,Fundings of start-ups,By technology,Clean energy,Early stage,2018,1864138.25,USD,2
DNK,DENMARK,Fundings of start-ups,By technology,Clean energy,Early stage,2020,10412053,USD,5
DNK,DENMARK,Probability to receive funding,By technology,Clean energy,Early stage,2021,9.929078102,Percentage,141
DNK,DENMARK,Fundings of start-ups,By technology,Clean energy,Early stage,2021,32042046,USD,4
DNK,DENMARK,Fundings of start-ups,By technology,Clean energy,Early stage,2022,93827112,USD,8
DNK,DENMARK,Fundings of start-ups,By technology,Clean energy,Early stage,2022,3.344422817,Years,142
DNK,DENMARK,Probability to receive funding,By technology,Electric mobility,Early stage,2015,0,Percentage,5.5
DNK,DENMARK,Probability to receive funding,By technology,Electric mobility,Early stage,2016,0,Percentage,8.833333015
DNK,DENMARK,Probability to receive funding,By technology,Electric mobility,Early stage,2017,0,Percentage,8.833333015
DNK,DENMARK,Probability to receive funding,By technology,Electric mobility,Early stage,2018,0,Percentage,8.833333015
DNK,DENMARK,Probability to receive funding,By technology,Electric mobility,Early stage,2019,0,Percentage,8.833333015
DNK,DENMARK,Probability to receive funding,By technology,Electric mobility,Early stage,2020,9.230769157,Percentage,10.83333302
DNK,DENMARK,Probability to receive funding,By technology,Electric mobility,Early stage,2021,9.230769157,Percentage,10.83333302
DNK,DENMARK,Probability to receive funding,By technology,Energy efficiency,Early stage,2015,6.138613701,Percentage,42.08333206
DNK,DENMARK,Probability to receive funding,By technology,Energy efficiency,Early stage,2016,6.071428776,Percentage,46.66666794
DNK,DENMARK,Probability to receive funding,By technology,Energy efficiency,Early stage,2017,7.958477497,Percentage,48.16666794
DNK,DENMARK,Probability to receive funding,By technology,Energy efficiency,Early stage,2018,7.958477497,Percentage,48.16666794
DNK,DENMARK,Probability to receive funding,By technology,Energy efficiency,Early stage,2019,9.698996544,Percentage,49.83333206
DNK,DENMARK,Probability to receive funding,By technology,Energy efficiency,Early stage,2020,9.634551048,Percentage,50.16666794
DNK,DENMARK,Probability to receive funding,By technology,Energy efficiency,Early stage,2021,9.446253777,Percentage,51.16666794
DNK,DENMARK,Fundings of start-ups,By technology,Energy efficiency,Early stage,2022,2.49971652,Years,51.16666794
DNK,DENMARK,Probability to receive funding,By technology,Energy storage and batteries,Early stage,2015,41.860466,Percentage,3.583333254
DNK,DENMARK,Probability to receive funding,By technology,Energy storage and batteries,Early stage,2016,28.5714283,Percentage,5.25
DNK,DENMARK,Probability to receive funding,By technology,Energy storage and batteries,Early stage,2017,28.5714283,Percentage,5.25
DNK,DENMARK,Probability to receive funding,By technology,Energy storage and batteries,Early stage,2018,28.5714283,Percentage,5.25
DNK,DENMARK,Probability to receive funding,By technology,Energy storage and batteries,Early stage,2019,28.5714283,Percentage,5.25
DNK,DENMARK,Probability to receive funding,By technology,Energy storage and batteries,Early stage,2020,28.5714283,Percentage,5.25
DNK,DENMARK,Probability to receive funding,By technology,Energy storage and batteries,Early stage,2021,28.5714283,Percentage,5.25
DNK,DENMARK,Fundings of start-ups,By technology,Energy storage and batteries,Early stage,2022,3.291324139,Years,5.25
DNK,DENMARK,Probability to receive funding,By technology,Fossil fuels,Early stage,2015,0,Percentage,7.333333492
DNK,DENMARK,Probability to receive funding,By technology,Fossil fuels,Early stage,2016,11.320755,Percentage,8.833333015
DNK,DENMARK,Probability to receive funding,By technology,Fossil fuels,Early stage,2017,9.677419662,Percentage,10.33333302
DNK,DENMARK,Probability to receive funding,By technology,Fossil fuels,Early stage,2018,7.894736767,Percentage,12.66666698
DNK,DENMARK,Probability to receive funding,By technology,Fossil fuels,Early stage,2019,7.594936848,Percentage,13.16666698
DNK,DENMARK,Probability to receive funding,By technology,Fossil fuels,Early stage,2020,7.594936848,Percentage,13.16666698
DNK,DENMARK,Probability to receive funding,By technology,Fossil fuels,Early stage,2021,7.594936848,Percentage,13.16666698
DNK,DENMARK,Fundings of start-ups,By technology,Fossil fuels,Early stage,2022,4.726027489,Years,13.16666698
DNK,DENMARK,Probability to receive funding,By technology,Grid,Early stage,2015,37.5,Percentage,10.66666698
DNK,DENMARK,Probability to receive funding,By technology,Grid,Early stage,2016,34.2857132,Percentage,11.66666698
DNK,DENMARK,Probability to receive funding,By technology,Grid,Early stage,2017,32.21476364,Percentage,12.41666698
DNK,DENMARK,Probability to receive funding,By technology,Grid,Early stage,2018,31.37254906,Percentage,12.75
DNK,DENMARK,Probability to receive funding,By technology,Grid,Early stage,2019,31.37254906,Percentage,12.75
DNK,DENMARK,Probability to receive funding,By technology,Grid,Early stage,2020,30.18867874,Percentage,13.25
DNK,DENMARK,Probability to receive funding,By technology,Grid,Early stage,2021,30.18867874,Percentage,13.25
DNK,DENMARK,Fundings of start-ups,By technology,Grid,Early stage,2022,3.564383507,Years,13.25
DNK,DENMARK,Probability to receive funding,By technology,Hydrogen and fuel cells,Early stage,2015,0,Percentage,0.75
DNK,DENMARK,Probability to receive funding,By technology,Hydrogen and fuel cells,Early stage,2016,0,Percentage,0.75
DNK,DENMARK,Probability to receive funding,By technology,Hydrogen and fuel cells,Early stage,2017,0,Percentage,0.75
DNK,DENMARK,Probability to receive funding,By technology,Hydrogen and fuel cells,Early stage,2018,40,Percentage,1.25
DNK,DENMARK,Probability to receive funding,By technology,Hydrogen and fuel cells,Early stage,2019,40,Percentage,1.25
DNK,DENMARK,Probability to receive funding,By technology,Hydrogen and fuel cells,Early stage,2020,40,Percentage,1.25
DNK,DENMARK,Probability to receive funding,By technology,Hydrogen and fuel cells,Early stage,2021,40,Percentage,1.25
DNK,DENMARK,Fundings of start-ups,By technology,Non-clean energy,Early stage,2010,694323.875,USD,1
DNK,DENMARK,Fundings of start-ups,By technology,Non-clean energy,Early stage,2013,2739023.25,USD,2
DNK,DENMARK,Fundings of start-ups,By technology,Non-clean energy,Early stage,2014,491062.6875,USD,3
DNK,DENMARK,Fundings of start-ups,By technology,Non-clean energy,Early stage,2015,4118784.5,USD,2
DNK,DENMARK,Fundings of start-ups,By technology,Non-clean energy,Early stage,2016,1157608.75,USD,1
DNK,DENMARK,Fundings of start-ups,By technology,Non-clean energy,Early stage,2017,491082.8438,USD,1
DNK,DENMARK,Fundings of start-ups,By technology,Non-clean energy,Early stage,2019,4998979.5,USD,1
DNK,DENMARK,Fundings of start-ups,By technology,Non-clean energy,Early stage,2020,437566.5313,USD,1
DNK,DENMARK,Probability to receive funding,By technology,Non-clean energy,Early stage,2021,9.574467659,Percentage,94
DNK,DENMARK,Fundings of start-ups,By technology,Non-clean energy,Early stage,2021,10127629,USD,1
DNK,DENMARK,Fundings of start-ups,By technology,Non-clean energy,Early stage,2022,3.174733639,Years,94
DNK,DENMARK,Probability to receive funding,By technology,Nuclear,Early stage,2015,0,Percentage,1
DNK,DENMARK,Probability to receive funding,By technology,Nuclear,Early stage,2016,0,Percentage,1
DNK,DENMARK,Probability to receive funding,By technology,Nuclear,Early stage,2017,0,Percentage,1
DNK,DENMARK,Probability to receive funding,By technology,Nuclear,Early stage,2018,0,Percentage,1
DNK,DENMARK,Probability to receive funding,By technology,Nuclear,Early stage,2019,0,Percentage,1
DNK,DENMARK,Probability to receive funding,By technology,Nuclear,Early stage,2020,0,Percentage,1
DNK,DENMARK,Probability to receive funding,By technology,Nuclear,Early stage,2021,0,Percentage,1
DNK,DENMARK,Probability to receive funding,By technology,Other energy,Early stage,2015,4.477612019,Percentage,50.25
DNK,DENMARK,Probability to receive funding,By technology,Other energy,Early stage,2016,5.038167953,Percentage,54.58333206
DNK,DENMARK,Probability to receive funding,By technology,Other energy,Early stage,2017,4.727793694,Percentage,58.16666794
DNK,DENMARK,Probability to receive funding,By technology,Other energy,Early stage,2018,4.508196831,Percentage,61
DNK,DENMARK,Probability to receive funding,By technology,Other energy,Early stage,2019,4.376657963,Percentage,62.83333206
DNK,DENMARK,Probability to receive funding,By technology,Other energy,Early stage,2020,4.3193717,Percentage,63.66666794
DNK,DENMARK,Probability to receive funding,By technology,Other energy,Early stage,2021,4.3193717,Percentage,63.66666794
DNK,DENMARK,Fundings of start-ups,By technology,Other energy,Early stage,2022,5.267081738,Years,63.66666794
DNK,DENMARK,Probability to receive funding,By technology,Other renewables,Early stage,2015,7.81758976,Percentage,25.58333397
DNK,DENMARK,Probability to receive funding,By technology,Other renewables,Early stage,2016,10.19830036,Percentage,29.41666603
DNK,DENMARK,Probability to receive funding,By technology,Other renewables,Early stage,2017,9.677419662,Percentage,31
DNK,DENMARK,Probability to receive funding,By technology,Other renewables,Early stage,2018,13.63636398,Percentage,33
DNK,DENMARK,Probability to receive funding,By technology,Other renewables,Early stage,2019,13.63636398,Percentage,33
DNK,DENMARK,Probability to receive funding,By technology,Other renewables,Early stage,2020,16.01941681,Percentage,34.33333206
DNK,DENMARK,Probability to receive funding,By technology,Other renewables,Early stage,2021,15.56603813,Percentage,35.33333206
DNK,DENMARK,Fundings of start-ups,By technology,Other renewables,Early stage,2022,3.859443665,Years,35.33333206
DNK,DENMARK,Probability to receive funding,By technology,Solar,Early stage,2015,7.766990185,Percentage,8.583333015
DNK,DENMARK,Probability to receive funding,By technology,Solar,Early stage,2016,10.37735844,Percentage,8.833333015
DNK,DENMARK,Probability to receive funding,By technology,Solar,Early stage,2017,9.565217018,Percentage,9.583333015
DNK,DENMARK,Probability to receive funding,By technology,Solar,Early stage,2018,9.565217018,Percentage,9.583333015
DNK,DENMARK,Probability to receive funding,By technology,Solar,Early stage,2019,9.565217018,Percentage,9.583333015
DNK,DENMARK,Probability to receive funding,By technology,Solar,Early stage,2020,9.565217018,Percentage,9.583333015
DNK,DENMARK,Probability to receive funding,By technology,Solar,Early stage,2021,9.565217018,Percentage,9.583333015
DNK,DENMARK,Probability to receive funding,By technology,Wind,Early stage,2015,5,Percentage,20
DNK,DENMARK,Probability to receive funding,By technology,Wind,Early stage,2016,4.878048897,Percentage,20.5
DNK,DENMARK,Probability to receive funding,By technology,Wind,Early stage,2017,4.800000191,Percentage,20.83333397
DNK,DENMARK,Probability to receive funding,By technology,Wind,Early stage,2018,4.800000191,Percentage,20.83333397
DNK,DENMARK,Probability to receive funding,By technology,Wind,Early stage,2019,4.800000191,Percentage,20.83333397
DNK,DENMARK,Probability to receive funding,By technology,Wind,Early stage,2020,4.800000191,Percentage,20.83333397
DNK,DENMARK,Probability to receive funding,By technology,Wind,Early stage,2021,4.580152512,Percentage,21.83333397
DNK,DENMARK,Probability to receive funding,By technology,Bioenergy,Later stage,2015,20,Percentage,1.666666627
DNK,DENMARK,Probability to receive funding,By technology,Bioenergy,Later stage,2016,12.5,Percentage,2.666666746
DNK,DENMARK,Probability to receive funding,By technology,Bioenergy,Later stage,2017,12.5,Percentage,2.666666746
DNK,DENMARK,Probability to receive funding,By technology,Bioenergy,Later stage,2018,12.5,Percentage,2.666666746
DNK,DENMARK,Probability to receive funding,By technology,Bioenergy,Later stage,2019,12.5,Percentage,2.666666746
DNK,DENMARK,Probability to receive funding,By technology,Bioenergy,Later stage,2020,12.5,Percentage,2.666666746
DNK,DENMARK,Probability to receive funding,By technology,Bioenergy,Later stage,2021,12.5,Percentage,2.666666746
DNK,DENMARK,Fundings of start-ups,By technology,Clean energy,Later stage,2005,15524698,USD,1
DNK,DENMARK,Fundings of start-ups,By technology,Clean energy,Later stage,2009,10390244,USD,1
DNK,DENMARK,Probability to receive funding,By technology,Clean energy,Later stage,2021,4.255319118,Percentage,141
DNK,DENMARK,Fundings of start-ups,By technology,Clean energy,Later stage,2022,5.769863129,Years,142
DNK,DENMARK,Probability to receive funding,By technology,Electric mobility,Later stage,2015,0,Percentage,5.5
DNK,DENMARK,Probability to receive funding,By technology,Electric mobility,Later stage,2016,0,Percentage,8.833333015
DNK,DENMARK,Probability to receive funding,By technology,Electric mobility,Later stage,2017,0,Percentage,8.833333015
DNK,DENMARK,Probability to receive funding,By technology,Electric mobility,Later stage,2018,0,Percentage,8.833333015
DNK,DENMARK,Probability to receive funding,By technology,Electric mobility,Later stage,2019,0,Percentage,8.833333015
DNK,DENMARK,Probability to receive funding,By technology,Electric mobility,Later stage,2020,0,Percentage,10.83333302
DNK,DENMARK,Probability to receive funding,By technology,Electric mobility,Later stage,2021,0,Percentage,10.83333302
DNK,DENMARK,Probability to receive funding,By technology,Energy efficiency,Later stage,2015,5.544554234,Percentage,42.08333206
DNK,DENMARK,Probability to receive funding,By technology,Energy efficiency,Later stage,2016,5,Percentage,46.66666794
DNK,DENMARK,Probability to receive funding,By technology,Energy efficiency,Later stage,2017,4.844290733,Percentage,48.16666794
DNK,DENMARK,Probability to receive funding,By technology,Energy efficiency,Later stage,2018,4.844290733,Percentage,48.16666794
DNK,DENMARK,Probability to receive funding,By technology,Energy efficiency,Later stage,2019,4.682274342,Percentage,49.83333206
DNK,DENMARK,Probability to receive funding,By technology,Energy efficiency,Later stage,2020,4.651162624,Percentage,50.16666794
DNK,DENMARK,Probability to receive funding,By technology,Energy efficiency,Later stage,2021,4.560260773,Percentage,51.16666794
DNK,DENMARK,Fundings of start-ups,By technology,Energy efficiency,Later stage,2022,3.955772877,Years,51.16666794
DNK,DENMARK,Probability to receive funding,By technology,Energy storage and batteries,Later stage,2015,27.9069767,Percentage,3.583333254
DNK,DENMARK,Probability to receive funding,By technology,Energy storage and batteries,Later stage,2016,19.04761887,Percentage,5.25
DNK,DENMARK,Probability to receive funding,By technology,Energy storage and batteries,Later stage,2017,19.04761887,Percentage,5.25
DNK,DENMARK,Probability to receive funding,By technology,Energy storage and batteries,Later stage,2018,19.04761887,Percentage,5.25
DNK,DENMARK,Probability to receive funding,By technology,Energy storage and batteries,Later stage,2019,19.04761887,Percentage,5.25
DNK,DENMARK,Probability to receive funding,By technology,Energy storage and batteries,Later stage,2020,19.04761887,Percentage,5.25
DNK,DENMARK,Probability to receive funding,By technology,Energy storage and batteries,Later stage,2021,19.04761887,Percentage,5.25
DNK,DENMARK,Fundings of start-ups,By technology,Energy storage and batteries,Later stage,2022,2.493150711,Years,5.25
DNK,DENMARK,Probability to receive funding,By technology,Fossil fuels,Later stage,2015,4.545454502,Percentage,7.333333492
DNK,DENMARK,Probability to receive funding,By technology,Fossil fuels,Later stage,2016,3.773584843,Percentage,8.833333015
DNK,DENMARK,Probability to receive funding,By technology,Fossil fuels,Later stage,2017,3.225806475,Percentage,10.33333302
DNK,DENMARK,Probability to receive funding,By technology,Fossil fuels,Later stage,2018,2.631578922,Percentage,12.66666698
DNK,DENMARK,Probability to receive funding,By technology,Fossil fuels,Later stage,2019,2.531645536,Percentage,13.16666698
DNK,DENMARK,Probability to receive funding,By technology,Fossil fuels,Later stage,2020,2.531645536,Percentage,13.16666698
DNK,DENMARK,Probability to receive funding,By technology,Fossil fuels,Later stage,2021,2.531645536,Percentage,13.16666698
DNK,DENMARK,Fundings of start-ups,By technology,Fossil fuels,Later stage,2022,4.010958672,Years,13.16666698
DNK,DENMARK,Probability to receive funding,By technology,Grid,Later stage,2015,9.375,Percentage,10.66666698
DNK,DENMARK,Probability to receive funding,By technology,Grid,Later stage,2016,8.571428299,Percentage,11.66666698
DNK,DENMARK,Probability to receive funding,By technology,Grid,Later stage,2017,8.05369091,Percentage,12.41666698
DNK,DENMARK,Probability to receive funding,By technology,Grid,Later stage,2018,7.843137264,Percentage,12.75
DNK,DENMARK,Probability to receive funding,By technology,Grid,Later stage,2019,7.843137264,Percentage,12.75
DNK,DENMARK,Probability to receive funding,By technology,Grid,Later stage,2020,7.547169685,Percentage,13.25
DNK,DENMARK,Probability to receive funding,By technology,Grid,Later stage,2021,7.547169685,Percentage,13.25
DNK,DENMARK,Fundings of start-ups,By technology,Grid,Later stage,2022,5.2191782,Years,13.25
DNK,DENMARK,Probability to receive funding,By technology,Hydrogen and fuel cells,Later stage,2015,66.66666412,Percentage,0.75
DNK,DENMARK,Probability to receive funding,By technology,Hydrogen and fuel cells,Later stage,2016,66.66666412,Percentage,0.75
DNK,DENMARK,Probability to receive funding,By technology,Hydrogen and fuel cells,Later stage,2017,66.66666412,Percentage,0.75
DNK,DENMARK,Probability to receive funding,By technology,Hydrogen and fuel cells,Later stage,2018,40,Percentage,1.25
DNK,DENMARK,Probability to receive funding,By technology,Hydrogen and fuel cells,Later stage,2019,40,Percentage,1.25
DNK,DENMARK,Probability to receive funding,By technology,Hydrogen and fuel cells,Later stage,2020,40,Percentage,1.25
DNK,DENMARK,Probability to receive funding,By technology,Hydrogen and fuel cells,Later stage,2021,40,Percentage,1.25
DNK,DENMARK,Fundings of start-ups,By technology,Non-clean energy,Later stage,2019,988928.5625,USD,1
DNK,DENMARK,Fundings of start-ups,By technology,Non-clean energy,Later stage,2020,4410606,USD,1
DNK,DENMARK,Probability to receive funding,By technology,Non-clean energy,Later stage,2021,4.255319118,Percentage,94
DNK,DENMARK,Fundings of start-ups,By technology,Non-clean energy,Later stage,2022,5.053424835,Years,94
DNK,DENMARK,Probability to receive funding,By technology,Nuclear,Later stage,2015,50,Percentage,1
DNK,DENMARK,Probability to receive funding,By technology,Nuclear,Later stage,2016,50,Percentage,1
DNK,DENMARK,Probability to receive funding,By technology,Nuclear,Later stage,2017,50,Percentage,1
DNK,DENMARK,Probability to receive funding,By technology,Nuclear,Later stage,2018,50,Percentage,1
DNK,DENMARK,Probability to receive funding,By technology,Nuclear,Later stage,2019,50,Percentage,1
DNK,DENMARK,Probability to receive funding,By technology,Nuclear,Later stage,2020,50,Percentage,1
DNK,DENMARK,Probability to receive funding,By technology,Nuclear,Later stage,2021,50,Percentage,1
DNK,DENMARK,Probability to receive funding,By technology,Other energy,Later stage,2015,4.311774254,Percentage,50.25
DNK,DENMARK,Probability to receive funding,By technology,Other energy,Later stage,2016,3.969465733,Percentage,54.58333206
DNK,DENMARK,Probability to receive funding,By technology,Other energy,Later stage,2017,3.724928379,Percentage,58.16666794
DNK,DENMARK,Probability to receive funding,By technology,Other energy,Later stage,2018,3.551912546,Percentage,61
DNK,DENMARK,Probability to receive funding,By technology,Other energy,Later stage,2019,3.448275805,Percentage,62.83333206
DNK,DENMARK,Probability to receive funding,By technology,Other energy,Later stage,2020,3.40314126,Percentage,63.66666794
DNK,DENMARK,Probability to receive funding,By technology,Other energy,Later stage,2021,3.40314126,Percentage,63.66666794
DNK,DENMARK,Fundings of start-ups,By technology,Other energy,Later stage,2022,5.112539291,Years,63.66666794
DNK,DENMARK,Probability to receive funding,By technology,Other renewables,Later stage,2015,3.257328987,Percentage,25.58333397
DNK,DENMARK,Probability to receive funding,By technology,Other renewables,Later stage,2016,6.232294559,Percentage,29.41666603
DNK,DENMARK,Probability to receive funding,By technology,Other renewables,Later stage,2017,5.913978577,Percentage,31
DNK,DENMARK,Probability to receive funding,By technology,Other renewables,Later stage,2018,5.555555344,Percentage,33
DNK,DENMARK,Probability to receive funding,By technology,Other renewables,Later stage,2019,5.555555344,Percentage,33
DNK,DENMARK,Probability to receive funding,By technology,Other renewables,Later stage,2020,5.339805603,Percentage,34.33333206
DNK,DENMARK,Probability to receive funding,By technology,Other renewables,Later stage,2021,5.188679218,Percentage,35.33333206
DNK,DENMARK,Fundings of start-ups,By technology,Other renewables,Later stage,2022,7.95267725,Years,35.33333206
DNK,DENMARK,Probability to receive funding,By technology,Solar,Later stage,2015,0,Percentage,8.583333015
DNK,DENMARK,Probability to receive funding,By technology,Solar,Later stage,2016,0,Percentage,8.833333015
DNK,DENMARK,Probability to receive funding,By technology,Solar,Later stage,2017,0,Percentage,9.583333015
DNK,DENMARK,Probability to receive funding,By technology,Solar,Later stage,2018,0,Percentage,9.583333015
DNK,DENMARK,Probability to receive funding,By technology,Solar,Later stage,2019,0,Percentage,9.583333015
DNK,DENMARK,Probability to receive funding,By technology,Solar,Later stage,2020,0,Percentage,9.583333015
DNK,DENMARK,Probability to receive funding,By technology,Solar,Later stage,2021,0,Percentage,9.583333015
DNK,DENMARK,Probability to receive funding,By technology,Wind,Later stage,2015,0,Percentage,20
DNK,DENMARK,Probability to receive funding,By technology,Wind,Later stage,2016,0,Percentage,20.5
DNK,DENMARK,Probability to receive funding,By technology,Wind,Later stage,2017,0,Percentage,20.83333397
DNK,DENMARK,Probability to receive funding,By technology,Wind,Later stage,2018,0,Percentage,20.83333397
DNK,DENMARK,Probability to receive funding,By technology,Wind,Later stage,2019,0,Percentage,20.83333397
DNK,DENMARK,Probability to receive funding,By technology,Wind,Later stage,2020,0,Percentage,20.83333397
DNK,DENMARK,Probability to receive funding,By technology,Wind,Later stage,2021,0,Percentage,21.83333397
DJI,DJIBOUTI,Probability to receive funding,"By sector (energy, green, digital)",Non-energy,Early stage,2021,0,Percentage,4
DJI,DJIBOUTI,Probability to receive funding,"By sector (energy, green, digital)",Non-energy,Later stage,2021,25,Percentage,4
DMA,DOMINICA,Fundings of start-ups,"By sector (energy, green, digital)",Non-energy,Early stage,2021,10272260,USD,1
DMA,DOMINICA,Probability to receive funding,"By sector (energy, green, digital)",Non-energy,Early stage,2021,16.66666603,Percentage,12
DMA,DOMINICA,Fundings of start-ups,"By sector (energy, green, digital)",Non-energy,Early stage,2022,3.112328768,Years,12
DMA,DOMINICA,Probability to receive funding,"By sector (energy, green, digital)",Non-energy,Later stage,2021,0,Percentage,12
DOM,DOMINICAN REPUBLIC,Probability to receive funding,"By sector (energy, green, digital)",Energy,Early stage,2021,0,Percentage,5
DOM,DOMINICAN REPUBLIC,Probability to receive funding,"By sector (energy, green, digital)",Energy and non-digital,Early stage,2021,0,Percentage,5
DOM,DOMINICAN REPUBLIC,Fundings of start-ups,"By sector (energy, green, digital)",Non-energy,Early stage,2017,419202.125,USD,1
DOM,DOMINICAN REPUBLIC,Fundings of start-ups,"By sector (energy, green, digital)",Non-energy,Early stage,2018,554687.5,USD,1
DOM,DOMINICAN REPUBLIC,Probability to receive funding,"By sector (energy, green, digital)",Non-energy,Early stage,2021,4.242424011,Percentage,165
DOM,DOMINICAN REPUBLIC,Fundings of start-ups,"By sector (energy, green, digital)",Non-energy,Early stage,2021,427029,USD,2
DOM,DOMINICAN REPUBLIC,Fundings of start-ups,"By sector (energy, green, digital)",Non-energy,Early stage,2022,0.99099803,Years,166
DOM,DOMINICAN REPUBLIC,Probability to receive funding,"By sector (energy, green, digital)",Energy,Later stage,2021,0,Percentage,5
DOM,DOMINICAN REPUBLIC,Probability to receive funding,"By sector (energy, green, digital)",Energy and non-digital,Later stage,2021,0,Percentage,5
DOM,DOMINICAN REPUBLIC,Probability to receive funding,"By sector (energy, green, digital)",Non-energy,Later stage,2021,0,Percentage,165
DOM,DOMINICAN REPUBLIC,Probability to receive funding,By technology,Clean energy,Early stage,2021,0,Percentage,2
DOM,DOMINICAN REPUBLIC,Probability to receive funding,By technology,Electric mobility,Early stage,2015,0,Percentage,0.5
DOM,DOMINICAN REPUBLIC,Probability to receive funding,By technology,Electric mobility,Early stage,2016,0,Percentage,0.5
DOM,DOMINICAN REPUBLIC,Probability to receive funding,By technology,Electric mobility,Early stage,2017,0,Percentage,0.5
DOM,DOMINICAN REPUBLIC,Probability to receive funding,By technology,Electric mobility,Early stage,2018,0,Percentage,0.5
DOM,DOMINICAN REPUBLIC,Probability to receive funding,By technology,Electric mobility,Early stage,2019,0,Percentage,0.5
DOM,DOMINICAN REPUBLIC,Probability to receive funding,By technology,Electric mobility,Early stage,2020,0,Percentage,0.5
DOM,DOMINICAN REPUBLIC,Probability to receive funding,By technology,Electric mobility,Early stage,2021,0,Percentage,0.5
DOM,DOMINICAN REPUBLIC,Probability to receive funding,By technology,Fossil fuels,Early stage,2015,0,Percentage,2.166666746
DOM,DOMINICAN REPUBLIC,Probability to receive funding,By technology,Fossil fuels,Early stage,2016,0,Percentage,2.166666746
DOM,DOMINICAN REPUBLIC,Probability to receive funding,By technology,Fossil fuels,Early stage,2017,0,Percentage,2.166666746
DOM,DOMINICAN REPUBLIC,Probability to receive funding,By technology,Fossil fuels,Early stage,2018,0,Percentage,2.166666746
DOM,DOMINICAN REPUBLIC,Probability to receive funding,By technology,Fossil fuels,Early stage,2019,0,Percentage,2.166666746
DOM,DOMINICAN REPUBLIC,Probability to receive funding,By technology,Fossil fuels,Early stage,2020,0,Percentage,2.166666746
DOM,DOMINICAN REPUBLIC,Probability to receive funding,By technology,Fossil fuels,Early stage,2021,0,Percentage,2.166666746
DOM,DOMINICAN REPUBLIC,Probability to receive funding,By technology,Non-clean energy,Early stage,2021,0,Percentage,3
DOM,DOMINICAN REPUBLIC,Probability to receive funding,By technology,Other energy,Early stage,2015,0,Percentage,1.333333373
DOM,DOMINICAN REPUBLIC,Probability to receive funding,By technology,Other energy,Early stage,2016,0,Percentage,1.333333373
DOM,DOMINICAN REPUBLIC,Probability to receive funding,By technology,Other energy,Early stage,2017,0,Percentage,1.333333373
DOM,DOMINICAN REPUBLIC,Probability to receive funding,By technology,Other energy,Early stage,2018,0,Percentage,1.333333373
DOM,DOMINICAN REPUBLIC,Probability to receive funding,By technology,Other energy,Early stage,2019,0,Percentage,1.333333373
DOM,DOMINICAN REPUBLIC,Probability to receive funding,By technology,Other energy,Early stage,2020,0,Percentage,1.333333373
DOM,DOMINICAN REPUBLIC,Probability to receive funding,By technology,Other energy,Early stage,2021,0,Percentage,1.333333373
DOM,DOMINICAN REPUBLIC,Probability to receive funding,By technology,Other renewables,Early stage,2015,0,Percentage,0.5
DOM,DOMINICAN REPUBLIC,Probability to receive funding,By technology,Other renewables,Early stage,2016,0,Percentage,0.5
DOM,DOMINICAN REPUBLIC,Probability to receive funding,By technology,Other renewables,Early stage,2017,0,Percentage,0.5
DOM,DOMINICAN REPUBLIC,Probability to receive funding,By technology,Other renewables,Early stage,2018,0,Percentage,0.5
DOM,DOMINICAN REPUBLIC,Probability to receive funding,By technology,Other renewables,Early stage,2019,0,Percentage,0.5
DOM,DOMINICAN REPUBLIC,Probability to receive funding,By technology,Other renewables,Early stage,2020,0,Percentage,0.5
DOM,DOMINICAN REPUBLIC,Probability to receive funding,By technology,Other renewables,Early stage,2021,0,Percentage,0.5
DOM,DOMINICAN REPUBLIC,Probability to receive funding,By technology,Solar,Early stage,2015,0,Percentage,0.5
DOM,DOMINICAN REPUBLIC,Probability to receive funding,By technology,Solar,Early stage,2016,0,Percentage,0.5
DOM,DOMINICAN REPUBLIC,Probability to receive funding,By technology,Solar,Early stage,2017,0,Percentage,0.5
DOM,DOMINICAN REPUBLIC,Probability to receive funding,By technology,Solar,Early stage,2018,0,Percentage,0.5
DOM,DOMINICAN REPUBLIC,Probability to receive funding,By technology,Solar,Early stage,2019,0,Percentage,0.5
DOM,DOMINICAN REPUBLIC,Probability to receive funding,By technology,Solar,Early stage,2020,0,Percentage,0.5
DOM,DOMINICAN REPUBLIC,Probability to receive funding,By technology,Solar,Early stage,2021,0,Percentage,0.5
DOM,DOMINICAN REPUBLIC,Probability to receive funding,By technology,Clean energy,Later stage,2021,0,Percentage,2
DOM,DOMINICAN REPUBLIC,Probability to receive funding,By technology,Electric mobility,Later stage,2015,0,Percentage,0.5
DOM,DOMINICAN REPUBLIC,Probability to receive funding,By technology,Electric mobility,Later stage,2016,0,Percentage,0.5
DOM,DOMINICAN REPUBLIC,Probability to receive funding,By technology,Electric mobility,Later stage,2017,0,Percentage,0.5
DOM,DOMINICAN REPUBLIC,Probability to receive funding,By technology,Electric mobility,Later stage,2018,0,Percentage,0.5
DOM,DOMINICAN REPUBLIC,Probability to receive funding,By technology,Electric mobility,Later stage,2019,0,Percentage,0.5
DOM,DOMINICAN REPUBLIC,Probability to receive funding,By technology,Electric mobility,Later stage,2020,0,Percentage,0.5
DOM,DOMINICAN REPUBLIC,Probability to receive funding,By technology,Electric mobility,Later stage,2021,0,Percentage,0.5
DOM,DOMINICAN REPUBLIC,Probability to receive funding,By technology,Fossil fuels,Later stage,2015,0,Percentage,2.166666746
DOM,DOMINICAN REPUBLIC,Probability to receive funding,By technology,Fossil fuels,Later stage,2016,0,Percentage,2.166666746
DOM,DOMINICAN REPUBLIC,Probability to receive funding,By technology,Fossil fuels,Later stage,2017,0,Percentage,2.166666746
DOM,DOMINICAN REPUBLIC,Probability to receive funding,By technology,Fossil fuels,Later stage,2018,0,Percentage,2.166666746
DOM,DOMINICAN REPUBLIC,Probability to receive funding,By technology,Fossil fuels,Later stage,2019,0,Percentage,2.166666746
DOM,DOMINICAN REPUBLIC,Probability to receive funding,By technology,Fossil fuels,Later stage,2020,0,Percentage,2.166666746
DOM,DOMINICAN REPUBLIC,Probability to receive funding,By technology,Fossil fuels,Later stage,2021,0,Percentage,2.166666746
DOM,DOMINICAN REPUBLIC,Probability to receive funding,By technology,Non-clean energy,Later stage,2021,0,Percentage,3
DOM,DOMINICAN REPUBLIC,Probability to receive funding,By technology,Other energy,Later stage,2015,0,Percentage,1.333333373
DOM,DOMINICAN REPUBLIC,Probability to receive funding,By technology,Other energy,Later stage,2016,0,Percentage,1.333333373
DOM,DOMINICAN REPUBLIC,Probability to receive funding,By technology,Other energy,Later stage,2017,0,Percentage,1.333333373
DOM,DOMINICAN REPUBLIC,Probability to receive funding,By technology,Other energy,Later stage,2018,0,Percentage,1.333333373
DOM,DOMINICAN REPUBLIC,Probability to receive funding,By technology,Other energy,Later stage,2019,0,Percentage,1.333333373
DOM,DOMINICAN REPUBLIC,Probability to receive funding,By technology,Other energy,Later stage,2020,0,Percentage,1.333333373
DOM,DOMINICAN REPUBLIC,Probability to receive funding,By technology,Other energy,Later stage,2021,0,Percentage,1.333333373
DOM,DOMINICAN REPUBLIC,Probability to receive funding,By technology,Other renewables,Later stage,2015,0,Percentage,0.5
DOM,DOMINICAN REPUBLIC,Probability to receive funding,By technology,Other renewables,Later stage,2016,0,Percentage,0.5
DOM,DOMINICAN REPUBLIC,Probability to receive funding,By technology,Other renewables,Later stage,2017,0,Percentage,0.5
DOM,DOMINICAN REPUBLIC,Probability to receive funding,By technology,Other renewables,Later stage,2018,0,Percentage,0.5
DOM,DOMINICAN REPUBLIC,Probability to receive funding,By technology,Other renewables,Later stage,2019,0,Percentage,0.5
DOM,DOMINICAN REPUBLIC,Probability to receive funding,By technology,Other renewables,Later stage,2020,0,Percentage,0.5
DOM,DOMINICAN REPUBLIC,Probability to receive funding,By technology,Other renewables,Later stage,2021,0,Percentage,0.5
DOM,DOMINICAN REPUBLIC,Probability to receive funding,By technology,Solar,Later stage,2015,0,Percentage,0.5
DOM,DOMINICAN REPUBLIC,Probability to receive funding,By technology,Solar,Later stage,2016,0,Percentage,0.5
DOM,DOMINICAN REPUBLIC,Probability to receive funding,By technology,Solar,Later stage,2017,0,Percentage,0.5
DOM,DOMINICAN REPUBLIC,Probability to receive funding,By technology,Solar,Later stage,2018,0,Percentage,0.5
DOM,DOMINICAN REPUBLIC,Probability to receive funding,By technology,Solar,Later stage,2019,0,Percentage,0.5
DOM,DOMINICAN REPUBLIC,Probability to receive funding,By technology,Solar,Later stage,2020,0,Percentage,0.5
DOM,DOMINICAN REPUBLIC,Probability to receive funding,By technology,Solar,Later stage,2021,0,Percentage,0.5
ECU,ECUADOR,Fundings of start-ups,"By sector (energy, green, digital)",Energy,Early stage,2017,169946.8125,USD,1
ECU,ECUADOR,Probability to receive funding,"By sector (energy, green, digital)",Energy,Early stage,2021,16.66666603,Percentage,6
ECU,ECUADOR,Fundings of start-ups,"By sector (energy, green, digital)",Energy,Early stage,2022,0.156164378,Years,6
ECU,ECUADOR,Fundings of start-ups,"By sector (energy, green, digital)",Energy and digital,Early stage,2017,169946.8125,USD,1
ECU,ECUADOR,Probability to receive funding,"By sector (energy, green, digital)",Energy and digital,Early stage,2021,25,Percentage,4
ECU,ECUADOR,Fundings of start-ups,"By sector (energy, green, digital)",Energy and digital,Early stage,2022,0.156164378,Years,4
ECU,ECUADOR,Probability to receive funding,"By sector (energy, green, digital)",Energy and non-digital,Early stage,2021,0,Percentage,2
ECU,ECUADOR,Fundings of start-ups,"By sector (energy, green, digital)",Non-energy,Early stage,2011,49534.88281,USD,1
ECU,ECUADOR,Fundings of start-ups,"By sector (energy, green, digital)",Non-energy,Early stage,2012,48409.08984,USD,1
ECU,ECUADOR,Fundings of start-ups,"By sector (energy, green, digital)",Non-energy,Early stage,2013,114876.4063,USD,3
ECU,ECUADOR,Fundings of start-ups,"By sector (energy, green, digital)",Non-energy,Early stage,2014,135331.4844,USD,3
ECU,ECUADOR,Fundings of start-ups,"By sector (energy, green, digital)",Non-energy,Early stage,2015,647078.6875,USD,3
ECU,ECUADOR,Fundings of start-ups,"By sector (energy, green, digital)",Non-energy,Early stage,2016,1736413,USD,2
ECU,ECUADOR,Fundings of start-ups,"By sector (energy, green, digital)",Non-energy,Early stage,2017,4305319,USD,3
ECU,ECUADOR,Fundings of start-ups,"By sector (energy, green, digital)",Non-energy,Early stage,2018,3217108.75,USD,4
ECU,ECUADOR,Fundings of start-ups,"By sector (energy, green, digital)",Non-energy,Early stage,2020,10719924,USD,3
ECU,ECUADOR,Fundings of start-ups,"By sector (energy, green, digital)",Non-energy,Early stage,2021,89676088,USD,10
ECU,ECUADOR,Probability to receive funding,"By sector (energy, green, digital)",Non-energy,Early stage,2021,10.37036991,Percentage,270
ECU,ECUADOR,Fundings of start-ups,"By sector (energy, green, digital)",Non-energy,Early stage,2022,1.281177044,Years,270
ECU,ECUADOR,Fundings of start-ups,"By sector (energy, green, digital)",Non-energy,Early stage,2022,100620000,USD,3
ECU,ECUADOR,Probability to receive funding,"By sector (energy, green, digital)",Energy,Later stage,2021,0,Percentage,6
ECU,ECUADOR,Probability to receive funding,"By sector (energy, green, digital)",Energy and digital,Later stage,2021,0,Percentage,4
ECU,ECUADOR,Probability to receive funding,"By sector (energy, green, digital)",Energy and non-digital,Later stage,2021,0,Percentage,2
ECU,ECUADOR,Probability to receive funding,"By sector (energy, green, digital)",Non-energy,Later stage,2021,0.740740716,Percentage,270
ECU,ECUADOR,Fundings of start-ups,"By sector (energy, green, digital)",Non-energy,Later stage,2022,7.431506634,Years,270
ECU,ECUADOR,Fundings of start-ups,By technology,Other energy,all,2017,169946.8125,USD,1
ECU,ECUADOR,Probability to receive funding,By technology,Clean energy,Early stage,2021,0,Percentage,2
ECU,ECUADOR,Probability to receive funding,By technology,Electric mobility,Early stage,2015,0,Percentage,1
ECU,ECUADOR,Probability to receive funding,By technology,Electric mobility,Early stage,2016,0,Percentage,1
ECU,ECUADOR,Probability to receive funding,By technology,Electric mobility,Early stage,2017,0,Percentage,1
ECU,ECUADOR,Probability to receive funding,By technology,Electric mobility,Early stage,2018,0,Percentage,1
ECU,ECUADOR,Probability to receive funding,By technology,Electric mobility,Early stage,2019,0,Percentage,1
ECU,ECUADOR,Probability to receive funding,By technology,Electric mobility,Early stage,2020,0,Percentage,1
ECU,ECUADOR,Probability to receive funding,By technology,Electric mobility,Early stage,2021,0,Percentage,1
ECU,ECUADOR,Probability to receive funding,By technology,Energy efficiency,Early stage,2020,0,Percentage,1
ECU,ECUADOR,Probability to receive funding,By technology,Energy efficiency,Early stage,2021,0,Percentage,1
ECU,ECUADOR,Fundings of start-ups,By technology,Non-clean energy,Early stage,2017,169946.8125,USD,1
ECU,ECUADOR,Probability to receive funding,By technology,Non-clean energy,Early stage,2021,25,Percentage,4
ECU,ECUADOR,Fundings of start-ups,By technology,Non-clean energy,Early stage,2022,0.156164378,Years,4
ECU,ECUADOR,Probability to receive funding,By technology,Other energy,Early stage,2015,0,Percentage,2
ECU,ECUADOR,Probability to receive funding,By technology,Other energy,Early stage,2016,0,Percentage,2
ECU,ECUADOR,Probability to receive funding,By technology,Other energy,Early stage,2017,33.33333206,Percentage,3
ECU,ECUADOR,Probability to receive funding,By technology,Other energy,Early stage,2018,33.33333206,Percentage,3
ECU,ECUADOR,Probability to receive funding,By technology,Other energy,Early stage,2019,33.33333206,Percentage,3
ECU,ECUADOR,Probability to receive funding,By technology,Other energy,Early stage,2020,33.33333206,Percentage,3
ECU,ECUADOR,Probability to receive funding,By technology,Other energy,Early stage,2021,33.33333206,Percentage,3
ECU,ECUADOR,Probability to receive funding,By technology,Other renewables,Early stage,2015,0,Percentage,1
ECU,ECUADOR,Probability to receive funding,By technology,Other renewables,Early stage,2016,0,Percentage,1
ECU,ECUADOR,Probability to receive funding,By technology,Other renewables,Early stage,2017,0,Percentage,1
ECU,ECUADOR,Probability to receive funding,By technology,Other renewables,Early stage,2018,0,Percentage,1
ECU,ECUADOR,Probability to receive funding,By technology,Other renewables,Early stage,2019,0,Percentage,1
ECU,ECUADOR,Probability to receive funding,By technology,Other renewables,Early stage,2020,0,Percentage,1
ECU,ECUADOR,Probability to receive funding,By technology,Other renewables,Early stage,2021,0,Percentage,1
ECU,ECUADOR,Probability to receive funding,By technology,Clean energy,Later stage,2021,0,Percentage,2
ECU,ECUADOR,Probability to receive funding,By technology,Electric mobility,Later stage,2015,0,Percentage,1
ECU,ECUADOR,Probability to receive funding,By technology,Electric mobility,Later stage,2016,0,Percentage,1
ECU,ECUADOR,Probability to receive funding,By technology,Electric mobility,Later stage,2017,0,Percentage,1
ECU,ECUADOR,Probability to receive funding,By technology,Electric mobility,Later stage,2018,0,Percentage,1
ECU,ECUADOR,Probability to receive funding,By technology,Electric mobility,Later stage,2019,0,Percentage,1
ECU,ECUADOR,Probability to receive funding,By technology,Electric mobility,Later stage,2020,0,Percentage,1
ECU,ECUADOR,Probability to receive funding,By technology,Electric mobility,Later stage,2021,0,Percentage,1
ECU,ECUADOR,Probability to receive funding,By technology,Energy efficiency,Later stage,2020,0,Percentage,1
ECU,ECUADOR,Probability to receive funding,By technology,Energy efficiency,Later stage,2021,0,Percentage,1
ECU,ECUADOR,Probability to receive funding,By technology,Non-clean energy,Later stage,2021,0,Percentage,4
ECU,ECUADOR,Probability to receive funding,By technology,Other energy,Later stage,2015,0,Percentage,2
ECU,ECUADOR,Probability to receive funding,By technology,Other energy,Later stage,2016,0,Percentage,2
ECU,ECUADOR,Probability to receive funding,By technology,Other energy,Later stage,2017,0,Percentage,3
ECU,ECUADOR,Probability to receive funding,By technology,Other energy,Later stage,2018,0,Percentage,3
ECU,ECUADOR,Probability to receive funding,By technology,Other energy,Later stage,2019,0,Percentage,3
ECU,ECUADOR,Probability to receive funding,By technology,Other energy,Later stage,2020,0,Percentage,3
ECU,ECUADOR,Probability to receive funding,By technology,Other energy,Later stage,2021,0,Percentage,3
ECU,ECUADOR,Probability to receive funding,By technology,Other renewables,Later stage,2015,0,Percentage,1
ECU,ECUADOR,Probability to receive funding,By technology,Other renewables,Later stage,2016,0,Percentage,1
ECU,ECUADOR,Probability to receive funding,By technology,Other renewables,Later stage,2017,0,Percentage,1
ECU,ECUADOR,Probability to receive funding,By technology,Other renewables,Later stage,2018,0,Percentage,1
ECU,ECUADOR,Probability to receive funding,By technology,Other renewables,Later stage,2019,0,Percentage,1
ECU,ECUADOR,Probability to receive funding,By technology,Other renewables,Later stage,2020,0,Percentage,1
ECU,ECUADOR,Probability to receive funding,By technology,Other renewables,Later stage,2021,0,Percentage,1
EGY,EGYPT,Fundings of start-ups,"By sector (energy, green, digital)",Energy,Early stage,2014,17651.93359,USD,1
EGY,EGYPT,Fundings of start-ups,"By sector (energy, green, digital)",Energy,Early stage,2016,11576.08691,USD,1
EGY,EGYPT,Fundings of start-ups,"By sector (energy, green, digital)",Energy,Early stage,2018,388281.25,USD,2
EGY,EGYPT,Fundings of start-ups,"By sector (energy, green, digital)",Energy,Early stage,2019,108673.4688,USD,1
EGY,EGYPT,Probability to receive funding,"By sector (energy, green, digital)",Energy,Early stage,2021,27.77777863,Percentage,54
EGY,EGYPT,Fundings of start-ups,"By sector (energy, green, digital)",Energy,Early stage,2021,1157608.75,USD,2
EGY,EGYPT,Fundings of start-ups,"By sector (energy, green, digital)",Energy,Early stage,2022,28200000,USD,3
EGY,EGYPT,Fundings of start-ups,"By sector (energy, green, digital)",Energy,Early stage,2022,1.918173552,Years,55
EGY,EGYPT,Fundings of start-ups,"By sector (energy, green, digital)",Energy and digital,Early stage,2016,11576.08691,USD,1
EGY,EGYPT,Fundings of start-ups,"By sector (energy, green, digital)",Energy and digital,Early stage,2018,388281.25,USD,2
EGY,EGYPT,Fundings of start-ups,"By sector (energy, green, digital)",Energy and digital,Early stage,2019,108673.4688,USD,1
EGY,EGYPT,Probability to receive funding,"By sector (energy, green, digital)",Energy and digital,Early stage,2021,40.74074173,Percentage,27
EGY,EGYPT,Fundings of start-ups,"By sector (energy, green, digital)",Energy and digital,Early stage,2021,128623.1875,USD,1
EGY,EGYPT,Fundings of start-ups,"By sector (energy, green, digital)",Energy and digital,Early stage,2022,1.469240308,Years,27
EGY,EGYPT,Fundings of start-ups,"By sector (energy, green, digital)",Energy and digital,Early stage,2022,19200000,USD,2
EGY,EGYPT,Fundings of start-ups,"By sector (energy, green, digital)",Energy and non-digital,Early stage,2014,17651.93359,USD,1
EGY,EGYPT,Fundings of start-ups,"By sector (energy, green, digital)",Energy and non-digital,Early stage,2021,1028985.5,USD,1
EGY,EGYPT,Probability to receive funding,"By sector (energy, green, digital)",Energy and non-digital,Early stage,2021,14.81481457,Percentage,27
EGY,EGYPT,Fundings of start-ups,"By sector (energy, green, digital)",Energy and non-digital,Early stage,2022,9000000,USD,1
EGY,EGYPT,Fundings of start-ups,"By sector (energy, green, digital)",Energy and non-digital,Early stage,2022,3.152739763,Years,28
EGY,EGYPT,Fundings of start-ups,"By sector (energy, green, digital)",Non-energy,Early stage,2009,155853.6563,USD,2
EGY,EGYPT,Fundings of start-ups,"By sector (energy, green, digital)",Non-energy,Early stage,2010,1530538.875,USD,2
EGY,EGYPT,Fundings of start-ups,"By sector (energy, green, digital)",Non-energy,Early stage,2011,1326977.625,USD,3
EGY,EGYPT,Fundings of start-ups,"By sector (energy, green, digital)",Non-energy,Early stage,2012,803590.9375,USD,9
EGY,EGYPT,Fundings of start-ups,"By sector (energy, green, digital)",Non-energy,Early stage,2013,241719.0938,USD,5
EGY,EGYPT,Fundings of start-ups,"By sector (energy, green, digital)",Non-energy,Early stage,2014,1450053.375,USD,18
EGY,EGYPT,Fundings of start-ups,"By sector (energy, green, digital)",Non-energy,Early stage,2015,8127256,USD,9
EGY,EGYPT,Fundings of start-ups,"By sector (energy, green, digital)",Non-energy,Early stage,2016,11209383,USD,19
EGY,EGYPT,Fundings of start-ups,"By sector (energy, green, digital)",Non-energy,Early stage,2017,11670882,USD,32
EGY,EGYPT,Fundings of start-ups,"By sector (energy, green, digital)",Non-energy,Early stage,2018,46125972,USD,69
EGY,EGYPT,Fundings of start-ups,"By sector (energy, green, digital)",Non-energy,Early stage,2019,41054664,USD,56
EGY,EGYPT,Fundings of start-ups,"By sector (energy, green, digital)",Non-energy,Early stage,2020,83449768,USD,61
EGY,EGYPT,Probability to receive funding,"By sector (energy, green, digital)",Non-energy,Early stage,2021,20.80777168,Percentage,1956
EGY,EGYPT,Fundings of start-ups,"By sector (energy, green, digital)",Non-energy,Early stage,2021,261005760,USD,52
EGY,EGYPT,Fundings of start-ups,"By sector (energy, green, digital)",Non-energy,Early stage,2022,1.536240339,Years,1975
EGY,EGYPT,Fundings of start-ups,"By sector (energy, green, digital)",Non-energy,Early stage,2022,285137984,USD,41
EGY,EGYPT,Probability to receive funding,"By sector (energy, green, digital)",Energy,Later stage,2021,1.851851821,Percentage,54
EGY,EGYPT,Fundings of start-ups,"By sector (energy, green, digital)",Energy,Later stage,2022,8.095890045,Years,55
EGY,EGYPT,Probability to receive funding,"By sector (energy, green, digital)",Energy and digital,Later stage,2021,0,Percentage,27
EGY,EGYPT,Probability to receive funding,"By sector (energy, green, digital)",Energy and non-digital,Later stage,2021,3.703703642,Percentage,27
EGY,EGYPT,Fundings of start-ups,"By sector (energy, green, digital)",Energy and non-digital,Later stage,2022,8.095890045,Years,28
EGY,EGYPT,Fundings of start-ups,"By sector (energy, green, digital)",Non-energy,Later stage,2017,1756117,USD,1
EGY,EGYPT,Fundings of start-ups,"By sector (energy, green, digital)",Non-energy,Later stage,2018,4437500,USD,1
EGY,EGYPT,Fundings of start-ups,"By sector (energy, green, digital)",Non-energy,Later stage,2021,147530960,USD,4
EGY,EGYPT,Probability to receive funding,"By sector (energy, green, digital)",Non-energy,Later stage,2021,1.27811861,Percentage,1956
EGY,EGYPT,Fundings of start-ups,"By sector (energy, green, digital)",Non-energy,Later stage,2022,3.815279245,Years,1975
EGY,EGYPT,Fundings of start-ups,"By sector (energy, green, digital)",Non-energy,Later stage,2022,41020128,USD,4
EGY,EGYPT,Fundings of start-ups,By technology,Electric mobility,all,2022,9000000,USD,1
EGY,EGYPT,Fundings of start-ups,By technology,Energy efficiency,all,2016,11576.08691,USD,1
EGY,EGYPT,Fundings of start-ups,By technology,Energy efficiency,all,2018,166406.25,USD,0.5
EGY,EGYPT,Fundings of start-ups,By technology,Energy efficiency,all,2022,200000,USD,1
EGY,EGYPT,Fundings of start-ups,By technology,Other energy,all,2014,8825.966797,USD,0.5
EGY,EGYPT,Fundings of start-ups,By technology,Other energy,all,2018,83203.125,USD,0.25
EGY,EGYPT,Fundings of start-ups,By technology,Other energy,all,2021,1157608.75,USD,2
EGY,EGYPT,Fundings of start-ups,By technology,Other energy,all,2022,19000000,USD,1
EGY,EGYPT,Fundings of start-ups,By technology,Other renewables,all,2014,8825.966797,USD,0.5
EGY,EGYPT,Fundings of start-ups,By technology,Other renewables,all,2018,138671.875,USD,1.25
EGY,EGYPT,Fundings of start-ups,By technology,Other renewables,all,2019,108673.4688,USD,1
EGY,EGYPT,Fundings of start-ups,By technology,Clean energy,Early stage,2014,17651.93359,USD,1
EGY,EGYPT,Fundings of start-ups,By technology,Clean energy,Early stage,2018,388281.25,USD,2
EGY,EGYPT,Fundings of start-ups,By technology,Clean energy,Early stage,2019,108673.4688,USD,1
EGY,EGYPT,Probability to receive funding,By technology,Clean energy,Early stage,2021,34.48275757,Percentage,29
EGY,EGYPT,Fundings of start-ups,By technology,Clean energy,Early stage,2021,1028985.5,USD,1
EGY,EGYPT,Fundings of start-ups,By technology,Clean energy,Early stage,2022,9000000,USD,1
EGY,EGYPT,Fundings of start-ups,By technology,Clean energy,Early stage,2022,1.986301422,Years,29
EGY,EGYPT,Probability to receive funding,By technology,Electric mobility,Early stage,2017,0,Percentage,1
EGY,EGYPT,Probability to receive funding,By technology,Electric mobility,Early stage,2018,0,Percentage,1
EGY,EGYPT,Probability to receive funding,By technology,Electric mobility,Early stage,2019,0,Percentage,2.5
EGY,EGYPT,Probability to receive funding,By technology,Electric mobility,Early stage,2020,40,Percentage,5
EGY,EGYPT,Probability to receive funding,By technology,Electric mobility,Early stage,2021,40,Percentage,5
EGY,EGYPT,Probability to receive funding,By technology,Energy efficiency,Early stage,2015,22.22222137,Percentage,2.25
EGY,EGYPT,Probability to receive funding,By technology,Energy efficiency,Early stage,2016,38.29787064,Percentage,3.916666746
EGY,EGYPT,Probability to receive funding,By technology,Energy efficiency,Early stage,2017,50.84745789,Percentage,4.916666508
EGY,EGYPT,Probability to receive funding,By technology,Energy efficiency,Early stage,2018,44.21052551,Percentage,7.916666508
EGY,EGYPT,Probability to receive funding,By technology,Energy efficiency,Early stage,2019,39.25233459,Percentage,8.916666985
EGY,EGYPT,Probability to receive funding,By technology,Energy efficiency,Early stage,2020,43.20000076,Percentage,10.41666698
EGY,EGYPT,Probability to receive funding,By technology,Energy efficiency,Early stage,2021,33.54037094,Percentage,13.41666698
EGY,EGYPT,Probability to receive funding,By technology,Energy storage and batteries,Early stage,2020,100,Percentage,1
EGY,EGYPT,Probability to receive funding,By technology,Energy storage and batteries,Early stage,2021,100,Percentage,1
EGY,EGYPT,Probability to receive funding,By technology,Fossil fuels,Early stage,2015,0,Percentage,4
EGY,EGYPT,Probability to receive funding,By technology,Fossil fuels,Early stage,2016,0,Percentage,5
EGY,EGYPT,Probability to receive funding,By technology,Fossil fuels,Early stage,2017,0,Percentage,5
EGY,EGYPT,Probability to receive funding,By technology,Fossil fuels,Early stage,2018,9.090909004,Percentage,5.5
EGY,EGYPT,Probability to receive funding,By technology,Fossil fuels,Early stage,2019,9.090909004,Percentage,5.5
EGY,EGYPT,Probability to receive funding,By technology,Fossil fuels,Early stage,2020,9.090909004,Percentage,5.5
EGY,EGYPT,Probability to receive funding,By technology,Fossil fuels,Early stage,2021,9.090909004,Percentage,5.5
EGY,EGYPT,Probability to receive funding,By technology,Grid,Early stage,2018,0,Percentage,1
EGY,EGYPT,Probability to receive funding,By technology,Grid,Early stage,2019,0,Percentage,1
EGY,EGYPT,Probability to receive funding,By technology,Grid,Early stage,2020,0,Percentage,1
EGY,EGYPT,Probability to receive funding,By technology,Grid,Early stage,2021,0,Percentage,1
EGY,EGYPT,Fundings of start-ups,By technology,Non-clean energy,Early stage,2016,11576.08691,USD,1
EGY,EGYPT,Probability to receive funding,By technology,Non-clean energy,Early stage,2021,20,Percentage,25
EGY,EGYPT,Fundings of start-ups,By technology,Non-clean energy,Early stage,2021,128623.1875,USD,1
EGY,EGYPT,Fundings of start-ups,By technology,Non-clean energy,Early stage,2022,1.78191781,Years,26
EGY,EGYPT,Fundings of start-ups,By technology,Non-clean energy,Early stage,2022,19200000,USD,2
EGY,EGYPT,Probability to receive funding,By technology,Other energy,Early stage,2015,19.81132126,Percentage,8.833333015
EGY,EGYPT,Probability to receive funding,By technology,Other energy,Early stage,2016,17.5,Percentage,10
EGY,EGYPT,Probability to receive funding,By technology,Other energy,Early stage,2017,28.26086998,Percentage,11.5
EGY,EGYPT,Probability to receive funding,By technology,Other energy,Early stage,2018,31.25,Percentage,12
EGY,EGYPT,Probability to receive funding,By technology,Other energy,Early stage,2019,28.84615326,Percentage,13
EGY,EGYPT,Probability to receive funding,By technology,Other energy,Early stage,2020,28.84615326,Percentage,13
EGY,EGYPT,Probability to receive funding,By technology,Other energy,Early stage,2021,28.84615326,Percentage,13
EGY,EGYPT,Fundings of start-ups,By technology,Other energy,Early stage,2022,4.168036461,Years,13
EGY,EGYPT,Probability to receive funding,By technology,Other renewables,Early stage,2015,14.0625,Percentage,5.333333492
EGY,EGYPT,Probability to receive funding,By technology,Other renewables,Early stage,2016,13.23529434,Percentage,5.666666508
EGY,EGYPT,Probability to receive funding,By technology,Other renewables,Early stage,2017,20.27026939,Percentage,6.166666508
EGY,EGYPT,Probability to receive funding,By technology,Other renewables,Early stage,2018,35.45454407,Percentage,9.166666985
EGY,EGYPT,Probability to receive funding,By technology,Other renewables,Early stage,2019,35.45454407,Percentage,9.166666985
EGY,EGYPT,Probability to receive funding,By technology,Other renewables,Early stage,2020,35.45454407,Percentage,9.166666985
EGY,EGYPT,Probability to receive funding,By technology,Other renewables,Early stage,2021,35.45454407,Percentage,9.166666985
EGY,EGYPT,Probability to receive funding,By technology,Solar,Early stage,2015,0,Percentage,2.583333254
EGY,EGYPT,Probability to receive funding,By technology,Solar,Early stage,2016,0,Percentage,3.416666746
EGY,EGYPT,Probability to receive funding,By technology,Solar,Early stage,2017,0,Percentage,3.416666746
EGY,EGYPT,Probability to receive funding,By technology,Solar,Early stage,2018,0,Percentage,3.416666746
EGY,EGYPT,Probability to receive funding,By technology,Solar,Early stage,2019,0,Percentage,3.916666746
EGY,EGYPT,Probability to receive funding,By technology,Solar,Early stage,2020,0,Percentage,3.916666746
EGY,EGYPT,Probability to receive funding,By technology,Solar,Early stage,2021,0,Percentage,3.916666746
EGY,EGYPT,Probability to receive funding,By technology,Clean energy,Later stage,2021,3.448275805,Percentage,29
EGY,EGYPT,Fundings of start-ups,By technology,Clean energy,Later stage,2022,8.095890045,Years,29
EGY,EGYPT,Probability to receive funding,By technology,Electric mobility,Later stage,2017,0,Percentage,1
EGY,EGYPT,Probability to receive funding,By technology,Electric mobility,Later stage,2018,0,Percentage,1
EGY,EGYPT,Probability to receive funding,By technology,Electric mobility,Later stage,2019,0,Percentage,2.5
EGY,EGYPT,Probability to receive funding,By technology,Electric mobility,Later stage,2020,0,Percentage,5
EGY,EGYPT,Probability to receive funding,By technology,Electric mobility,Later stage,2021,0,Percentage,5
EGY,EGYPT,Probability to receive funding,By technology,Energy efficiency,Later stage,2015,0,Percentage,2.25
EGY,EGYPT,Probability to receive funding,By technology,Energy efficiency,Later stage,2016,0,Percentage,3.916666746
EGY,EGYPT,Probability to receive funding,By technology,Energy efficiency,Later stage,2017,0,Percentage,4.916666508
EGY,EGYPT,Probability to receive funding,By technology,Energy efficiency,Later stage,2018,0,Percentage,7.916666508
EGY,EGYPT,Probability to receive funding,By technology,Energy efficiency,Later stage,2019,0,Percentage,8.916666985
EGY,EGYPT,Probability to receive funding,By technology,Energy efficiency,Later stage,2020,0,Percentage,10.41666698
EGY,EGYPT,Probability to receive funding,By technology,Energy efficiency,Later stage,2021,0,Percentage,13.41666698
EGY,EGYPT,Probability to receive funding,By technology,Energy storage and batteries,Later stage,2020,0,Percentage,1
EGY,EGYPT,Probability to receive funding,By technology,Energy storage and batteries,Later stage,2021,0,Percentage,1
EGY,EGYPT,Probability to receive funding,By technology,Fossil fuels,Later stage,2015,0,Percentage,4
EGY,EGYPT,Probability to receive funding,By technology,Fossil fuels,Later stage,2016,0,Percentage,5
EGY,EGYPT,Probability to receive funding,By technology,Fossil fuels,Later stage,2017,0,Percentage,5
EGY,EGYPT,Probability to receive funding,By technology,Fossil fuels,Later stage,2018,0,Percentage,5.5
EGY,EGYPT,Probability to receive funding,By technology,Fossil fuels,Later stage,2019,0,Percentage,5.5
EGY,EGYPT,Probability to receive funding,By technology,Fossil fuels,Later stage,2020,0,Percentage,5.5
EGY,EGYPT,Probability to receive funding,By technology,Fossil fuels,Later stage,2021,0,Percentage,5.5
EGY,EGYPT,Probability to receive funding,By technology,Grid,Later stage,2018,0,Percentage,1
EGY,EGYPT,Probability to receive funding,By technology,Grid,Later stage,2019,0,Percentage,1
EGY,EGYPT,Probability to receive funding,By technology,Grid,Later stage,2020,0,Percentage,1
EGY,EGYPT,Probability to receive funding,By technology,Grid,Later stage,2021,0,Percentage,1
EGY,EGYPT,Probability to receive funding,By technology,Non-clean energy,Later stage,2021,0,Percentage,25
EGY,EGYPT,Probability to receive funding,By technology,Other energy,Later stage,2015,3.773584843,Percentage,8.833333015
EGY,EGYPT,Probability to receive funding,By technology,Other energy,Later stage,2016,3.333333254,Percentage,10
EGY,EGYPT,Probability to receive funding,By technology,Other energy,Later stage,2017,2.898550749,Percentage,11.5
EGY,EGYPT,Probability to receive funding,By technology,Other energy,Later stage,2018,2.777777672,Percentage,12
EGY,EGYPT,Probability to receive funding,By technology,Other energy,Later stage,2019,2.56410265,Percentage,13
EGY,EGYPT,Probability to receive funding,By technology,Other energy,Later stage,2020,2.56410265,Percentage,13
EGY,EGYPT,Probability to receive funding,By technology,Other energy,Later stage,2021,2.56410265,Percentage,13
EGY,EGYPT,Fundings of start-ups,By technology,Other energy,Later stage,2022,8.095890045,Years,13
EGY,EGYPT,Probability to receive funding,By technology,Other renewables,Later stage,2015,6.25,Percentage,5.333333492
EGY,EGYPT,Probability to receive funding,By technology,Other renewables,Later stage,2016,5.882352829,Percentage,5.666666508
EGY,EGYPT,Probability to receive funding,By technology,Other renewables,Later stage,2017,5.405405521,Percentage,6.166666508
EGY,EGYPT,Probability to receive funding,By technology,Other renewables,Later stage,2018,3.636363745,Percentage,9.166666985
EGY,EGYPT,Probability to receive funding,By technology,Other renewables,Later stage,2019,3.636363745,Percentage,9.166666985
EGY,EGYPT,Probability to receive funding,By technology,Other renewables,Later stage,2020,3.636363745,Percentage,9.166666985
EGY,EGYPT,Probability to receive funding,By technology,Other renewables,Later stage,2021,3.636363745,Percentage,9.166666985
EGY,EGYPT,Probability to receive funding,By technology,Solar,Later stage,2015,12.9032259,Percentage,2.583333254
EGY,EGYPT,Probability to receive funding,By technology,Solar,Later stage,2016,9.756097794,Percentage,3.416666746
EGY,EGYPT,Probability to receive funding,By technology,Solar,Later stage,2017,9.756097794,Percentage,3.416666746
EGY,EGYPT,Probability to receive funding,By technology,Solar,Later stage,2018,9.756097794,Percentage,3.416666746
EGY,EGYPT,Probability to receive funding,By technology,Solar,Later stage,2019,8.510638237,Percentage,3.916666746
EGY,EGYPT,Probability to receive funding,By technology,Solar,Later stage,2020,8.510638237,Percentage,3.916666746
EGY,EGYPT,Probability to receive funding,By technology,Solar,Later stage,2021,8.510638237,Percentage,3.916666746
SLV,EL SALVADOR,Probability to receive funding,"By sector (energy, green, digital)",Energy,Early stage,2021,0,Percentage,3
SLV,EL SALVADOR,Probability to receive funding,"By sector (energy, green, digital)",Energy and digital,Early stage,2021,0,Percentage,2
SLV,EL SALVADOR,Probability to receive funding,"By sector (energy, green, digital)",Energy and non-digital,Early stage,2021,0,Percentage,1
SLV,EL SALVADOR,Fundings of start-ups,"By sector (energy, green, digital)",Non-energy,Early stage,2008,451818.1875,USD,2
SLV,EL SALVADOR,Fundings of start-ups,"By sector (energy, green, digital)",Non-energy,Early stage,2010,63772.45703,USD,1
SLV,EL SALVADOR,Fundings of start-ups,"By sector (energy, green, digital)",Non-energy,Early stage,2013,47865.16797,USD,1
SLV,EL SALVADOR,Fundings of start-ups,"By sector (energy, green, digital)",Non-energy,Early stage,2016,405163.0313,USD,1
SLV,EL SALVADOR,Fundings of start-ups,"By sector (energy, green, digital)",Non-energy,Early stage,2018,2240937.5,USD,3
SLV,EL SALVADOR,Fundings of start-ups,"By sector (energy, green, digital)",Non-energy,Early stage,2019,16083673,USD,2
SLV,EL SALVADOR,Probability to receive funding,"By sector (energy, green, digital)",Non-energy,Early stage,2021,11.11111069,Percentage,117
SLV,EL SALVADOR,Fundings of start-ups,"By sector (energy, green, digital)",Non-energy,Early stage,2021,2263768,USD,3
SLV,EL SALVADOR,Fundings of start-ups,"By sector (energy, green, digital)",Non-energy,Early stage,2022,1.286301374,Years,120
SLV,EL SALVADOR,Probability to receive funding,"By sector (energy, green, digital)",Energy,Later stage,2021,0,Percentage,3
SLV,EL SALVADOR,Probability to receive funding,"By sector (energy, green, digital)",Energy and digital,Later stage,2021,0,Percentage,2
SLV,EL SALVADOR,Probability to receive funding,"By sector (energy, green, digital)",Energy and non-digital,Later stage,2021,0,Percentage,1
SLV,EL SALVADOR,Probability to receive funding,"By sector (energy, green, digital)",Non-energy,Later stage,2021,0,Percentage,117
SLV,EL SALVADOR,Probability to receive funding,By technology,Clean energy,Early stage,2021,0,Percentage,2
SLV,EL SALVADOR,Probability to receive funding,By technology,Energy efficiency,Early stage,2015,0,Percentage,0.5
SLV,EL SALVADOR,Probability to receive funding,By technology,Energy efficiency,Early stage,2016,0,Percentage,0.5
SLV,EL SALVADOR,Probability to receive funding,By technology,Energy efficiency,Early stage,2017,0,Percentage,0.5
SLV,EL SALVADOR,Probability to receive funding,By technology,Energy efficiency,Early stage,2018,0,Percentage,0.5
SLV,EL SALVADOR,Probability to receive funding,By technology,Energy efficiency,Early stage,2019,0,Percentage,0.5
SLV,EL SALVADOR,Probability to receive funding,By technology,Energy efficiency,Early stage,2020,0,Percentage,0.5
SLV,EL SALVADOR,Probability to receive funding,By technology,Energy efficiency,Early stage,2021,0,Percentage,0.5
SLV,EL SALVADOR,Probability to receive funding,By technology,Grid,Early stage,2015,0,Percentage,0.25
SLV,EL SALVADOR,Probability to receive funding,By technology,Grid,Early stage,2016,0,Percentage,0.25
SLV,EL SALVADOR,Probability to receive funding,By technology,Grid,Early stage,2017,0,Percentage,0.25
SLV,EL SALVADOR,Probability to receive funding,By technology,Grid,Early stage,2018,0,Percentage,0.25
SLV,EL SALVADOR,Probability to receive funding,By technology,Grid,Early stage,2019,0,Percentage,0.25
SLV,EL SALVADOR,Probability to receive funding,By technology,Grid,Early stage,2020,0,Percentage,0.25
SLV,EL SALVADOR,Probability to receive funding,By technology,Grid,Early stage,2021,0,Percentage,0.25
SLV,EL SALVADOR,Probability to receive funding,By technology,Non-clean energy,Early stage,2021,0,Percentage,1
SLV,EL SALVADOR,Probability to receive funding,By technology,Other energy,Early stage,2015,0,Percentage,0.25
SLV,EL SALVADOR,Probability to receive funding,By technology,Other energy,Early stage,2016,0,Percentage,0.25
SLV,EL SALVADOR,Probability to receive funding,By technology,Other energy,Early stage,2017,0,Percentage,1.25
SLV,EL SALVADOR,Probability to receive funding,By technology,Other energy,Early stage,2018,0,Percentage,1.25
SLV,EL SALVADOR,Probability to receive funding,By technology,Other energy,Early stage,2019,0,Percentage,1.25
SLV,EL SALVADOR,Probability to receive funding,By technology,Other energy,Early stage,2020,0,Percentage,1.25
SLV,EL SALVADOR,Probability to receive funding,By technology,Other energy,Early stage,2021,0,Percentage,1.25
SLV,EL SALVADOR,Probability to receive funding,By technology,Other renewables,Early stage,2015,0,Percentage,1
SLV,EL SALVADOR,Probability to receive funding,By technology,Other renewables,Early stage,2016,0,Percentage,1
SLV,EL SALVADOR,Probability to receive funding,By technology,Other renewables,Early stage,2017,0,Percentage,1
SLV,EL SALVADOR,Probability to receive funding,By technology,Other renewables,Early stage,2018,0,Percentage,1
SLV,EL SALVADOR,Probability to receive funding,By technology,Other renewables,Early stage,2019,0,Percentage,1
SLV,EL SALVADOR,Probability to receive funding,By technology,Other renewables,Early stage,2020,0,Percentage,1
SLV,EL SALVADOR,Probability to receive funding,By technology,Other renewables,Early stage,2021,0,Percentage,1
SLV,EL SALVADOR,Probability to receive funding,By technology,Clean energy,Later stage,2021,0,Percentage,2
SLV,EL SALVADOR,Probability to receive funding,By technology,Energy efficiency,Later stage,2015,0,Percentage,0.5
SLV,EL SALVADOR,Probability to receive funding,By technology,Energy efficiency,Later stage,2016,0,Percentage,0.5
SLV,EL SALVADOR,Probability to receive funding,By technology,Energy efficiency,Later stage,2017,0,Percentage,0.5
SLV,EL SALVADOR,Probability to receive funding,By technology,Energy efficiency,Later stage,2018,0,Percentage,0.5
SLV,EL SALVADOR,Probability to receive funding,By technology,Energy efficiency,Later stage,2019,0,Percentage,0.5
SLV,EL SALVADOR,Probability to receive funding,By technology,Energy efficiency,Later stage,2020,0,Percentage,0.5
SLV,EL SALVADOR,Probability to receive funding,By technology,Energy efficiency,Later stage,2021,0,Percentage,0.5
SLV,EL SALVADOR,Probability to receive funding,By technology,Grid,Later stage,2015,0,Percentage,0.25
SLV,EL SALVADOR,Probability to receive funding,By technology,Grid,Later stage,2016,0,Percentage,0.25
SLV,EL SALVADOR,Probability to receive funding,By technology,Grid,Later stage,2017,0,Percentage,0.25
SLV,EL SALVADOR,Probability to receive funding,By technology,Grid,Later stage,2018,0,Percentage,0.25
SLV,EL SALVADOR,Probability to receive funding,By technology,Grid,Later stage,2019,0,Percentage,0.25
SLV,EL SALVADOR,Probability to receive funding,By technology,Grid,Later stage,2020,0,Percentage,0.25
SLV,EL SALVADOR,Probability to receive funding,By technology,Grid,Later stage,2021,0,Percentage,0.25
SLV,EL SALVADOR,Probability to receive funding,By technology,Non-clean energy,Later stage,2021,0,Percentage,1
SLV,EL SALVADOR,Probability to receive funding,By technology,Other energy,Later stage,2015,0,Percentage,0.25
SLV,EL SALVADOR,Probability to receive funding,By technology,Other energy,Later stage,2016,0,Percentage,0.25
SLV,EL SALVADOR,Probability to receive funding,By technology,Other energy,Later stage,2017,0,Percentage,1.25
SLV,EL SALVADOR,Probability to receive funding,By technology,Other energy,Later stage,2018,0,Percentage,1.25
SLV,EL SALVADOR,Probability to receive funding,By technology,Other energy,Later stage,2019,0,Percentage,1.25
SLV,EL SALVADOR,Probability to receive funding,By technology,Other energy,Later stage,2020,0,Percentage,1.25
SLV,EL SALVADOR,Probability to receive funding,By technology,Other energy,Later stage,2021,0,Percentage,1.25
SLV,EL SALVADOR,Probability to receive funding,By technology,Other renewables,Later stage,2015,0,Percentage,1
SLV,EL SALVADOR,Probability to receive funding,By technology,Other renewables,Later stage,2016,0,Percentage,1
SLV,EL SALVADOR,Probability to receive funding,By technology,Other renewables,Later stage,2017,0,Percentage,1
SLV,EL SALVADOR,Probability to receive funding,By technology,Other renewables,Later stage,2018,0,Percentage,1
SLV,EL SALVADOR,Probability to receive funding,By technology,Other renewables,Later stage,2019,0,Percentage,1
SLV,EL SALVADOR,Probability to receive funding,By technology,Other renewables,Later stage,2020,0,Percentage,1
SLV,EL SALVADOR,Probability to receive funding,By technology,Other renewables,Later stage,2021,0,Percentage,1
GNQ,EQUATORIAL GUINEA,Probability to receive funding,"By sector (energy, green, digital)",Non-energy,Early stage,2021,0,Percentage,3
GNQ,EQUATORIAL GUINEA,Probability to receive funding,"By sector (energy, green, digital)",Non-energy,Later stage,2021,0,Percentage,3
EST,ESTONIA,Fundings of start-ups,"By sector (energy, green, digital)",Energy,Early stage,2012,17854.48242,USD,1
EST,ESTONIA,Fundings of start-ups,"By sector (energy, green, digital)",Energy,Early stage,2013,35898.875,USD,1
EST,ESTONIA,Fundings of start-ups,"By sector (energy, green, digital)",Energy,Early stage,2014,6158106.5,USD,2
EST,ESTONIA,Fundings of start-ups,"By sector (energy, green, digital)",Energy,Early stage,2015,12987582,USD,1
EST,ESTONIA,Fundings of start-ups,"By sector (energy, green, digital)",Energy,Early stage,2016,5810.038086,USD,1
EST,ESTONIA,Fundings of start-ups,"By sector (energy, green, digital)",Energy,Early stage,2017,203936.1719,USD,1
EST,ESTONIA,Fundings of start-ups,"By sector (energy, green, digital)",Energy,Early stage,2018,2363327,USD,3
EST,ESTONIA,Fundings of start-ups,"By sector (energy, green, digital)",Energy,Early stage,2019,4975435.5,USD,6
EST,ESTONIA,Fundings of start-ups,"By sector (energy, green, digital)",Energy,Early stage,2020,2863700,USD,4
EST,ESTONIA,Fundings of start-ups,"By sector (energy, green, digital)",Energy,Early stage,2021,14817923,USD,5
EST,ESTONIA,Probability to receive funding,"By sector (energy, green, digital)",Energy,Early stage,2021,32,Percentage,50
EST,ESTONIA,Fundings of start-ups,"By sector (energy, green, digital)",Energy,Early stage,2022,10180832,USD,1
EST,ESTONIA,Fundings of start-ups,"By sector (energy, green, digital)",Energy,Early stage,2022,2.731678009,Years,50
EST,ESTONIA,Fundings of start-ups,"By sector (energy, green, digital)",Energy and digital,Early stage,2013,35898.875,USD,1
EST,ESTONIA,Fundings of start-ups,"By sector (energy, green, digital)",Energy and digital,Early stage,2014,6158106.5,USD,2
EST,ESTONIA,Fundings of start-ups,"By sector (energy, green, digital)",Energy and digital,Early stage,2015,12987582,USD,1
EST,ESTONIA,Fundings of start-ups,"By sector (energy, green, digital)",Energy and digital,Early stage,2016,5810.038086,USD,1
EST,ESTONIA,Fundings of start-ups,"By sector (energy, green, digital)",Energy and digital,Early stage,2018,1358588.375,USD,2
EST,ESTONIA,Fundings of start-ups,"By sector (energy, green, digital)",Energy and digital,Early stage,2019,1264709.25,USD,3
EST,ESTONIA,Fundings of start-ups,"By sector (energy, green, digital)",Energy and digital,Early stage,2020,2380666.5,USD,3
EST,ESTONIA,Probability to receive funding,"By sector (energy, green, digital)",Energy and digital,Early stage,2021,31.03448296,Percentage,29
EST,ESTONIA,Fundings of start-ups,"By sector (energy, green, digital)",Energy and digital,Early stage,2021,3266236.75,USD,3
EST,ESTONIA,Fundings of start-ups,"By sector (energy, green, digital)",Energy and digital,Early stage,2022,2.65692544,Years,29
EST,ESTONIA,Fundings of start-ups,"By sector (energy, green, digital)",Energy and digital,Early stage,2022,10180832,USD,1
EST,ESTONIA,Fundings of start-ups,"By sector (energy, green, digital)",Energy and non-digital,Early stage,2012,17854.48242,USD,1
EST,ESTONIA,Fundings of start-ups,"By sector (energy, green, digital)",Energy and non-digital,Early stage,2017,203936.1719,USD,1
EST,ESTONIA,Fundings of start-ups,"By sector (energy, green, digital)",Energy and non-digital,Early stage,2018,1004738.75,USD,1
EST,ESTONIA,Fundings of start-ups,"By sector (energy, green, digital)",Energy and non-digital,Early stage,2019,3710726.25,USD,3
EST,ESTONIA,Fundings of start-ups,"By sector (energy, green, digital)",Energy and non-digital,Early stage,2020,483033.4375,USD,1
EST,ESTONIA,Probability to receive funding,"By sector (energy, green, digital)",Energy and non-digital,Early stage,2021,33.33333206,Percentage,21
EST,ESTONIA,Fundings of start-ups,"By sector (energy, green, digital)",Energy and non-digital,Early stage,2021,11551687,USD,2
EST,ESTONIA,Fundings of start-ups,"By sector (energy, green, digital)",Energy and non-digital,Early stage,2022,2.827788591,Years,21
EST,ESTONIA,Fundings of start-ups,"By sector (energy, green, digital)",Non-energy,Early stage,2006,7530424,USD,5
EST,ESTONIA,Fundings of start-ups,"By sector (energy, green, digital)",Non-energy,Early stage,2008,12959573,USD,4
EST,ESTONIA,Fundings of start-ups,"By sector (energy, green, digital)",Non-energy,Early stage,2009,1351735.625,USD,3
EST,ESTONIA,Fundings of start-ups,"By sector (energy, green, digital)",Non-energy,Early stage,2010,18762872,USD,7
EST,ESTONIA,Fundings of start-ups,"By sector (energy, green, digital)",Non-energy,Early stage,2011,348043.25,USD,3
EST,ESTONIA,Fundings of start-ups,"By sector (energy, green, digital)",Non-energy,Early stage,2012,2530167.75,USD,16
EST,ESTONIA,Fundings of start-ups,"By sector (energy, green, digital)",Non-energy,Early stage,2013,25731306,USD,27
EST,ESTONIA,Fundings of start-ups,"By sector (energy, green, digital)",Non-energy,Early stage,2014,9894265,USD,24
EST,ESTONIA,Fundings of start-ups,"By sector (energy, green, digital)",Non-energy,Early stage,2015,48443068,USD,23
EST,ESTONIA,Fundings of start-ups,"By sector (energy, green, digital)",Non-energy,Early stage,2016,8531782,USD,23
EST,ESTONIA,Fundings of start-ups,"By sector (energy, green, digital)",Non-energy,Early stage,2017,18863384,USD,24
EST,ESTONIA,Fundings of start-ups,"By sector (energy, green, digital)",Non-energy,Early stage,2018,35333744,USD,37
EST,ESTONIA,Fundings of start-ups,"By sector (energy, green, digital)",Non-energy,Early stage,2019,23109114,USD,36
EST,ESTONIA,Fundings of start-ups,"By sector (energy, green, digital)",Non-energy,Early stage,2020,54506244,USD,43
EST,ESTONIA,Fundings of start-ups,"By sector (energy, green, digital)",Non-energy,Early stage,2021,188995168,USD,57
EST,ESTONIA,Probability to receive funding,"By sector (energy, green, digital)",Non-energy,Early stage,2021,17.39130402,Percentage,1886
EST,ESTONIA,Fundings of start-ups,"By sector (energy, green, digital)",Non-energy,Early stage,2022,251891312,USD,31
EST,ESTONIA,Fundings of start-ups,"By sector (energy, green, digital)",Non-energy,Early stage,2022,1.347869754,Years,1917
EST,ESTONIA,Fundings of start-ups,"By sector (energy, green, digital)",Energy,Later stage,2013,3379132.5,USD,1
EST,ESTONIA,Fundings of start-ups,"By sector (energy, green, digital)",Energy,Later stage,2016,16780680,USD,1
EST,ESTONIA,Fundings of start-ups,"By sector (energy, green, digital)",Energy,Later stage,2020,52257112,USD,1
EST,ESTONIA,Fundings of start-ups,"By sector (energy, green, digital)",Energy,Later stage,2021,44218932,USD,2
EST,ESTONIA,Probability to receive funding,"By sector (energy, green, digital)",Energy,Later stage,2021,4,Percentage,50
EST,ESTONIA,Fundings of start-ups,"By sector (energy, green, digital)",Energy,Later stage,2022,41921756,USD,1
EST,ESTONIA,Fundings of start-ups,"By sector (energy, green, digital)",Energy,Later stage,2022,6.04383564,Years,50
EST,ESTONIA,Fundings of start-ups,"By sector (energy, green, digital)",Energy and digital,Later stage,2013,3379132.5,USD,1
EST,ESTONIA,Fundings of start-ups,"By sector (energy, green, digital)",Energy and digital,Later stage,2016,16780680,USD,1
EST,ESTONIA,Fundings of start-ups,"By sector (energy, green, digital)",Energy and digital,Later stage,2020,52257112,USD,1
EST,ESTONIA,Fundings of start-ups,"By sector (energy, green, digital)",Energy and digital,Later stage,2021,35386452,USD,1
EST,ESTONIA,Probability to receive funding,"By sector (energy, green, digital)",Energy and digital,Later stage,2021,3.448275805,Percentage,29
EST,ESTONIA,Fundings of start-ups,"By sector (energy, green, digital)",Energy and digital,Later stage,2022,4.249315262,Years,29
EST,ESTONIA,Fundings of start-ups,"By sector (energy, green, digital)",Energy and digital,Later stage,2022,41921756,USD,1
EST,ESTONIA,Fundings of start-ups,"By sector (energy, green, digital)",Energy and non-digital,Later stage,2021,8832483,USD,1
EST,ESTONIA,Probability to receive funding,"By sector (energy, green, digital)",Energy and non-digital,Later stage,2021,4.761904716,Percentage,21
EST,ESTONIA,Fundings of start-ups,"By sector (energy, green, digital)",Energy and non-digital,Later stage,2022,7.838356018,Years,21
EST,ESTONIA,Fundings of start-ups,"By sector (energy, green, digital)",Non-energy,Later stage,2006,170123.375,USD,1
EST,ESTONIA,Fundings of start-ups,"By sector (energy, green, digital)",Non-energy,Later stage,2012,2400708.5,USD,1
EST,ESTONIA,Fundings of start-ups,"By sector (energy, green, digital)",Non-energy,Later stage,2013,11966292,USD,1
EST,ESTONIA,Fundings of start-ups,"By sector (energy, green, digital)",Non-energy,Later stage,2014,6237016.5,USD,1
EST,ESTONIA,Fundings of start-ups,"By sector (energy, green, digital)",Non-energy,Later stage,2015,4280141,USD,2
EST,ESTONIA,Fundings of start-ups,"By sector (energy, green, digital)",Non-energy,Later stage,2018,194140624,USD,1
EST,ESTONIA,Fundings of start-ups,"By sector (energy, green, digital)",Non-energy,Later stage,2019,73126376,USD,1
EST,ESTONIA,Fundings of start-ups,"By sector (energy, green, digital)",Non-energy,Later stage,2020,197399808,USD,4
EST,ESTONIA,Probability to receive funding,"By sector (energy, green, digital)",Non-energy,Later stage,2021,1.166489959,Percentage,1886
EST,ESTONIA,Fundings of start-ups,"By sector (energy, green, digital)",Non-energy,Later stage,2021,739185152,USD,2
EST,ESTONIA,Fundings of start-ups,"By sector (energy, green, digital)",Non-energy,Later stage,2022,866723648,USD,5
EST,ESTONIA,Fundings of start-ups,"By sector (energy, green, digital)",Non-energy,Later stage,2022,3.582690001,Years,1917
EST,ESTONIA,Fundings of start-ups,By technology,Electric mobility,all,2015,114611.6484,USD,1
EST,ESTONIA,Fundings of start-ups,By technology,Electric mobility,all,2016,182902.1719,USD,1
EST,ESTONIA,Fundings of start-ups,By technology,Electric mobility,all,2017,518969.9688,USD,1
EST,ESTONIA,Fundings of start-ups,By technology,Electric mobility,all,2019,6212280,USD,3
EST,ESTONIA,Fundings of start-ups,By technology,Electric mobility,all,2020,760268,USD,1
EST,ESTONIA,Fundings of start-ups,By technology,Electric mobility,all,2021,9246765,USD,2
EST,ESTONIA,Fundings of start-ups,By technology,Energy efficiency,all,2013,17949.4375,USD,0.5
EST,ESTONIA,Fundings of start-ups,By technology,Energy efficiency,all,2017,203936.1719,USD,1
EST,ESTONIA,Fundings of start-ups,By technology,Energy efficiency,all,2018,1326530.125,USD,1.5
EST,ESTONIA,Fundings of start-ups,By technology,Energy efficiency,all,2019,720161.125,USD,1.5
EST,ESTONIA,Fundings of start-ups,By technology,Energy efficiency,all,2020,1491988.625,USD,1.5
EST,ESTONIA,Fundings of start-ups,By technology,Energy efficiency,all,2021,808586.0625,USD,0.5
EST,ESTONIA,Fundings of start-ups,By technology,Energy efficiency,all,2022,5090416,USD,0.5
EST,ESTONIA,Fundings of start-ups,By technology,Energy storage and batteries,all,2018,16029.08203,USD,0.25
EST,ESTONIA,Fundings of start-ups,By technology,Energy storage and batteries,all,2020,64204.97656,USD,0.25
EST,ESTONIA,Fundings of start-ups,By technology,Energy storage and batteries,all,2021,1639075.625,USD,1.25
EST,ESTONIA,Fundings of start-ups,By technology,Fossil fuels,all,2012,5951.494141,USD,0.333333343
EST,ESTONIA,Fundings of start-ups,By technology,Grid,all,2018,1004738.75,USD,1
EST,ESTONIA,Fundings of start-ups,By technology,Grid,all,2021,11551687,USD,2
EST,ESTONIA,Fundings of start-ups,By technology,Hydrogen and fuel cells,all,2019,74733.65625,USD,0.25
EST,ESTONIA,Fundings of start-ups,By technology,Hydrogen and fuel cells,all,2020,120758.3594,USD,0.25
EST,ESTONIA,Fundings of start-ups,By technology,Other energy,all,2012,5951.494141,USD,0.333333343
EST,ESTONIA,Fundings of start-ups,By technology,Other energy,all,2013,3388107.25,USD,1.25
EST,ESTONIA,Fundings of start-ups,By technology,Other energy,all,2014,6158106.5,USD,2
EST,ESTONIA,Fundings of start-ups,By technology,Other energy,all,2015,12987582,USD,1
EST,ESTONIA,Fundings of start-ups,By technology,Other energy,all,2016,20068936,USD,3
EST,ESTONIA,Fundings of start-ups,By technology,Other energy,all,2017,18080640,USD,1
EST,ESTONIA,Fundings of start-ups,By technology,Other energy,all,2018,16029.08203,USD,0.25
EST,ESTONIA,Fundings of start-ups,By technology,Other energy,all,2019,74733.65625,USD,0.25
EST,ESTONIA,Fundings of start-ups,By technology,Other energy,all,2020,52442076,USD,1.5
EST,ESTONIA,Fundings of start-ups,By technology,Other energy,all,2021,98665464,USD,2.25
EST,ESTONIA,Fundings of start-ups,By technology,Other energy,all,2022,41921756,USD,1
EST,ESTONIA,Fundings of start-ups,By technology,Other renewables,all,2013,8974.71875,USD,0.25
EST,ESTONIA,Fundings of start-ups,By technology,Other renewables,all,2019,518143.1563,USD,1.5
EST,ESTONIA,Fundings of start-ups,By technology,Other renewables,all,2020,241516.7188,USD,0.5
EST,ESTONIA,Fundings of start-ups,By technology,Solar,all,2012,5951.494141,USD,0.333333343
EST,ESTONIA,Fundings of start-ups,By technology,Solar,all,2019,301066.25,USD,0.5
EST,ESTONIA,Fundings of start-ups,By technology,Solar,all,2022,5090416,USD,0.5
EST,ESTONIA,Fundings of start-ups,By technology,Clean energy,Early stage,2013,35898.875,USD,1
EST,ESTONIA,Fundings of start-ups,By technology,Clean energy,Early stage,2014,6144703,USD,1
EST,ESTONIA,Fundings of start-ups,By technology,Clean energy,Early stage,2015,12987582,USD,1
EST,ESTONIA,Fundings of start-ups,By technology,Clean energy,Early stage,2017,203936.1719,USD,1
EST,ESTONIA,Fundings of start-ups,By technology,Clean energy,Early stage,2018,1358588.375,USD,2
EST,ESTONIA,Fundings of start-ups,By technology,Clean energy,Early stage,2019,4975435.5,USD,6
EST,ESTONIA,Fundings of start-ups,By technology,Clean energy,Early stage,2020,2863700,USD,4
EST,ESTONIA,Fundings of start-ups,By technology,Clean energy,Early stage,2021,2031454,USD,2
EST,ESTONIA,Probability to receive funding,By technology,Clean energy,Early stage,2021,36.66666794,Percentage,30
EST,ESTONIA,Fundings of start-ups,By technology,Clean energy,Early stage,2022,2.443088531,Years,30
EST,ESTONIA,Fundings of start-ups,By technology,Clean energy,Early stage,2022,10180832,USD,1
EST,ESTONIA,Probability to receive funding,By technology,Electric mobility,Early stage,2015,50,Percentage,2
EST,ESTONIA,Probability to receive funding,By technology,Electric mobility,Early stage,2016,50,Percentage,2
EST,ESTONIA,Probability to receive funding,By technology,Electric mobility,Early stage,2017,50,Percentage,2
EST,ESTONIA,Probability to receive funding,By technology,Electric mobility,Early stage,2018,33.33333206,Percentage,3
EST,ESTONIA,Probability to receive funding,By technology,Electric mobility,Early stage,2019,44.44444275,Percentage,4.5
EST,ESTONIA,Probability to receive funding,By technology,Electric mobility,Early stage,2020,44.44444275,Percentage,4.5
EST,ESTONIA,Probability to receive funding,By technology,Electric mobility,Early stage,2021,44.44444275,Percentage,4.5
EST,ESTONIA,Fundings of start-ups,By technology,Electric mobility,Early stage,2022,2.963013649,Years,4.5
EST,ESTONIA,Probability to receive funding,By technology,Energy efficiency,Early stage,2015,17.64705849,Percentage,8.5
EST,ESTONIA,Probability to receive funding,By technology,Energy efficiency,Early stage,2016,33.33333206,Percentage,10.5
EST,ESTONIA,Probability to receive funding,By technology,Energy efficiency,Early stage,2017,39.13043594,Percentage,11.5
EST,ESTONIA,Probability to receive funding,By technology,Energy efficiency,Early stage,2018,39.13043594,Percentage,11.5
EST,ESTONIA,Probability to receive funding,By technology,Energy efficiency,Early stage,2019,36,Percentage,12.5
EST,ESTONIA,Probability to receive funding,By technology,Energy efficiency,Early stage,2020,36,Percentage,12.5
EST,ESTONIA,Probability to receive funding,By technology,Energy efficiency,Early stage,2021,33.33333206,Percentage,13.5
EST,ESTONIA,Probability to receive funding,By technology,Energy storage and batteries,Early stage,2015,14.28571415,Percentage,1.75
EST,ESTONIA,Probability to receive funding,By technology,Energy storage and batteries,Early stage,2016,45.45454407,Percentage,2.75
EST,ESTONIA,Probability to receive funding,By technology,Energy storage and batteries,Early stage,2017,45.45454407,Percentage,2.75
EST,ESTONIA,Probability to receive funding,By technology,Energy storage and batteries,Early stage,2018,45.45454407,Percentage,2.75
EST,ESTONIA,Probability to receive funding,By technology,Energy storage and batteries,Early stage,2019,38.46154022,Percentage,3.25
EST,ESTONIA,Probability to receive funding,By technology,Energy storage and batteries,Early stage,2020,38.46154022,Percentage,3.25
EST,ESTONIA,Probability to receive funding,By technology,Energy storage and batteries,Early stage,2021,38.46154022,Percentage,3.25
EST,ESTONIA,Probability to receive funding,By technology,Fossil fuels,Early stage,2015,18.18181801,Percentage,1.833333373
EST,ESTONIA,Probability to receive funding,By technology,Fossil fuels,Early stage,2016,18.18181801,Percentage,1.833333373
EST,ESTONIA,Probability to receive funding,By technology,Fossil fuels,Early stage,2017,18.18181801,Percentage,1.833333373
EST,ESTONIA,Probability to receive funding,By technology,Fossil fuels,Early stage,2018,18.18181801,Percentage,1.833333373
EST,ESTONIA,Probability to receive funding,By technology,Fossil fuels,Early stage,2019,18.18181801,Percentage,1.833333373
EST,ESTONIA,Probability to receive funding,By technology,Fossil fuels,Early stage,2020,18.18181801,Percentage,1.833333373
EST,ESTONIA,Probability to receive funding,By technology,Fossil fuels,Early stage,2021,18.18181801,Percentage,1.833333373
EST,ESTONIA,Probability to receive funding,By technology,Grid,Early stage,2015,0,Percentage,1
EST,ESTONIA,Probability to receive funding,By technology,Grid,Early stage,2016,50,Percentage,2
EST,ESTONIA,Probability to receive funding,By technology,Grid,Early stage,2017,50,Percentage,2
EST,ESTONIA,Probability to receive funding,By technology,Grid,Early stage,2018,50,Percentage,2
EST,ESTONIA,Probability to receive funding,By technology,Grid,Early stage,2019,50,Percentage,2
EST,ESTONIA,Probability to receive funding,By technology,Grid,Early stage,2020,50,Percentage,2
EST,ESTONIA,Probability to receive funding,By technology,Grid,Early stage,2021,50,Percentage,2
EST,ESTONIA,Probability to receive funding,By technology,Hydrogen and fuel cells,Early stage,2016,100,Percentage,0.25
EST,ESTONIA,Probability to receive funding,By technology,Hydrogen and fuel cells,Early stage,2017,100,Percentage,0.25
EST,ESTONIA,Probability to receive funding,By technology,Hydrogen and fuel cells,Early stage,2018,100,Percentage,0.25
EST,ESTONIA,Probability to receive funding,By technology,Hydrogen and fuel cells,Early stage,2019,100,Percentage,0.25
EST,ESTONIA,Probability to receive funding,By technology,Hydrogen and fuel cells,Early stage,2020,100,Percentage,0.25
EST,ESTONIA,Probability to receive funding,By technology,Hydrogen and fuel cells,Early stage,2021,100,Percentage,0.25
EST,ESTONIA,Fundings of start-ups,By technology,Non-clean energy,Early stage,2012,17854.48242,USD,1
EST,ESTONIA,Fundings of start-ups,By technology,Non-clean energy,Early stage,2014,13403.70117,USD,1
EST,ESTONIA,Fundings of start-ups,By technology,Non-clean energy,Early stage,2016,5810.038086,USD,1
EST,ESTONIA,Fundings of start-ups,By technology,Non-clean energy,Early stage,2018,1004738.75,USD,1
EST,ESTONIA,Fundings of start-ups,By technology,Non-clean energy,Early stage,2021,12786469,USD,3
EST,ESTONIA,Probability to receive funding,By technology,Non-clean energy,Early stage,2021,25,Percentage,20
EST,ESTONIA,Fundings of start-ups,By technology,Non-clean energy,Early stage,2022,3.366575241,Years,20
EST,ESTONIA,Probability to receive funding,By technology,Nuclear,Early stage,2021,0,Percentage,1
EST,ESTONIA,Probability to receive funding,By technology,Other energy,Early stage,2015,32.69230652,Percentage,8.666666985
EST,ESTONIA,Probability to receive funding,By technology,Other energy,Early stage,2016,32.74336243,Percentage,9.416666985
EST,ESTONIA,Probability to receive funding,By technology,Other energy,Early stage,2017,32.74336243,Percentage,9.416666985
EST,ESTONIA,Probability to receive funding,By technology,Other energy,Early stage,2018,31.62393188,Percentage,9.75
EST,ESTONIA,Probability to receive funding,By technology,Other energy,Early stage,2019,30.08130074,Percentage,10.25
EST,ESTONIA,Probability to receive funding,By technology,Other energy,Early stage,2020,30.08130074,Percentage,10.25
EST,ESTONIA,Probability to receive funding,By technology,Other energy,Early stage,2021,28.68217087,Percentage,10.75
EST,ESTONIA,Fundings of start-ups,By technology,Other energy,Early stage,2022,3.001184702,Years,10.75
EST,ESTONIA,Probability to receive funding,By technology,Other renewables,Early stage,2015,15.78947353,Percentage,1.583333373
EST,ESTONIA,Probability to receive funding,By technology,Other renewables,Early stage,2016,20.930233,Percentage,3.583333254
EST,ESTONIA,Probability to receive funding,By technology,Other renewables,Early stage,2017,31.3432827,Percentage,5.583333492
EST,ESTONIA,Probability to receive funding,By technology,Other renewables,Early stage,2018,29.57746506,Percentage,5.916666508
EST,ESTONIA,Probability to receive funding,By technology,Other renewables,Early stage,2019,23.59550476,Percentage,7.416666508
EST,ESTONIA,Probability to receive funding,By technology,Other renewables,Early stage,2020,23.59550476,Percentage,7.416666508
EST,ESTONIA,Probability to receive funding,By technology,Other renewables,Early stage,2021,30.84112167,Percentage,8.916666985
EST,ESTONIA,Probability to receive funding,By technology,Solar,Early stage,2015,71.42857361,Percentage,1.166666627
EST,ESTONIA,Probability to receive funding,By technology,Solar,Early stage,2016,71.42857361,Percentage,1.166666627
EST,ESTONIA,Probability to receive funding,By technology,Solar,Early stage,2017,71.42857361,Percentage,1.166666627
EST,ESTONIA,Probability to receive funding,By technology,Solar,Early stage,2018,55.55555725,Percentage,1.5
EST,ESTONIA,Probability to receive funding,By technology,Solar,Early stage,2019,55.55555725,Percentage,1.5
EST,ESTONIA,Probability to receive funding,By technology,Solar,Early stage,2020,55.55555725,Percentage,1.5
EST,ESTONIA,Probability to receive funding,By technology,Solar,Early stage,2021,55.55555725,Percentage,1.5
EST,ESTONIA,Probability to receive funding,By technology,Wind,Early stage,2015,0,Percentage,0.5
EST,ESTONIA,Probability to receive funding,By technology,Wind,Early stage,2016,0,Percentage,0.5
EST,ESTONIA,Probability to receive funding,By technology,Wind,Early stage,2017,0,Percentage,0.5
EST,ESTONIA,Probability to receive funding,By technology,Wind,Early stage,2018,0,Percentage,0.5
EST,ESTONIA,Probability to receive funding,By technology,Wind,Early stage,2019,0,Percentage,0.5
EST,ESTONIA,Probability to receive funding,By technology,Wind,Early stage,2020,0,Percentage,0.5
EST,ESTONIA,Probability to receive funding,By technology,Wind,Early stage,2021,0,Percentage,0.5
EST,ESTONIA,Fundings of start-ups,By technology,Clean energy,Later stage,2013,3379132.5,USD,1
EST,ESTONIA,Fundings of start-ups,By technology,Clean energy,Later stage,2016,16780680,USD,1
EST,ESTONIA,Fundings of start-ups,By technology,Clean energy,Later stage,2020,52257112,USD,1
EST,ESTONIA,Probability to receive funding,By technology,Clean energy,Later stage,2021,6.666666508,Percentage,30
EST,ESTONIA,Fundings of start-ups,By technology,Clean energy,Later stage,2021,44218932,USD,2
EST,ESTONIA,Fundings of start-ups,By technology,Clean energy,Later stage,2022,6.04383564,Years,30
EST,ESTONIA,Fundings of start-ups,By technology,Clean energy,Later stage,2022,41921756,USD,1
EST,ESTONIA,Probability to receive funding,By technology,Electric mobility,Later stage,2015,50,Percentage,2
EST,ESTONIA,Probability to receive funding,By technology,Electric mobility,Later stage,2016,50,Percentage,2
EST,ESTONIA,Probability to receive funding,By technology,Electric mobility,Later stage,2017,50,Percentage,2
EST,ESTONIA,Probability to receive funding,By technology,Electric mobility,Later stage,2018,33.33333206,Percentage,3
EST,ESTONIA,Probability to receive funding,By technology,Electric mobility,Later stage,2019,22.22222137,Percentage,4.5
EST,ESTONIA,Probability to receive funding,By technology,Electric mobility,Later stage,2020,22.22222137,Percentage,4.5
EST,ESTONIA,Probability to receive funding,By technology,Electric mobility,Later stage,2021,22.22222137,Percentage,4.5
EST,ESTONIA,Fundings of start-ups,By technology,Electric mobility,Later stage,2022,7.838356018,Years,4.5
EST,ESTONIA,Probability to receive funding,By technology,Energy efficiency,Later stage,2015,0,Percentage,8.5
EST,ESTONIA,Probability to receive funding,By technology,Energy efficiency,Later stage,2016,0,Percentage,10.5
EST,ESTONIA,Probability to receive funding,By technology,Energy efficiency,Later stage,2017,0,Percentage,11.5
EST,ESTONIA,Probability to receive funding,By technology,Energy efficiency,Later stage,2018,0,Percentage,11.5
EST,ESTONIA,Probability to receive funding,By technology,Energy efficiency,Later stage,2019,0,Percentage,12.5
EST,ESTONIA,Probability to receive funding,By technology,Energy efficiency,Later stage,2020,0,Percentage,12.5
EST,ESTONIA,Probability to receive funding,By technology,Energy efficiency,Later stage,2021,0,Percentage,13.5
EST,ESTONIA,Probability to receive funding,By technology,Energy storage and batteries,Later stage,2015,0,Percentage,1.75
EST,ESTONIA,Probability to receive funding,By technology,Energy storage and batteries,Later stage,2016,0,Percentage,2.75
EST,ESTONIA,Probability to receive funding,By technology,Energy storage and batteries,Later stage,2017,0,Percentage,2.75
EST,ESTONIA,Probability to receive funding,By technology,Energy storage and batteries,Later stage,2018,0,Percentage,2.75
EST,ESTONIA,Probability to receive funding,By technology,Energy storage and batteries,Later stage,2019,0,Percentage,3.25
EST,ESTONIA,Probability to receive funding,By technology,Energy storage and batteries,Later stage,2020,0,Percentage,3.25
EST,ESTONIA,Probability to receive funding,By technology,Energy storage and batteries,Later stage,2021,0,Percentage,3.25
EST,ESTONIA,Probability to receive funding,By technology,Fossil fuels,Later stage,2015,0,Percentage,1.833333373
EST,ESTONIA,Probability to receive funding,By technology,Fossil fuels,Later stage,2016,0,Percentage,1.833333373
EST,ESTONIA,Probability to receive funding,By technology,Fossil fuels,Later stage,2017,0,Percentage,1.833333373
EST,ESTONIA,Probability to receive funding,By technology,Fossil fuels,Later stage,2018,0,Percentage,1.833333373
EST,ESTONIA,Probability to receive funding,By technology,Fossil fuels,Later stage,2019,0,Percentage,1.833333373
EST,ESTONIA,Probability to receive funding,By technology,Fossil fuels,Later stage,2020,0,Percentage,1.833333373
EST,ESTONIA,Probability to receive funding,By technology,Fossil fuels,Later stage,2021,0,Percentage,1.833333373
EST,ESTONIA,Probability to receive funding,By technology,Grid,Later stage,2015,0,Percentage,1
EST,ESTONIA,Probability to receive funding,By technology,Grid,Later stage,2016,0,Percentage,2
EST,ESTONIA,Probability to receive funding,By technology,Grid,Later stage,2017,0,Percentage,2
EST,ESTONIA,Probability to receive funding,By technology,Grid,Later stage,2018,0,Percentage,2
EST,ESTONIA,Probability to receive funding,By technology,Grid,Later stage,2019,0,Percentage,2
EST,ESTONIA,Probability to receive funding,By technology,Grid,Later stage,2020,0,Percentage,2
EST,ESTONIA,Probability to receive funding,By technology,Grid,Later stage,2021,0,Percentage,2
EST,ESTONIA,Probability to receive funding,By technology,Hydrogen and fuel cells,Later stage,2016,0,Percentage,0.25
EST,ESTONIA,Probability to receive funding,By technology,Hydrogen and fuel cells,Later stage,2017,0,Percentage,0.25
EST,ESTONIA,Probability to receive funding,By technology,Hydrogen and fuel cells,Later stage,2018,0,Percentage,0.25
EST,ESTONIA,Probability to receive funding,By technology,Hydrogen and fuel cells,Later stage,2019,0,Percentage,0.25
EST,ESTONIA,Probability to receive funding,By technology,Hydrogen and fuel cells,Later stage,2020,0,Percentage,0.25
EST,ESTONIA,Probability to receive funding,By technology,Hydrogen and fuel cells,Later stage,2021,0,Percentage,0.25
EST,ESTONIA,Probability to receive funding,By technology,Non-clean energy,Later stage,2021,0,Percentage,20
EST,ESTONIA,Probability to receive funding,By technology,Nuclear,Later stage,2021,0,Percentage,1
EST,ESTONIA,Probability to receive funding,By technology,Other energy,Later stage,2015,11.53846169,Percentage,8.666666985
EST,ESTONIA,Probability to receive funding,By technology,Other energy,Later stage,2016,10.61946869,Percentage,9.416666985
EST,ESTONIA,Probability to receive funding,By technology,Other energy,Later stage,2017,10.61946869,Percentage,9.416666985
EST,ESTONIA,Probability to receive funding,By technology,Other energy,Later stage,2018,10.2564106,Percentage,9.75
EST,ESTONIA,Probability to receive funding,By technology,Other energy,Later stage,2019,9.756097794,Percentage,10.25
EST,ESTONIA,Probability to receive funding,By technology,Other energy,Later stage,2020,9.756097794,Percentage,10.25
EST,ESTONIA,Probability to receive funding,By technology,Other energy,Later stage,2021,9.302325249,Percentage,10.75
EST,ESTONIA,Fundings of start-ups,By technology,Other energy,Later stage,2022,4.249315262,Years,10.75
EST,ESTONIA,Probability to receive funding,By technology,Other renewables,Later stage,2015,0,Percentage,1.583333373
EST,ESTONIA,Probability to receive funding,By technology,Other renewables,Later stage,2016,0,Percentage,3.583333254
EST,ESTONIA,Probability to receive funding,By technology,Other renewables,Later stage,2017,0,Percentage,5.583333492
EST,ESTONIA,Probability to receive funding,By technology,Other renewables,Later stage,2018,0,Percentage,5.916666508
EST,ESTONIA,Probability to receive funding,By technology,Other renewables,Later stage,2019,0,Percentage,7.416666508
EST,ESTONIA,Probability to receive funding,By technology,Other renewables,Later stage,2020,0,Percentage,7.416666508
EST,ESTONIA,Probability to receive funding,By technology,Other renewables,Later stage,2021,0,Percentage,8.916666985
EST,ESTONIA,Probability to receive funding,By technology,Solar,Later stage,2015,0,Percentage,1.166666627
EST,ESTONIA,Probability to receive funding,By technology,Solar,Later stage,2016,0,Percentage,1.166666627
EST,ESTONIA,Probability to receive funding,By technology,Solar,Later stage,2017,0,Percentage,1.166666627
EST,ESTONIA,Probability to receive funding,By technology,Solar,Later stage,2018,0,Percentage,1.5
EST,ESTONIA,Probability to receive funding,By technology,Solar,Later stage,2019,0,Percentage,1.5
EST,ESTONIA,Probability to receive funding,By technology,Solar,Later stage,2020,0,Percentage,1.5
EST,ESTONIA,Probability to receive funding,By technology,Solar,Later stage,2021,0,Percentage,1.5
EST,ESTONIA,Probability to receive funding,By technology,Wind,Later stage,2015,0,Percentage,0.5
EST,ESTONIA,Probability to receive funding,By technology,Wind,Later stage,2016,0,Percentage,0.5
EST,ESTONIA,Probability to receive funding,By technology,Wind,Later stage,2017,0,Percentage,0.5
EST,ESTONIA,Probability to receive funding,By technology,Wind,Later stage,2018,0,Percentage,0.5
EST,ESTONIA,Probability to receive funding,By technology,Wind,Later stage,2019,0,Percentage,0.5
EST,ESTONIA,Probability to receive funding,By technology,Wind,Later stage,2020,0,Percentage,0.5
EST,ESTONIA,Probability to receive funding,By technology,Wind,Later stage,2021,0,Percentage,0.5
SWZ,ESWATINI,Fundings of start-ups,"By sector (energy, green, digital)",Non-energy,Early stage,2020,640422.125,USD,1
SWZ,ESWATINI,Probability to receive funding,"By sector (energy, green, digital)",Non-energy,Early stage,2021,16.66666603,Percentage,6
SWZ,ESWATINI,Fundings of start-ups,"By sector (energy, green, digital)",Non-energy,Early stage,2022,10.88767147,Years,6
SWZ,ESWATINI,Probability to receive funding,"By sector (energy, green, digital)",Non-energy,Later stage,2021,0,Percentage,6
ETH,ETHIOPIA,Fundings of start-ups,"By sector (energy, green, digital)",Energy,Early stage,2011,309593.0313,USD,1
ETH,ETHIOPIA,Fundings of start-ups,"By sector (energy, green, digital)",Energy,Early stage,2012,6051136.5,USD,1
ETH,ETHIOPIA,Fundings of start-ups,"By sector (energy, green, digital)",Energy,Early stage,2014,8825967,USD,1
ETH,ETHIOPIA,Fundings of start-ups,"By sector (energy, green, digital)",Energy,Early stage,2018,1109375,USD,1
ETH,ETHIOPIA,Probability to receive funding,"By sector (energy, green, digital)",Energy,Early stage,2021,50,Percentage,6
ETH,ETHIOPIA,Fundings of start-ups,"By sector (energy, green, digital)",Energy,Early stage,2022,1.592694044,Years,6
ETH,ETHIOPIA,Fundings of start-ups,"By sector (energy, green, digital)",Energy and digital,Early stage,2011,309593.0313,USD,1
ETH,ETHIOPIA,Fundings of start-ups,"By sector (energy, green, digital)",Energy and digital,Early stage,2012,6051136.5,USD,1
ETH,ETHIOPIA,Fundings of start-ups,"By sector (energy, green, digital)",Energy and digital,Early stage,2014,8825967,USD,1
ETH,ETHIOPIA,Probability to receive funding,"By sector (energy, green, digital)",Energy and digital,Early stage,2021,50,Percentage,2
ETH,ETHIOPIA,Fundings of start-ups,"By sector (energy, green, digital)",Energy and digital,Early stage,2022,0.586301386,Years,2
ETH,ETHIOPIA,Fundings of start-ups,"By sector (energy, green, digital)",Energy and non-digital,Early stage,2018,1109375,USD,1
ETH,ETHIOPIA,Probability to receive funding,"By sector (energy, green, digital)",Energy and non-digital,Early stage,2021,50,Percentage,4
ETH,ETHIOPIA,Fundings of start-ups,"By sector (energy, green, digital)",Energy and non-digital,Early stage,2022,2.095890522,Years,4
ETH,ETHIOPIA,Fundings of start-ups,"By sector (energy, green, digital)",Non-energy,Early stage,2009,194817.0781,USD,1
ETH,ETHIOPIA,Fundings of start-ups,"By sector (energy, green, digital)",Non-energy,Early stage,2010,1275449.125,USD,1
ETH,ETHIOPIA,Fundings of start-ups,"By sector (energy, green, digital)",Non-energy,Early stage,2012,4840909,USD,1
ETH,ETHIOPIA,Fundings of start-ups,"By sector (energy, green, digital)",Non-energy,Early stage,2014,401099,USD,1
ETH,ETHIOPIA,Fundings of start-ups,"By sector (energy, green, digital)",Non-energy,Early stage,2016,1258320.625,USD,2
ETH,ETHIOPIA,Fundings of start-ups,"By sector (energy, green, digital)",Non-energy,Early stage,2017,311569.1563,USD,1
ETH,ETHIOPIA,Fundings of start-ups,"By sector (energy, green, digital)",Non-energy,Early stage,2018,1181484.375,USD,2
ETH,ETHIOPIA,Fundings of start-ups,"By sector (energy, green, digital)",Non-energy,Early stage,2019,163010.2031,USD,1
ETH,ETHIOPIA,Fundings of start-ups,"By sector (energy, green, digital)",Non-energy,Early stage,2020,2756466.25,USD,3
ETH,ETHIOPIA,Probability to receive funding,"By sector (energy, green, digital)",Non-energy,Early stage,2021,5.809128761,Percentage,241
ETH,ETHIOPIA,Fundings of start-ups,"By sector (energy, green, digital)",Non-energy,Early stage,2021,3704347.75,USD,2
ETH,ETHIOPIA,Fundings of start-ups,"By sector (energy, green, digital)",Non-energy,Early stage,2022,506013,USD,2
ETH,ETHIOPIA,Fundings of start-ups,"By sector (energy, green, digital)",Non-energy,Early stage,2022,2.002348423,Years,242
ETH,ETHIOPIA,Probability to receive funding,"By sector (energy, green, digital)",Energy,Later stage,2021,0,Percentage,6
ETH,ETHIOPIA,Probability to receive funding,"By sector (energy, green, digital)",Energy and digital,Later stage,2021,0,Percentage,2
ETH,ETHIOPIA,Probability to receive funding,"By sector (energy, green, digital)",Energy and non-digital,Later stage,2021,0,Percentage,4
ETH,ETHIOPIA,Fundings of start-ups,"By sector (energy, green, digital)",Non-energy,Later stage,2018,10870391,USD,1
ETH,ETHIOPIA,Fundings of start-ups,"By sector (energy, green, digital)",Non-energy,Later stage,2019,2010459.125,USD,1
ETH,ETHIOPIA,Probability to receive funding,"By sector (energy, green, digital)",Non-energy,Later stage,2021,2.489626646,Percentage,241
ETH,ETHIOPIA,Fundings of start-ups,"By sector (energy, green, digital)",Non-energy,Later stage,2022,7.489954472,Years,242
ETH,ETHIOPIA,Fundings of start-ups,By technology,Energy efficiency,all,2011,103197.6719,USD,0.333333343
ETH,ETHIOPIA,Fundings of start-ups,By technology,Energy efficiency,all,2012,2017045.5,USD,0.333333343
ETH,ETHIOPIA,Fundings of start-ups,By technology,Energy efficiency,all,2014,2941989,USD,0.333333343
ETH,ETHIOPIA,Fundings of start-ups,By technology,Other energy,all,2011,103197.6719,USD,0.333333343
ETH,ETHIOPIA,Fundings of start-ups,By technology,Other energy,all,2012,2017045.5,USD,0.333333343
ETH,ETHIOPIA,Fundings of start-ups,By technology,Other energy,all,2014,2941989,USD,0.333333343
ETH,ETHIOPIA,Fundings of start-ups,By technology,Other energy,all,2018,554687.5,USD,0.5
ETH,ETHIOPIA,Fundings of start-ups,By technology,Other renewables,all,2011,103197.6719,USD,0.333333343
ETH,ETHIOPIA,Fundings of start-ups,By technology,Other renewables,all,2012,2017045.5,USD,0.333333343
ETH,ETHIOPIA,Fundings of start-ups,By technology,Other renewables,all,2014,2941989,USD,0.333333343
ETH,ETHIOPIA,Fundings of start-ups,By technology,Other renewables,all,2018,554687.5,USD,0.5
ETH,ETHIOPIA,Fundings of start-ups,By technology,Clean energy,Early stage,2011,309593.0313,USD,1
ETH,ETHIOPIA,Fundings of start-ups,By technology,Clean energy,Early stage,2012,6051136.5,USD,1
ETH,ETHIOPIA,Fundings of start-ups,By technology,Clean energy,Early stage,2014,8825967,USD,1
ETH,ETHIOPIA,Fundings of start-ups,By technology,Clean energy,Early stage,2018,1109375,USD,1
ETH,ETHIOPIA,Probability to receive funding,By technology,Clean energy,Early stage,2021,100,Percentage,3
ETH,ETHIOPIA,Fundings of start-ups,By technology,Clean energy,Early stage,2022,1.592694044,Years,3
ETH,ETHIOPIA,Probability to receive funding,By technology,Energy efficiency,Early stage,2015,45.45454407,Percentage,1.833333373
ETH,ETHIOPIA,Probability to receive funding,By technology,Energy efficiency,Early stage,2016,45.45454407,Percentage,1.833333373
ETH,ETHIOPIA,Probability to receive funding,By technology,Energy efficiency,Early stage,2017,45.45454407,Percentage,1.833333373
ETH,ETHIOPIA,Probability to receive funding,By technology,Energy efficiency,Early stage,2018,45.45454407,Percentage,1.833333373
ETH,ETHIOPIA,Probability to receive funding,By technology,Energy efficiency,Early stage,2019,45.45454407,Percentage,1.833333373
ETH,ETHIOPIA,Probability to receive funding,By technology,Energy efficiency,Early stage,2020,45.45454407,Percentage,1.833333373
ETH,ETHIOPIA,Probability to receive funding,By technology,Energy efficiency,Early stage,2021,45.45454407,Percentage,1.833333373
ETH,ETHIOPIA,Probability to receive funding,By technology,Non-clean energy,Early stage,2021,0,Percentage,3
ETH,ETHIOPIA,Probability to receive funding,By technology,Other energy,Early stage,2015,45.45454407,Percentage,1.833333373
ETH,ETHIOPIA,Probability to receive funding,By technology,Other energy,Early stage,2016,45.45454407,Percentage,1.833333373
ETH,ETHIOPIA,Probability to receive funding,By technology,Other energy,Early stage,2017,29.41176414,Percentage,2.833333254
ETH,ETHIOPIA,Probability to receive funding,By technology,Other energy,Early stage,2018,40,Percentage,3.333333254
ETH,ETHIOPIA,Probability to receive funding,By technology,Other energy,Early stage,2019,40,Percentage,3.333333254
ETH,ETHIOPIA,Probability to receive funding,By technology,Other energy,Early stage,2020,40,Percentage,3.333333254
ETH,ETHIOPIA,Probability to receive funding,By technology,Other energy,Early stage,2021,40,Percentage,3.333333254
ETH,ETHIOPIA,Probability to receive funding,By technology,Other renewables,Early stage,2015,100,Percentage,0.333333343
ETH,ETHIOPIA,Probability to receive funding,By technology,Other renewables,Early stage,2016,100,Percentage,0.333333343
ETH,ETHIOPIA,Probability to receive funding,By technology,Other renewables,Early stage,2017,100,Percentage,0.333333343
ETH,ETHIOPIA,Probability to receive funding,By technology,Other renewables,Early stage,2018,100,Percentage,0.833333313
ETH,ETHIOPIA,Probability to receive funding,By technology,Other renewables,Early stage,2019,100,Percentage,0.833333313
ETH,ETHIOPIA,Probability to receive funding,By technology,Other renewables,Early stage,2020,100,Percentage,0.833333313
ETH,ETHIOPIA,Probability to receive funding,By technology,Other renewables,Early stage,2021,100,Percentage,0.833333313
ETH,ETHIOPIA,Probability to receive funding,By technology,Clean energy,Later stage,2021,0,Percentage,3
ETH,ETHIOPIA,Probability to receive funding,By technology,Energy efficiency,Later stage,2015,0,Percentage,1.833333373
ETH,ETHIOPIA,Probability to receive funding,By technology,Energy efficiency,Later stage,2016,0,Percentage,1.833333373
ETH,ETHIOPIA,Probability to receive funding,By technology,Energy efficiency,Later stage,2017,0,Percentage,1.833333373
ETH,ETHIOPIA,Probability to receive funding,By technology,Energy efficiency,Later stage,2018,0,Percentage,1.833333373
ETH,ETHIOPIA,Probability to receive funding,By technology,Energy efficiency,Later stage,2019,0,Percentage,1.833333373
ETH,ETHIOPIA,Probability to receive funding,By technology,Energy efficiency,Later stage,2020,0,Percentage,1.833333373
ETH,ETHIOPIA,Probability to receive funding,By technology,Energy efficiency,Later stage,2021,0,Percentage,1.833333373
ETH,ETHIOPIA,Probability to receive funding,By technology,Non-clean energy,Later stage,2021,0,Percentage,3
ETH,ETHIOPIA,Probability to receive funding,By technology,Other energy,Later stage,2015,0,Percentage,1.833333373
ETH,ETHIOPIA,Probability to receive funding,By technology,Other energy,Later stage,2016,0,Percentage,1.833333373
ETH,ETHIOPIA,Probability to receive funding,By technology,Other energy,Later stage,2017,0,Percentage,2.833333254
ETH,ETHIOPIA,Probability to receive funding,By technology,Other energy,Later stage,2018,0,Percentage,3.333333254
ETH,ETHIOPIA,Probability to receive funding,By technology,Other energy,Later stage,2019,0,Percentage,3.333333254
ETH,ETHIOPIA,Probability to receive funding,By technology,Other energy,Later stage,2020,0,Percentage,3.333333254
ETH,ETHIOPIA,Probability to receive funding,By technology,Other energy,Later stage,2021,0,Percentage,3.333333254
ETH,ETHIOPIA,Probability to receive funding,By technology,Other renewables,Later stage,2015,0,Percentage,0.333333343
ETH,ETHIOPIA,Probability to receive funding,By technology,Other renewables,Later stage,2016,0,Percentage,0.333333343
ETH,ETHIOPIA,Probability to receive funding,By technology,Other renewables,Later stage,2017,0,Percentage,0.333333343
ETH,ETHIOPIA,Probability to receive funding,By technology,Other renewables,Later stage,2018,0,Percentage,0.833333313
ETH,ETHIOPIA,Probability to receive funding,By technology,Other renewables,Later stage,2019,0,Percentage,0.833333313
ETH,ETHIOPIA,Probability to receive funding,By technology,Other renewables,Later stage,2020,0,Percentage,0.833333313
ETH,ETHIOPIA,Probability to receive funding,By technology,Other renewables,Later stage,2021,0,Percentage,0.833333313
FRO,FAROE ISLANDS,Probability to receive funding,"By sector (energy, green, digital)",Non-energy,Early stage,2021,0,Percentage,6
FRO,FAROE ISLANDS,Probability to receive funding,"By sector (energy, green, digital)",Non-energy,Later stage,2021,16.66666603,Percentage,6
FRO,FAROE ISLANDS,Fundings of start-ups,"By sector (energy, green, digital)",Non-energy,Later stage,2022,13.60273933,Years,6
FJI,FIJI,Probability to receive funding,"By sector (energy, green, digital)",Non-energy,Early stage,2021,0,Percentage,7
FJI,FIJI,Probability to receive funding,"By sector (energy, green, digital)",Non-energy,Later stage,2021,0,Percentage,7
FIN,FINLAND,Fundings of start-ups,"By sector (energy, green, digital)",Energy,Early stage,2008,9571208,USD,1
FIN,FINLAND,Fundings of start-ups,"By sector (energy, green, digital)",Energy,Early stage,2009,17041902,USD,2
FIN,FINLAND,Fundings of start-ups,"By sector (energy, green, digital)",Energy,Early stage,2010,6081833.5,USD,1
FIN,FINLAND,Fundings of start-ups,"By sector (energy, green, digital)",Energy,Early stage,2011,569651.1875,USD,1
FIN,FINLAND,Fundings of start-ups,"By sector (energy, green, digital)",Energy,Early stage,2012,8566712,USD,3
FIN,FINLAND,Fundings of start-ups,"By sector (energy, green, digital)",Energy,Early stage,2013,22319536,USD,3
FIN,FINLAND,Fundings of start-ups,"By sector (energy, green, digital)",Energy,Early stage,2014,4971496.5,USD,2
FIN,FINLAND,Fundings of start-ups,"By sector (energy, green, digital)",Energy,Early stage,2015,1998736.75,USD,4
FIN,FINLAND,Fundings of start-ups,"By sector (energy, green, digital)",Energy,Early stage,2016,8245928,USD,6
FIN,FINLAND,Fundings of start-ups,"By sector (energy, green, digital)",Energy,Early stage,2017,9109892,USD,5
FIN,FINLAND,Fundings of start-ups,"By sector (energy, green, digital)",Energy,Early stage,2018,17448062,USD,5
FIN,FINLAND,Fundings of start-ups,"By sector (energy, green, digital)",Energy,Early stage,2019,5391253,USD,6
FIN,FINLAND,Fundings of start-ups,"By sector (energy, green, digital)",Energy,Early stage,2020,2994781,USD,3
FIN,FINLAND,Probability to receive funding,"By sector (energy, green, digital)",Energy,Early stage,2021,22.69503593,Percentage,141
FIN,FINLAND,Fundings of start-ups,"By sector (energy, green, digital)",Energy,Early stage,2021,18101394,USD,10
FIN,FINLAND,Fundings of start-ups,"By sector (energy, green, digital)",Energy,Early stage,2022,2.266866446,Years,143
FIN,FINLAND,Fundings of start-ups,"By sector (energy, green, digital)",Energy,Early stage,2022,9339182,USD,3
FIN,FINLAND,Fundings of start-ups,"By sector (energy, green, digital)",Energy and digital,Early stage,2008,9571208,USD,1
FIN,FINLAND,Fundings of start-ups,"By sector (energy, green, digital)",Energy and digital,Early stage,2009,8442872,USD,1
FIN,FINLAND,Fundings of start-ups,"By sector (energy, green, digital)",Energy and digital,Early stage,2010,6081833.5,USD,1
FIN,FINLAND,Fundings of start-ups,"By sector (energy, green, digital)",Energy and digital,Early stage,2011,569651.1875,USD,1
FIN,FINLAND,Fundings of start-ups,"By sector (energy, green, digital)",Energy and digital,Early stage,2012,8566712,USD,3
FIN,FINLAND,Fundings of start-ups,"By sector (energy, green, digital)",Energy and digital,Early stage,2013,19087614,USD,2
FIN,FINLAND,Fundings of start-ups,"By sector (energy, green, digital)",Energy and digital,Early stage,2014,4942541.5,USD,1
FIN,FINLAND,Fundings of start-ups,"By sector (energy, green, digital)",Energy and digital,Early stage,2015,19332.39844,USD,1
FIN,FINLAND,Fundings of start-ups,"By sector (energy, green, digital)",Energy and digital,Early stage,2016,4965699,USD,3
FIN,FINLAND,Fundings of start-ups,"By sector (energy, green, digital)",Energy and digital,Early stage,2017,1001948.625,USD,2
FIN,FINLAND,Fundings of start-ups,"By sector (energy, green, digital)",Energy and digital,Early stage,2018,16518594,USD,2
FIN,FINLAND,Fundings of start-ups,"By sector (energy, green, digital)",Energy and digital,Early stage,2019,766024.0625,USD,3
FIN,FINLAND,Fundings of start-ups,"By sector (energy, green, digital)",Energy and digital,Early stage,2020,305387.125,USD,2
FIN,FINLAND,Fundings of start-ups,"By sector (energy, green, digital)",Energy and digital,Early stage,2021,15005155,USD,8
FIN,FINLAND,Probability to receive funding,"By sector (energy, green, digital)",Energy and digital,Early stage,2021,32.8125,Percentage,64
FIN,FINLAND,Fundings of start-ups,"By sector (energy, green, digital)",Energy and digital,Early stage,2022,2.533985615,Years,65
FIN,FINLAND,Fundings of start-ups,"By sector (energy, green, digital)",Energy and digital,Early stage,2022,4814551,USD,2
FIN,FINLAND,Fundings of start-ups,"By sector (energy, green, digital)",Energy and non-digital,Early stage,2009,8599031,USD,1
FIN,FINLAND,Fundings of start-ups,"By sector (energy, green, digital)",Energy and non-digital,Early stage,2013,3231923.25,USD,1
FIN,FINLAND,Fundings of start-ups,"By sector (energy, green, digital)",Energy and non-digital,Early stage,2014,28955.05469,USD,1
FIN,FINLAND,Fundings of start-ups,"By sector (energy, green, digital)",Energy and non-digital,Early stage,2015,1979404.25,USD,3
FIN,FINLAND,Fundings of start-ups,"By sector (energy, green, digital)",Energy and non-digital,Early stage,2016,3280229,USD,3
FIN,FINLAND,Fundings of start-ups,"By sector (energy, green, digital)",Energy and non-digital,Early stage,2017,8107943.5,USD,3
FIN,FINLAND,Fundings of start-ups,"By sector (energy, green, digital)",Energy and non-digital,Early stage,2018,929468.75,USD,3
FIN,FINLAND,Fundings of start-ups,"By sector (energy, green, digital)",Energy and non-digital,Early stage,2019,4625228.5,USD,3
FIN,FINLAND,Fundings of start-ups,"By sector (energy, green, digital)",Energy and non-digital,Early stage,2020,2689394,USD,1
FIN,FINLAND,Probability to receive funding,"By sector (energy, green, digital)",Energy and non-digital,Early stage,2021,14.28571415,Percentage,77
FIN,FINLAND,Fundings of start-ups,"By sector (energy, green, digital)",Energy and non-digital,Early stage,2021,3096238,USD,2
FIN,FINLAND,Fundings of start-ups,"By sector (energy, green, digital)",Energy and non-digital,Early stage,2022,1.756911635,Years,78
FIN,FINLAND,Fundings of start-ups,"By sector (energy, green, digital)",Energy and non-digital,Early stage,2022,4524631,USD,1
FIN,FINLAND,Fundings of start-ups,"By sector (energy, green, digital)",Non-energy,Early stage,2000,26392550,USD,2
FIN,FINLAND,Fundings of start-ups,"By sector (energy, green, digital)",Non-energy,Early stage,2001,24119118,USD,2
FIN,FINLAND,Fundings of start-ups,"By sector (energy, green, digital)",Non-energy,Early stage,2002,19623702,USD,2
FIN,FINLAND,Fundings of start-ups,"By sector (energy, green, digital)",Non-energy,Early stage,2005,7842108,USD,2
FIN,FINLAND,Fundings of start-ups,"By sector (energy, green, digital)",Non-energy,Early stage,2006,60663332,USD,5
FIN,FINLAND,Fundings of start-ups,"By sector (energy, green, digital)",Non-energy,Early stage,2007,14309281,USD,6
FIN,FINLAND,Fundings of start-ups,"By sector (energy, green, digital)",Non-energy,Early stage,2008,43909620,USD,4
FIN,FINLAND,Fundings of start-ups,"By sector (energy, green, digital)",Non-energy,Early stage,2009,9398939,USD,6
FIN,FINLAND,Fundings of start-ups,"By sector (energy, green, digital)",Non-energy,Early stage,2010,26913482,USD,16
FIN,FINLAND,Fundings of start-ups,"By sector (energy, green, digital)",Non-energy,Early stage,2011,97596288,USD,20
FIN,FINLAND,Fundings of start-ups,"By sector (energy, green, digital)",Non-energy,Early stage,2012,63079084,USD,40
FIN,FINLAND,Fundings of start-ups,"By sector (energy, green, digital)",Non-energy,Early stage,2013,253617184,USD,57
FIN,FINLAND,Fundings of start-ups,"By sector (energy, green, digital)",Non-energy,Early stage,2014,175868384,USD,87
FIN,FINLAND,Fundings of start-ups,"By sector (energy, green, digital)",Non-energy,Early stage,2015,137793344,USD,96
FIN,FINLAND,Fundings of start-ups,"By sector (energy, green, digital)",Non-energy,Early stage,2016,188778352,USD,95
FIN,FINLAND,Fundings of start-ups,"By sector (energy, green, digital)",Non-energy,Early stage,2017,194289392,USD,95
FIN,FINLAND,Fundings of start-ups,"By sector (energy, green, digital)",Non-energy,Early stage,2018,355657568,USD,85
FIN,FINLAND,Fundings of start-ups,"By sector (energy, green, digital)",Non-energy,Early stage,2019,258764192,USD,81
FIN,FINLAND,Fundings of start-ups,"By sector (energy, green, digital)",Non-energy,Early stage,2020,719071424,USD,77
FIN,FINLAND,Fundings of start-ups,"By sector (energy, green, digital)",Non-energy,Early stage,2021,440352096,USD,89
FIN,FINLAND,Probability to receive funding,"By sector (energy, green, digital)",Non-energy,Early stage,2021,15.65629959,Percentage,3794
FIN,FINLAND,Fundings of start-ups,"By sector (energy, green, digital)",Non-energy,Early stage,2022,2.196126461,Years,3808
FIN,FINLAND,Fundings of start-ups,"By sector (energy, green, digital)",Non-energy,Early stage,2022,328479072,USD,44
FIN,FINLAND,Fundings of start-ups,"By sector (energy, green, digital)",Energy,Later stage,2013,7859900,USD,2
FIN,FINLAND,Fundings of start-ups,"By sector (energy, green, digital)",Energy,Later stage,2015,8237569,USD,1
FIN,FINLAND,Fundings of start-ups,"By sector (energy, green, digital)",Energy,Later stage,2016,10700258,USD,2
FIN,FINLAND,Fundings of start-ups,"By sector (energy, green, digital)",Energy,Later stage,2017,29581716,USD,3
FIN,FINLAND,Fundings of start-ups,"By sector (energy, green, digital)",Energy,Later stage,2018,19646126,USD,2
FIN,FINLAND,Fundings of start-ups,"By sector (energy, green, digital)",Energy,Later stage,2019,28484628,USD,3
FIN,FINLAND,Fundings of start-ups,"By sector (energy, green, digital)",Energy,Later stage,2020,28371740,USD,2
FIN,FINLAND,Probability to receive funding,"By sector (energy, green, digital)",Energy,Later stage,2021,13.47517776,Percentage,141
FIN,FINLAND,Fundings of start-ups,"By sector (energy, green, digital)",Energy,Later stage,2022,14689714,USD,1
FIN,FINLAND,Fundings of start-ups,"By sector (energy, green, digital)",Energy,Later stage,2022,5.822062016,Years,143
FIN,FINLAND,Fundings of start-ups,"By sector (energy, green, digital)",Energy and digital,Later stage,2013,7859900,USD,2
FIN,FINLAND,Fundings of start-ups,"By sector (energy, green, digital)",Energy and digital,Later stage,2015,8237569,USD,1
FIN,FINLAND,Fundings of start-ups,"By sector (energy, green, digital)",Energy and digital,Later stage,2016,10700258,USD,2
FIN,FINLAND,Fundings of start-ups,"By sector (energy, green, digital)",Energy and digital,Later stage,2017,29581716,USD,3
FIN,FINLAND,Fundings of start-ups,"By sector (energy, green, digital)",Energy and digital,Later stage,2018,19646126,USD,2
FIN,FINLAND,Fundings of start-ups,"By sector (energy, green, digital)",Energy and digital,Later stage,2019,28484628,USD,3
FIN,FINLAND,Fundings of start-ups,"By sector (energy, green, digital)",Energy and digital,Later stage,2020,27170160,USD,1
FIN,FINLAND,Probability to receive funding,"By sector (energy, green, digital)",Energy and digital,Later stage,2021,18.75,Percentage,64
FIN,FINLAND,Fundings of start-ups,"By sector (energy, green, digital)",Energy and digital,Later stage,2022,6.122374535,Years,65
FIN,FINLAND,Fundings of start-ups,"By sector (energy, green, digital)",Energy and non-digital,Later stage,2020,1201580.375,USD,1
FIN,FINLAND,Probability to receive funding,"By sector (energy, green, digital)",Energy and non-digital,Later stage,2021,9.090909004,Percentage,77
FIN,FINLAND,Fundings of start-ups,"By sector (energy, green, digital)",Energy and non-digital,Later stage,2022,14689714,USD,1
FIN,FINLAND,Fundings of start-ups,"By sector (energy, green, digital)",Energy and non-digital,Later stage,2022,5.307240486,Years,78
FIN,FINLAND,Fundings of start-ups,"By sector (energy, green, digital)",Non-energy,Later stage,2008,65237956,USD,1
FIN,FINLAND,Fundings of start-ups,"By sector (energy, green, digital)",Non-energy,Later stage,2010,35245632,USD,3
FIN,FINLAND,Fundings of start-ups,"By sector (energy, green, digital)",Non-energy,Later stage,2012,9143831,USD,2
FIN,FINLAND,Fundings of start-ups,"By sector (energy, green, digital)",Non-energy,Later stage,2013,29828376,USD,6
FIN,FINLAND,Fundings of start-ups,"By sector (energy, green, digital)",Non-energy,Later stage,2014,25191106,USD,6
FIN,FINLAND,Fundings of start-ups,"By sector (energy, green, digital)",Non-energy,Later stage,2015,32328080,USD,8
FIN,FINLAND,Fundings of start-ups,"By sector (energy, green, digital)",Non-energy,Later stage,2016,123225024,USD,12
FIN,FINLAND,Fundings of start-ups,"By sector (energy, green, digital)",Non-energy,Later stage,2017,85089528,USD,12
FIN,FINLAND,Fundings of start-ups,"By sector (energy, green, digital)",Non-energy,Later stage,2018,162075440,USD,13
FIN,FINLAND,Fundings of start-ups,"By sector (energy, green, digital)",Non-energy,Later stage,2019,193522832,USD,11
FIN,FINLAND,Fundings of start-ups,"By sector (energy, green, digital)",Non-energy,Later stage,2020,483732640,USD,14
FIN,FINLAND,Probability to receive funding,"By sector (energy, green, digital)",Non-energy,Later stage,2021,4.533473969,Percentage,3794
FIN,FINLAND,Fundings of start-ups,"By sector (energy, green, digital)",Non-energy,Later stage,2021,929292224,USD,12
FIN,FINLAND,Fundings of start-ups,"By sector (energy, green, digital)",Non-energy,Later stage,2022,651425024,USD,11
FIN,FINLAND,Fundings of start-ups,"By sector (energy, green, digital)",Non-energy,Later stage,2022,4.880926132,Years,3808
FIN,FINLAND,Fundings of start-ups,By technology,Electric mobility,all,2010,6081833.5,USD,1
FIN,FINLAND,Fundings of start-ups,By technology,Electric mobility,all,2013,17057686,USD,1
FIN,FINLAND,Fundings of start-ups,By technology,Electric mobility,all,2014,28955.05469,USD,1
FIN,FINLAND,Fundings of start-ups,By technology,Electric mobility,all,2015,504605.25,USD,2
FIN,FINLAND,Fundings of start-ups,By technology,Electric mobility,all,2016,9092318,USD,5
FIN,FINLAND,Fundings of start-ups,By technology,Electric mobility,all,2017,17383854,USD,6
FIN,FINLAND,Fundings of start-ups,By technology,Electric mobility,all,2018,17631144,USD,7
FIN,FINLAND,Fundings of start-ups,By technology,Electric mobility,all,2019,18874680,USD,4
FIN,FINLAND,Fundings of start-ups,By technology,Electric mobility,all,2020,1345603.875,USD,2
FIN,FINLAND,Fundings of start-ups,By technology,Electric mobility,all,2021,1934074,USD,3
FIN,FINLAND,Fundings of start-ups,By technology,Electric mobility,all,2022,747248,USD,2
FIN,FINLAND,Fundings of start-ups,By technology,Energy efficiency,all,2009,8599031,USD,1
FIN,FINLAND,Fundings of start-ups,By technology,Energy efficiency,all,2011,569651.1875,USD,1
FIN,FINLAND,Fundings of start-ups,By technology,Energy efficiency,all,2012,3943228.75,USD,1.333333373
FIN,FINLAND,Fundings of start-ups,By technology,Energy efficiency,all,2013,7857442,USD,2.333333254
FIN,FINLAND,Fundings of start-ups,By technology,Energy efficiency,all,2014,4942541.5,USD,1
FIN,FINLAND,Fundings of start-ups,By technology,Energy efficiency,all,2015,8571079,USD,2
FIN,FINLAND,Fundings of start-ups,By technology,Energy efficiency,all,2016,2257004,USD,0.666666687
FIN,FINLAND,Fundings of start-ups,By technology,Energy efficiency,all,2017,12216668,USD,2.166666746
FIN,FINLAND,Fundings of start-ups,By technology,Energy efficiency,all,2018,28262816,USD,3.666666746
FIN,FINLAND,Fundings of start-ups,By technology,Energy efficiency,all,2019,6263567.5,USD,3.583333254
FIN,FINLAND,Fundings of start-ups,By technology,Energy efficiency,all,2020,28086124,USD,3.166666746
FIN,FINLAND,Fundings of start-ups,By technology,Energy efficiency,all,2021,33784716,USD,4.916666508
FIN,FINLAND,Fundings of start-ups,By technology,Energy efficiency,all,2022,9339182,USD,3
FIN,FINLAND,Fundings of start-ups,By technology,Energy storage and batteries,all,2016,471666.5,USD,0.5
FIN,FINLAND,Fundings of start-ups,By technology,Energy storage and batteries,all,2019,1223677.375,USD,2
FIN,FINLAND,Fundings of start-ups,By technology,Energy storage and batteries,all,2021,4339175,USD,2.5
FIN,FINLAND,Fundings of start-ups,By technology,Fossil fuels,all,2008,3190402.75,USD,0.333333343
FIN,FINLAND,Fundings of start-ups,By technology,Fossil fuels,all,2009,2814290.75,USD,0.333333343
FIN,FINLAND,Fundings of start-ups,By technology,Fossil fuels,all,2013,676642.375,USD,0.333333343
FIN,FINLAND,Fundings of start-ups,By technology,Fossil fuels,all,2020,464194.7813,USD,0.666666687
FIN,FINLAND,Fundings of start-ups,By technology,Fossil fuels,all,2021,2992872.25,USD,1.166666627
FIN,FINLAND,Fundings of start-ups,By technology,Hydrogen and fuel cells,all,2021,1249795.5,USD,0.5
FIN,FINLAND,Fundings of start-ups,By technology,Hydrogen and fuel cells,all,2022,7344857,USD,0.5
FIN,FINLAND,Fundings of start-ups,By technology,Other energy,all,2008,3190402.75,USD,0.333333343
FIN,FINLAND,Fundings of start-ups,By technology,Other energy,all,2009,2814290.75,USD,0.333333343
FIN,FINLAND,Fundings of start-ups,By technology,Other energy,all,2012,2057045.5,USD,0.666666687
FIN,FINLAND,Fundings of start-ups,By technology,Other energy,all,2013,1980316.875,USD,0.666666687
FIN,FINLAND,Fundings of start-ups,By technology,Other energy,all,2015,6444.132813,USD,0.333333343
FIN,FINLAND,Fundings of start-ups,By technology,Other energy,all,2016,4420594.5,USD,2
FIN,FINLAND,Fundings of start-ups,By technology,Other energy,all,2017,10998382,USD,3
FIN,FINLAND,Fundings of start-ups,By technology,Other energy,all,2018,2588884.75,USD,1.666666627
FIN,FINLAND,Fundings of start-ups,By technology,Other energy,all,2019,4493297,USD,1.333333373
FIN,FINLAND,Fundings of start-ups,By technology,Other energy,all,2020,3153588.75,USD,1.666666627
FIN,FINLAND,Fundings of start-ups,By technology,Other energy,all,2021,6659459.5,USD,3.666666746
FIN,FINLAND,Fundings of start-ups,By technology,Other energy,all,2022,7344857,USD,0.5
FIN,FINLAND,Fundings of start-ups,By technology,Other renewables,all,2008,3190402.75,USD,0.333333343
FIN,FINLAND,Fundings of start-ups,By technology,Other renewables,all,2009,2814290.75,USD,0.333333343
FIN,FINLAND,Fundings of start-ups,By technology,Other renewables,all,2012,2566438.25,USD,1
FIN,FINLAND,Fundings of start-ups,By technology,Other renewables,all,2013,2607349,USD,0.666666687
FIN,FINLAND,Fundings of start-ups,By technology,Other renewables,all,2015,1444593.125,USD,1.333333373
FIN,FINLAND,Fundings of start-ups,By technology,Other renewables,all,2016,5626610,USD,2.5
FIN,FINLAND,Fundings of start-ups,By technology,Other renewables,all,2017,2015134.625,USD,1.5
FIN,FINLAND,Fundings of start-ups,By technology,Other renewables,all,2018,2425472.75,USD,0.666666687
FIN,FINLAND,Fundings of start-ups,By technology,Other renewables,all,2019,3710354.25,USD,1.083333373
FIN,FINLAND,Fundings of start-ups,By technology,Other renewables,all,2020,5465539.5,USD,1.5
FIN,FINLAND,Fundings of start-ups,By technology,Other renewables,all,2021,5259804.5,USD,2.25
FIN,FINLAND,Fundings of start-ups,By technology,Solar,all,2015,6444.132813,USD,0.333333343
FIN,FINLAND,Fundings of start-ups,By technology,Solar,all,2016,87045.61719,USD,0.333333343
FIN,FINLAND,Fundings of start-ups,By technology,Solar,all,2017,221870.4688,USD,0.333333343
FIN,FINLAND,Probability to receive funding,By technology,Bioenergy,Early stage,2019,0,Percentage,0.200000003
FIN,FINLAND,Probability to receive funding,By technology,Bioenergy,Early stage,2020,0,Percentage,0.200000003
FIN,FINLAND,Probability to receive funding,By technology,Bioenergy,Early stage,2021,0,Percentage,0.200000003
FIN,FINLAND,Fundings of start-ups,By technology,Clean energy,Early stage,2008,9571208,USD,1
FIN,FINLAND,Fundings of start-ups,By technology,Clean energy,Early stage,2009,17041902,USD,2
FIN,FINLAND,Fundings of start-ups,By technology,Clean energy,Early stage,2010,6081833.5,USD,1
FIN,FINLAND,Fundings of start-ups,By technology,Clean energy,Early stage,2012,6171136.5,USD,2
FIN,FINLAND,Fundings of start-ups,By technology,Clean energy,Early stage,2013,19087614,USD,2
FIN,FINLAND,Fundings of start-ups,By technology,Clean energy,Early stage,2014,28955.05469,USD,1
FIN,FINLAND,Fundings of start-ups,By technology,Clean energy,Early stage,2015,1998736.75,USD,4
FIN,FINLAND,Fundings of start-ups,By technology,Clean energy,Early stage,2016,6169383,USD,5
FIN,FINLAND,Fundings of start-ups,By technology,Clean energy,Early stage,2017,2105851.75,USD,4
FIN,FINLAND,Fundings of start-ups,By technology,Clean energy,Early stage,2018,766056.75,USD,2
FIN,FINLAND,Fundings of start-ups,By technology,Clean energy,Early stage,2019,2729928.75,USD,2
FIN,FINLAND,Fundings of start-ups,By technology,Clean energy,Early stage,2020,144023.5,USD,1
FIN,FINLAND,Fundings of start-ups,By technology,Clean energy,Early stage,2021,12825765,USD,6
FIN,FINLAND,Probability to receive funding,By technology,Clean energy,Early stage,2021,26.02739716,Percentage,73
FIN,FINLAND,Fundings of start-ups,By technology,Clean energy,Early stage,2022,2.079740524,Years,75
FIN,FINLAND,Fundings of start-ups,By technology,Clean energy,Early stage,2022,4524631,USD,1
FIN,FINLAND,Probability to receive funding,By technology,Electric mobility,Early stage,2015,27.77777863,Percentage,7.199999809
FIN,FINLAND,Probability to receive funding,By technology,Electric mobility,Early stage,2016,25.97402573,Percentage,7.699999809
FIN,FINLAND,Probability to receive funding,By technology,Electric mobility,Early stage,2017,22.98850632,Percentage,8.699999809
FIN,FINLAND,Probability to receive funding,By technology,Electric mobility,Early stage,2018,22.98850632,Percentage,8.699999809
FIN,FINLAND,Probability to receive funding,By technology,Electric mobility,Early stage,2019,30.92783546,Percentage,9.699999809
FIN,FINLAND,Probability to receive funding,By technology,Electric mobility,Early stage,2020,37.38317871,Percentage,10.69999981
FIN,FINLAND,Probability to receive funding,By technology,Electric mobility,Early stage,2021,34.18803406,Percentage,11.69999981
FIN,FINLAND,Fundings of start-ups,By technology,Electric mobility,Early stage,2022,2.293150663,Years,11.69999981
FIN,FINLAND,Probability to receive funding,By technology,Energy efficiency,Early stage,2015,28.39756584,Percentage,24.64999962
FIN,FINLAND,Probability to receive funding,By technology,Energy efficiency,Early stage,2016,30.66914558,Percentage,26.89999962
FIN,FINLAND,Probability to receive funding,By technology,Energy efficiency,Early stage,2017,33.1541214,Percentage,27.89999962
FIN,FINLAND,Probability to receive funding,By technology,Energy efficiency,Early stage,2018,34.28093719,Percentage,29.89999962
FIN,FINLAND,Probability to receive funding,By technology,Energy efficiency,Early stage,2019,34.28093719,Percentage,29.89999962
FIN,FINLAND,Probability to receive funding,By technology,Energy efficiency,Early stage,2020,34.28093719,Percentage,29.89999962
FIN,FINLAND,Probability to receive funding,By technology,Energy efficiency,Early stage,2021,34.05315781,Percentage,30.10000038
FIN,FINLAND,Fundings of start-ups,By technology,Energy efficiency,Early stage,2022,2.553135157,Years,30.10000038
FIN,FINLAND,Probability to receive funding,By technology,Energy storage and batteries,Early stage,2015,38.9610405,Percentage,1.283333302
FIN,FINLAND,Probability to receive funding,By technology,Energy storage and batteries,Early stage,2016,53.89221573,Percentage,2.783333302
FIN,FINLAND,Probability to receive funding,By technology,Energy storage and batteries,Early stage,2017,39.64757538,Percentage,3.783333302
FIN,FINLAND,Probability to receive funding,By technology,Energy storage and batteries,Early stage,2018,52.26480865,Percentage,4.783333302
FIN,FINLAND,Probability to receive funding,By technology,Energy storage and batteries,Early stage,2019,52.26480865,Percentage,4.783333302
FIN,FINLAND,Probability to receive funding,By technology,Energy storage and batteries,Early stage,2020,52.26480865,Percentage,4.783333302
FIN,FINLAND,Probability to receive funding,By technology,Energy storage and batteries,Early stage,2021,48.23151016,Percentage,5.183333397
FIN,FINLAND,Fundings of start-ups,By technology,Energy storage and batteries,Early stage,2022,2.023561716,Years,5.183333397
FIN,FINLAND,Probability to receive funding,By technology,Fossil fuels,Early stage,2015,34.78260803,Percentage,1.916666627
FIN,FINLAND,Probability to receive funding,By technology,Fossil fuels,Early stage,2016,29.62962914,Percentage,2.25
FIN,FINLAND,Probability to receive funding,By technology,Fossil fuels,Early stage,2017,20.5128212,Percentage,3.25
FIN,FINLAND,Probability to receive funding,By technology,Fossil fuels,Early stage,2018,31.11111069,Percentage,3.75
FIN,FINLAND,Probability to receive funding,By technology,Fossil fuels,Early stage,2019,31.11111069,Percentage,3.75
FIN,FINLAND,Probability to receive funding,By technology,Fossil fuels,Early stage,2020,31.11111069,Percentage,3.75
FIN,FINLAND,Probability to receive funding,By technology,Fossil fuels,Early stage,2021,31.11111069,Percentage,3.75
FIN,FINLAND,Fundings of start-ups,By technology,Fossil fuels,Early stage,2022,2.806653738,Years,3.75
FIN,FINLAND,Probability to receive funding,By technology,Grid,Early stage,2015,0,Percentage,7.833333492
FIN,FINLAND,Probability to receive funding,By technology,Grid,Early stage,2016,0,Percentage,7.833333492
FIN,FINLAND,Probability to receive funding,By technology,Grid,Early stage,2017,0,Percentage,7.833333492
FIN,FINLAND,Probability to receive funding,By technology,Grid,Early stage,2018,0,Percentage,7.833333492
FIN,FINLAND,Probability to receive funding,By technology,Grid,Early stage,2019,0,Percentage,7.833333492
FIN,FINLAND,Probability to receive funding,By technology,Grid,Early stage,2020,0,Percentage,7.833333492
FIN,FINLAND,Probability to receive funding,By technology,Grid,Early stage,2021,0,Percentage,7.833333492
FIN,FINLAND,Probability to receive funding,By technology,Hydrogen and fuel cells,Early stage,2020,100,Percentage,0.5
FIN,FINLAND,Probability to receive funding,By technology,Hydrogen and fuel cells,Early stage,2021,100,Percentage,0.5
FIN,FINLAND,Fundings of start-ups,By technology,Non-clean energy,Early stage,2011,569651.1875,USD,1
FIN,FINLAND,Fundings of start-ups,By technology,Non-clean energy,Early stage,2012,2395576,USD,1
FIN,FINLAND,Fundings of start-ups,By technology,Non-clean energy,Early stage,2013,3231923.25,USD,1
FIN,FINLAND,Fundings of start-ups,By technology,Non-clean energy,Early stage,2014,4942541.5,USD,1
FIN,FINLAND,Fundings of start-ups,By technology,Non-clean energy,Early stage,2016,2076545.125,USD,1
FIN,FINLAND,Fundings of start-ups,By technology,Non-clean energy,Early stage,2017,7004040.5,USD,1
FIN,FINLAND,Fundings of start-ups,By technology,Non-clean energy,Early stage,2018,16682006,USD,3
FIN,FINLAND,Fundings of start-ups,By technology,Non-clean energy,Early stage,2019,2661324.25,USD,4
FIN,FINLAND,Fundings of start-ups,By technology,Non-clean energy,Early stage,2020,2850757.5,USD,2
FIN,FINLAND,Fundings of start-ups,By technology,Non-clean energy,Early stage,2021,5275628,USD,4
FIN,FINLAND,Probability to receive funding,By technology,Non-clean energy,Early stage,2021,19.11764717,Percentage,68
FIN,FINLAND,Fundings of start-ups,By technology,Non-clean energy,Early stage,2022,4814551,USD,2
FIN,FINLAND,Fundings of start-ups,By technology,Non-clean energy,Early stage,2022,2.540358305,Years,68
FIN,FINLAND,Probability to receive funding,By technology,Nuclear,Early stage,2015,0,Percentage,1
FIN,FINLAND,Probability to receive funding,By technology,Nuclear,Early stage,2016,0,Percentage,1
FIN,FINLAND,Probability to receive funding,By technology,Nuclear,Early stage,2017,0,Percentage,1
FIN,FINLAND,Probability to receive funding,By technology,Nuclear,Early stage,2018,0,Percentage,1
FIN,FINLAND,Probability to receive funding,By technology,Nuclear,Early stage,2019,0,Percentage,1
FIN,FINLAND,Probability to receive funding,By technology,Nuclear,Early stage,2020,0,Percentage,1
FIN,FINLAND,Probability to receive funding,By technology,Nuclear,Early stage,2021,0,Percentage,1
FIN,FINLAND,Probability to receive funding,By technology,Other energy,Early stage,2015,10.97560978,Percentage,27.33333397
FIN,FINLAND,Probability to receive funding,By technology,Other energy,Early stage,2016,13.18681335,Percentage,30.33333397
FIN,FINLAND,Probability to receive funding,By technology,Other energy,Early stage,2017,12.76595783,Percentage,31.33333397
FIN,FINLAND,Probability to receive funding,By technology,Other energy,Early stage,2018,19.21182251,Percentage,33.83333206
FIN,FINLAND,Probability to receive funding,By technology,Other energy,Early stage,2019,19.49927711,Percentage,34.61666489
FIN,FINLAND,Probability to receive funding,By technology,Other energy,Early stage,2020,20.64546776,Percentage,35.11666489
FIN,FINLAND,Probability to receive funding,By technology,Other energy,Early stage,2021,20.5285511,Percentage,35.31666565
FIN,FINLAND,Fundings of start-ups,By technology,Other energy,Early stage,2022,2.405794382,Years,35.31666565
FIN,FINLAND,Probability to receive funding,By technology,Other renewables,Early stage,2015,20.54794502,Percentage,17.03333282
FIN,FINLAND,Probability to receive funding,By technology,Other renewables,Early stage,2016,22.62644196,Percentage,18.78333282
FIN,FINLAND,Probability to receive funding,By technology,Other renewables,Early stage,2017,22.62644196,Percentage,18.78333282
FIN,FINLAND,Probability to receive funding,By technology,Other renewables,Early stage,2018,22.62644196,Percentage,18.78333282
FIN,FINLAND,Probability to receive funding,By technology,Other renewables,Early stage,2019,23.96972275,Percentage,19.81666756
FIN,FINLAND,Probability to receive funding,By technology,Other renewables,Early stage,2020,27.62209702,Percentage,20.81666756
FIN,FINLAND,Probability to receive funding,By technology,Other renewables,Early stage,2021,26.11657906,Percentage,22.01666641
FIN,FINLAND,Fundings of start-ups,By technology,Other renewables,Early stage,2022,1.852015138,Years,22.01666641
FIN,FINLAND,Probability to receive funding,By technology,Solar,Early stage,2015,3.703703642,Percentage,9
FIN,FINLAND,Probability to receive funding,By technology,Solar,Early stage,2016,3.448275805,Percentage,9.666666985
FIN,FINLAND,Probability to receive funding,By technology,Solar,Early stage,2017,3.448275805,Percentage,9.666666985
FIN,FINLAND,Probability to receive funding,By technology,Solar,Early stage,2018,3.448275805,Percentage,9.666666985
FIN,FINLAND,Probability to receive funding,By technology,Solar,Early stage,2019,3.2679739,Percentage,10.19999981
FIN,FINLAND,Probability to receive funding,By technology,Solar,Early stage,2020,3.2679739,Percentage,10.19999981
FIN,FINLAND,Probability to receive funding,By technology,Solar,Early stage,2021,3.2679739,Percentage,10.19999981
FIN,FINLAND,Fundings of start-ups,By technology,Solar,Early stage,2022,0.063013695,Years,10.19999981
FIN,FINLAND,Probability to receive funding,By technology,Wind,Early stage,2015,0,Percentage,1.75
FIN,FINLAND,Probability to receive funding,By technology,Wind,Early stage,2016,0,Percentage,1.75
FIN,FINLAND,Probability to receive funding,By technology,Wind,Early stage,2017,0,Percentage,1.75
FIN,FINLAND,Probability to receive funding,By technology,Wind,Early stage,2018,0,Percentage,1.75
FIN,FINLAND,Probability to receive funding,By technology,Wind,Early stage,2019,11.36363602,Percentage,2.200000048
FIN,FINLAND,Probability to receive funding,By technology,Wind,Early stage,2020,11.36363602,Percentage,2.200000048
FIN,FINLAND,Probability to receive funding,By technology,Wind,Early stage,2021,11.36363602,Percentage,2.200000048
FIN,FINLAND,Probability to receive funding,By technology,Bioenergy,Later stage,2019,0,Percentage,0.200000003
FIN,FINLAND,Probability to receive funding,By technology,Bioenergy,Later stage,2020,0,Percentage,0.200000003
FIN,FINLAND,Probability to receive funding,By technology,Bioenergy,Later stage,2021,0,Percentage,0.200000003
FIN,FINLAND,Fundings of start-ups,By technology,Clean energy,Later stage,2013,3911023.5,USD,1
FIN,FINLAND,Fundings of start-ups,By technology,Clean energy,Later stage,2016,10700258,USD,2
FIN,FINLAND,Fundings of start-ups,By technology,Clean energy,Later stage,2017,19158312,USD,2
FIN,FINLAND,Fundings of start-ups,By technology,Clean energy,Later stage,2018,19646126,USD,2
FIN,FINLAND,Fundings of start-ups,By technology,Clean energy,Later stage,2019,28484628,USD,3
FIN,FINLAND,Fundings of start-ups,By technology,Clean energy,Later stage,2020,1201580.375,USD,1
FIN,FINLAND,Probability to receive funding,By technology,Clean energy,Later stage,2021,16.4383564,Percentage,73
FIN,FINLAND,Fundings of start-ups,By technology,Clean energy,Later stage,2022,5.786301136,Years,75
FIN,FINLAND,Probability to receive funding,By technology,Electric mobility,Later stage,2015,55.55555725,Percentage,7.199999809
FIN,FINLAND,Probability to receive funding,By technology,Electric mobility,Later stage,2016,58.44155884,Percentage,7.699999809
FIN,FINLAND,Probability to receive funding,By technology,Electric mobility,Later stage,2017,51.72413635,Percentage,8.699999809
FIN,FINLAND,Probability to receive funding,By technology,Electric mobility,Later stage,2018,51.72413635,Percentage,8.699999809
FIN,FINLAND,Probability to receive funding,By technology,Electric mobility,Later stage,2019,46.39175415,Percentage,9.699999809
FIN,FINLAND,Probability to receive funding,By technology,Electric mobility,Later stage,2020,42.05607605,Percentage,10.69999981
FIN,FINLAND,Probability to receive funding,By technology,Electric mobility,Later stage,2021,38.46154022,Percentage,11.69999981
FIN,FINLAND,Fundings of start-ups,By technology,Electric mobility,Later stage,2022,7.08767128,Years,11.69999981
FIN,FINLAND,Probability to receive funding,By technology,Energy efficiency,Later stage,2015,18.9317112,Percentage,24.64999962
FIN,FINLAND,Probability to receive funding,By technology,Energy efficiency,Later stage,2016,19.2069397,Percentage,26.89999962
FIN,FINLAND,Probability to receive funding,By technology,Energy efficiency,Later stage,2017,18.51851845,Percentage,27.89999962
FIN,FINLAND,Probability to receive funding,By technology,Energy efficiency,Later stage,2018,17.2798214,Percentage,29.89999962
FIN,FINLAND,Probability to receive funding,By technology,Energy efficiency,Later stage,2019,17.2798214,Percentage,29.89999962
FIN,FINLAND,Probability to receive funding,By technology,Energy efficiency,Later stage,2020,17.2798214,Percentage,29.89999962
FIN,FINLAND,Probability to receive funding,By technology,Energy efficiency,Later stage,2021,17.16500473,Percentage,30.10000038
FIN,FINLAND,Fundings of start-ups,By technology,Energy efficiency,Later stage,2022,5.050287247,Years,30.10000038
FIN,FINLAND,Probability to receive funding,By technology,Energy storage and batteries,Later stage,2015,0,Percentage,1.283333302
FIN,FINLAND,Probability to receive funding,By technology,Energy storage and batteries,Later stage,2016,17.96407127,Percentage,2.783333302
FIN,FINLAND,Probability to receive funding,By technology,Energy storage and batteries,Later stage,2017,13.21585941,Percentage,3.783333302
FIN,FINLAND,Probability to receive funding,By technology,Energy storage and batteries,Later stage,2018,10.45296192,Percentage,4.783333302
FIN,FINLAND,Probability to receive funding,By technology,Energy storage and batteries,Later stage,2019,10.45296192,Percentage,4.783333302
FIN,FINLAND,Probability to receive funding,By technology,Energy storage and batteries,Later stage,2020,10.45296192,Percentage,4.783333302
FIN,FINLAND,Probability to receive funding,By technology,Energy storage and batteries,Later stage,2021,9.646302223,Percentage,5.183333397
FIN,FINLAND,Fundings of start-ups,By technology,Energy storage and batteries,Later stage,2022,2.271232843,Years,5.183333397
FIN,FINLAND,Probability to receive funding,By technology,Fossil fuels,Later stage,2015,0,Percentage,1.916666627
FIN,FINLAND,Probability to receive funding,By technology,Fossil fuels,Later stage,2016,14.81481457,Percentage,2.25
FIN,FINLAND,Probability to receive funding,By technology,Fossil fuels,Later stage,2017,10.2564106,Percentage,3.25
FIN,FINLAND,Probability to receive funding,By technology,Fossil fuels,Later stage,2018,8.888889313,Percentage,3.75
FIN,FINLAND,Probability to receive funding,By technology,Fossil fuels,Later stage,2019,8.888889313,Percentage,3.75
FIN,FINLAND,Probability to receive funding,By technology,Fossil fuels,Later stage,2020,8.888889313,Percentage,3.75
FIN,FINLAND,Probability to receive funding,By technology,Fossil fuels,Later stage,2021,8.888889313,Percentage,3.75
FIN,FINLAND,Fundings of start-ups,By technology,Fossil fuels,Later stage,2022,0.764383554,Years,3.75
FIN,FINLAND,Probability to receive funding,By technology,Grid,Later stage,2015,12.76595783,Percentage,7.833333492
FIN,FINLAND,Probability to receive funding,By technology,Grid,Later stage,2016,12.76595783,Percentage,7.833333492
FIN,FINLAND,Probability to receive funding,By technology,Grid,Later stage,2017,12.76595783,Percentage,7.833333492
FIN,FINLAND,Probability to receive funding,By technology,Grid,Later stage,2018,12.76595783,Percentage,7.833333492
FIN,FINLAND,Probability to receive funding,By technology,Grid,Later stage,2019,12.76595783,Percentage,7.833333492
FIN,FINLAND,Probability to receive funding,By technology,Grid,Later stage,2020,12.76595783,Percentage,7.833333492
FIN,FINLAND,Probability to receive funding,By technology,Grid,Later stage,2021,12.76595783,Percentage,7.833333492
FIN,FINLAND,Probability to receive funding,By technology,Hydrogen and fuel cells,Later stage,2020,100,Percentage,0.5
FIN,FINLAND,Probability to receive funding,By technology,Hydrogen and fuel cells,Later stage,2021,100,Percentage,0.5
FIN,FINLAND,Fundings of start-ups,By technology,Non-clean energy,Later stage,2013,3948876.5,USD,1
FIN,FINLAND,Fundings of start-ups,By technology,Non-clean energy,Later stage,2015,8237569,USD,1
FIN,FINLAND,Fundings of start-ups,By technology,Non-clean energy,Later stage,2017,10423404,USD,1
FIN,FINLAND,Fundings of start-ups,By technology,Non-clean energy,Later stage,2020,27170160,USD,1
FIN,FINLAND,Probability to receive funding,By technology,Non-clean energy,Later stage,2021,10.29411793,Percentage,68
FIN,FINLAND,Fundings of start-ups,By technology,Non-clean energy,Later stage,2022,5.883366108,Years,68
FIN,FINLAND,Fundings of start-ups,By technology,Non-clean energy,Later stage,2022,14689714,USD,1
FIN,FINLAND,Probability to receive funding,By technology,Nuclear,Later stage,2015,0,Percentage,1
FIN,FINLAND,Probability to receive funding,By technology,Nuclear,Later stage,2016,0,Percentage,1
FIN,FINLAND,Probability to receive funding,By technology,Nuclear,Later stage,2017,0,Percentage,1
FIN,FINLAND,Probability to receive funding,By technology,Nuclear,Later stage,2018,0,Percentage,1
FIN,FINLAND,Probability to receive funding,By technology,Nuclear,Later stage,2019,0,Percentage,1
FIN,FINLAND,Probability to receive funding,By technology,Nuclear,Later stage,2020,0,Percentage,1
FIN,FINLAND,Probability to receive funding,By technology,Nuclear,Later stage,2021,0,Percentage,1
FIN,FINLAND,Probability to receive funding,By technology,Other energy,Later stage,2015,12.80487823,Percentage,27.33333397
FIN,FINLAND,Probability to receive funding,By technology,Other energy,Later stage,2016,12.63736248,Percentage,30.33333397
FIN,FINLAND,Probability to receive funding,By technology,Other energy,Later stage,2017,12.23404217,Percentage,31.33333397
FIN,FINLAND,Probability to receive funding,By technology,Other energy,Later stage,2018,11.33004951,Percentage,33.83333206
FIN,FINLAND,Probability to receive funding,By technology,Other energy,Later stage,2019,11.07366371,Percentage,34.61666489
FIN,FINLAND,Probability to receive funding,By technology,Other energy,Later stage,2020,12.33981991,Percentage,35.11666489
FIN,FINLAND,Probability to receive funding,By technology,Other energy,Later stage,2021,12.26993847,Percentage,35.31666565
FIN,FINLAND,Fundings of start-ups,By technology,Other energy,Later stage,2022,6.36954689,Years,35.31666565
FIN,FINLAND,Probability to receive funding,By technology,Other renewables,Later stage,2015,7.82778883,Percentage,17.03333282
FIN,FINLAND,Probability to receive funding,By technology,Other renewables,Later stage,2016,11.53504848,Percentage,18.78333282
FIN,FINLAND,Probability to receive funding,By technology,Other renewables,Later stage,2017,11.53504848,Percentage,18.78333282
FIN,FINLAND,Probability to receive funding,By technology,Other renewables,Later stage,2018,11.53504848,Percentage,18.78333282
FIN,FINLAND,Probability to receive funding,By technology,Other renewables,Later stage,2019,10.93355751,Percentage,19.81666756
FIN,FINLAND,Probability to receive funding,By technology,Other renewables,Later stage,2020,10.4083271,Percentage,20.81666756
FIN,FINLAND,Probability to receive funding,By technology,Other renewables,Later stage,2021,9.841029167,Percentage,22.01666641
FIN,FINLAND,Fundings of start-ups,By technology,Other renewables,Later stage,2022,4.464910507,Years,22.01666641
FIN,FINLAND,Probability to receive funding,By technology,Solar,Later stage,2015,5.555555344,Percentage,9
FIN,FINLAND,Probability to receive funding,By technology,Solar,Later stage,2016,5.172413826,Percentage,9.666666985
FIN,FINLAND,Probability to receive funding,By technology,Solar,Later stage,2017,5.172413826,Percentage,9.666666985
FIN,FINLAND,Probability to receive funding,By technology,Solar,Later stage,2018,5.172413826,Percentage,9.666666985
FIN,FINLAND,Probability to receive funding,By technology,Solar,Later stage,2019,4.90196085,Percentage,10.19999981
FIN,FINLAND,Probability to receive funding,By technology,Solar,Later stage,2020,4.90196085,Percentage,10.19999981
FIN,FINLAND,Probability to receive funding,By technology,Solar,Later stage,2021,4.90196085,Percentage,10.19999981
FIN,FINLAND,Fundings of start-ups,By technology,Solar,Later stage,2022,9.419178009,Years,10.19999981
FIN,FINLAND,Probability to receive funding,By technology,Wind,Later stage,2015,0,Percentage,1.75
FIN,FINLAND,Probability to receive funding,By technology,Wind,Later stage,2016,0,Percentage,1.75
FIN,FINLAND,Probability to receive funding,By technology,Wind,Later stage,2017,0,Percentage,1.75
FIN,FINLAND,Probability to receive funding,By technology,Wind,Later stage,2018,0,Percentage,1.75
FIN,FINLAND,Probability to receive funding,By technology,Wind,Later stage,2019,0,Percentage,2.200000048
FIN,FINLAND,Probability to receive funding,By technology,Wind,Later stage,2020,0,Percentage,2.200000048
FIN,FINLAND,Probability to receive funding,By technology,Wind,Later stage,2021,0,Percentage,2.200000048
FRA,FRANCE,Fundings of start-ups,"By sector (energy, green, digital)",Energy,Early stage,2000,8713636,USD,1
FRA,FRANCE,Fundings of start-ups,"By sector (energy, green, digital)",Energy,Early stage,2004,4656158,USD,2
FRA,FRANCE,Fundings of start-ups,"By sector (energy, green, digital)",Energy,Early stage,2005,3373691.25,USD,1
FRA,FRANCE,Fundings of start-ups,"By sector (energy, green, digital)",Energy,Early stage,2006,17842208,USD,2
FRA,FRANCE,Fundings of start-ups,"By sector (energy, green, digital)",Energy,Early stage,2007,19996870,USD,3
FRA,FRANCE,Fundings of start-ups,"By sector (energy, green, digital)",Energy,Early stage,2008,41266008,USD,6
FRA,FRANCE,Fundings of start-ups,"By sector (energy, green, digital)",Energy,Early stage,2009,4216722,USD,2
FRA,FRANCE,Fundings of start-ups,"By sector (energy, green, digital)",Energy,Early stage,2010,19619506,USD,5
FRA,FRANCE,Fundings of start-ups,"By sector (energy, green, digital)",Energy,Early stage,2011,2564402.25,USD,1
FRA,FRANCE,Fundings of start-ups,"By sector (energy, green, digital)",Energy,Early stage,2012,52083452,USD,3
FRA,FRANCE,Fundings of start-ups,"By sector (energy, green, digital)",Energy,Early stage,2013,28391876,USD,9
FRA,FRANCE,Fundings of start-ups,"By sector (energy, green, digital)",Energy,Early stage,2014,12136855,USD,9
FRA,FRANCE,Fundings of start-ups,"By sector (energy, green, digital)",Energy,Early stage,2015,70989608,USD,16
FRA,FRANCE,Fundings of start-ups,"By sector (energy, green, digital)",Energy,Early stage,2016,63664164,USD,16
FRA,FRANCE,Fundings of start-ups,"By sector (energy, green, digital)",Energy,Early stage,2017,66447964,USD,17
FRA,FRANCE,Fundings of start-ups,"By sector (energy, green, digital)",Energy,Early stage,2018,107323664,USD,21
FRA,FRANCE,Fundings of start-ups,"By sector (energy, green, digital)",Energy,Early stage,2019,123073576,USD,15
FRA,FRANCE,Fundings of start-ups,"By sector (energy, green, digital)",Energy,Early stage,2020,178898288,USD,23
FRA,FRANCE,Probability to receive funding,"By sector (energy, green, digital)",Energy,Early stage,2021,12.78195477,Percentage,1064
FRA,FRANCE,Fundings of start-ups,"By sector (energy, green, digital)",Energy,Early stage,2021,287024608,USD,16
FRA,FRANCE,Fundings of start-ups,"By sector (energy, green, digital)",Energy,Early stage,2022,2.455257893,Years,1066
FRA,FRANCE,Fundings of start-ups,"By sector (energy, green, digital)",Energy,Early stage,2022,430381664,USD,14
FRA,FRANCE,Fundings of start-ups,"By sector (energy, green, digital)",Energy and digital,Early stage,2004,358282.1563,USD,1
FRA,FRANCE,Fundings of start-ups,"By sector (energy, green, digital)",Energy and digital,Early stage,2005,3373691.25,USD,1
FRA,FRANCE,Fundings of start-ups,"By sector (energy, green, digital)",Energy and digital,Early stage,2007,10923606,USD,1
FRA,FRANCE,Fundings of start-ups,"By sector (energy, green, digital)",Energy and digital,Early stage,2008,15891091,USD,2
FRA,FRANCE,Fundings of start-ups,"By sector (energy, green, digital)",Energy and digital,Early stage,2010,9827251,USD,3
FRA,FRANCE,Fundings of start-ups,"By sector (energy, green, digital)",Energy and digital,Early stage,2012,3970458,USD,1
FRA,FRANCE,Fundings of start-ups,"By sector (energy, green, digital)",Energy and digital,Early stage,2013,20800894,USD,6
FRA,FRANCE,Fundings of start-ups,"By sector (energy, green, digital)",Energy and digital,Early stage,2014,5123732.5,USD,5
FRA,FRANCE,Fundings of start-ups,"By sector (energy, green, digital)",Energy and digital,Early stage,2015,48936848,USD,9
FRA,FRANCE,Fundings of start-ups,"By sector (energy, green, digital)",Energy and digital,Early stage,2016,54808796,USD,11
FRA,FRANCE,Fundings of start-ups,"By sector (energy, green, digital)",Energy and digital,Early stage,2017,49563164,USD,12
FRA,FRANCE,Fundings of start-ups,"By sector (energy, green, digital)",Energy and digital,Early stage,2018,98608152,USD,16
FRA,FRANCE,Fundings of start-ups,"By sector (energy, green, digital)",Energy and digital,Early stage,2019,102647576,USD,12
FRA,FRANCE,Fundings of start-ups,"By sector (energy, green, digital)",Energy and digital,Early stage,2020,92843320,USD,11
FRA,FRANCE,Fundings of start-ups,"By sector (energy, green, digital)",Energy and digital,Early stage,2021,222689040,USD,7
FRA,FRANCE,Probability to receive funding,"By sector (energy, green, digital)",Energy and digital,Early stage,2021,24.49664497,Percentage,298
FRA,FRANCE,Fundings of start-ups,"By sector (energy, green, digital)",Energy and digital,Early stage,2022,2.10392189,Years,299
FRA,FRANCE,Fundings of start-ups,"By sector (energy, green, digital)",Energy and digital,Early stage,2022,89157688,USD,6
FRA,FRANCE,Fundings of start-ups,"By sector (energy, green, digital)",Energy and non-digital,Early stage,2000,8713636,USD,1
FRA,FRANCE,Fundings of start-ups,"By sector (energy, green, digital)",Energy and non-digital,Early stage,2004,4297876,USD,1
FRA,FRANCE,Fundings of start-ups,"By sector (energy, green, digital)",Energy and non-digital,Early stage,2006,17842208,USD,2
FRA,FRANCE,Fundings of start-ups,"By sector (energy, green, digital)",Energy and non-digital,Early stage,2007,9073264,USD,2
FRA,FRANCE,Fundings of start-ups,"By sector (energy, green, digital)",Energy and non-digital,Early stage,2008,25374916,USD,4
FRA,FRANCE,Fundings of start-ups,"By sector (energy, green, digital)",Energy and non-digital,Early stage,2009,4216722,USD,2
FRA,FRANCE,Fundings of start-ups,"By sector (energy, green, digital)",Energy and non-digital,Early stage,2010,9792254,USD,2
FRA,FRANCE,Fundings of start-ups,"By sector (energy, green, digital)",Energy and non-digital,Early stage,2011,2564402.25,USD,1
FRA,FRANCE,Fundings of start-ups,"By sector (energy, green, digital)",Energy and non-digital,Early stage,2012,48112996,USD,2
FRA,FRANCE,Fundings of start-ups,"By sector (energy, green, digital)",Energy and non-digital,Early stage,2013,7590981.5,USD,3
FRA,FRANCE,Fundings of start-ups,"By sector (energy, green, digital)",Energy and non-digital,Early stage,2014,7013122.5,USD,4
FRA,FRANCE,Fundings of start-ups,"By sector (energy, green, digital)",Energy and non-digital,Early stage,2015,22052764,USD,7
FRA,FRANCE,Fundings of start-ups,"By sector (energy, green, digital)",Energy and non-digital,Early stage,2016,8855368,USD,5
FRA,FRANCE,Fundings of start-ups,"By sector (energy, green, digital)",Energy and non-digital,Early stage,2017,16884800,USD,5
FRA,FRANCE,Fundings of start-ups,"By sector (energy, green, digital)",Energy and non-digital,Early stage,2018,8715514,USD,5
FRA,FRANCE,Fundings of start-ups,"By sector (energy, green, digital)",Energy and non-digital,Early stage,2019,20426004,USD,3
FRA,FRANCE,Fundings of start-ups,"By sector (energy, green, digital)",Energy and non-digital,Early stage,2020,86054968,USD,12
FRA,FRANCE,Fundings of start-ups,"By sector (energy, green, digital)",Energy and non-digital,Early stage,2021,64335552,USD,9
FRA,FRANCE,Probability to receive funding,"By sector (energy, green, digital)",Energy and non-digital,Early stage,2021,8.224542618,Percentage,766
FRA,FRANCE,Fundings of start-ups,"By sector (energy, green, digital)",Energy and non-digital,Early stage,2022,341223968,USD,8
FRA,FRANCE,Fundings of start-ups,"By sector (energy, green, digital)",Energy and non-digital,Early stage,2022,2.862361431,Years,767
FRA,FRANCE,Fundings of start-ups,"By sector (energy, green, digital)",Non-energy,Early stage,2000,205076080,USD,19
FRA,FRANCE,Fundings of start-ups,"By sector (energy, green, digital)",Non-energy,Early stage,2001,118344384,USD,14
FRA,FRANCE,Fundings of start-ups,"By sector (energy, green, digital)",Non-energy,Early stage,2002,102524912,USD,14
FRA,FRANCE,Fundings of start-ups,"By sector (energy, green, digital)",Non-energy,Early stage,2003,68701408,USD,9
FRA,FRANCE,Fundings of start-ups,"By sector (energy, green, digital)",Non-energy,Early stage,2004,231618448,USD,17
FRA,FRANCE,Fundings of start-ups,"By sector (energy, green, digital)",Non-energy,Early stage,2005,284944320,USD,50
FRA,FRANCE,Fundings of start-ups,"By sector (energy, green, digital)",Non-energy,Early stage,2006,465229152,USD,47
FRA,FRANCE,Fundings of start-ups,"By sector (energy, green, digital)",Non-energy,Early stage,2007,677413120,USD,68
FRA,FRANCE,Fundings of start-ups,"By sector (energy, green, digital)",Non-energy,Early stage,2008,374465280,USD,69
FRA,FRANCE,Fundings of start-ups,"By sector (energy, green, digital)",Non-energy,Early stage,2009,341491072,USD,71
FRA,FRANCE,Fundings of start-ups,"By sector (energy, green, digital)",Non-energy,Early stage,2010,391451232,USD,111
FRA,FRANCE,Fundings of start-ups,"By sector (energy, green, digital)",Non-energy,Early stage,2011,303924672,USD,128
FRA,FRANCE,Fundings of start-ups,"By sector (energy, green, digital)",Non-energy,Early stage,2012,308330016,USD,129
FRA,FRANCE,Fundings of start-ups,"By sector (energy, green, digital)",Non-energy,Early stage,2013,562497216,USD,196
FRA,FRANCE,Fundings of start-ups,"By sector (energy, green, digital)",Non-energy,Early stage,2014,527497984,USD,217
FRA,FRANCE,Fundings of start-ups,"By sector (energy, green, digital)",Non-energy,Early stage,2015,944131200,USD,328
FRA,FRANCE,Fundings of start-ups,"By sector (energy, green, digital)",Non-energy,Early stage,2016,1280764544,USD,369
FRA,FRANCE,Fundings of start-ups,"By sector (energy, green, digital)",Non-energy,Early stage,2017,1583353856,USD,399
FRA,FRANCE,Fundings of start-ups,"By sector (energy, green, digital)",Non-energy,Early stage,2018,2137800832,USD,362
FRA,FRANCE,Fundings of start-ups,"By sector (energy, green, digital)",Non-energy,Early stage,2019,2486873344,USD,348
FRA,FRANCE,Fundings of start-ups,"By sector (energy, green, digital)",Non-energy,Early stage,2020,2534610944,USD,321
FRA,FRANCE,Probability to receive funding,"By sector (energy, green, digital)",Non-energy,Early stage,2021,10.39910984,Percentage,25156
FRA,FRANCE,Fundings of start-ups,"By sector (energy, green, digital)",Non-energy,Early stage,2021,4596120576,USD,361
FRA,FRANCE,Fundings of start-ups,"By sector (energy, green, digital)",Non-energy,Early stage,2022,3366778112,USD,251
FRA,FRANCE,Fundings of start-ups,"By sector (energy, green, digital)",Non-energy,Early stage,2022,2.363860607,Years,25231
FRA,FRANCE,Fundings of start-ups,"By sector (energy, green, digital)",Energy,Later stage,2002,471449.25,USD,1
FRA,FRANCE,Fundings of start-ups,"By sector (energy, green, digital)",Energy,Later stage,2003,10574468,USD,1
FRA,FRANCE,Fundings of start-ups,"By sector (energy, green, digital)",Energy,Later stage,2005,1035185.688,USD,1
FRA,FRANCE,Fundings of start-ups,"By sector (energy, green, digital)",Energy,Later stage,2007,719219.3125,USD,1
FRA,FRANCE,Fundings of start-ups,"By sector (energy, green, digital)",Energy,Later stage,2008,32634182,USD,1
FRA,FRANCE,Fundings of start-ups,"By sector (energy, green, digital)",Energy,Later stage,2010,1077250.75,USD,1
FRA,FRANCE,Fundings of start-ups,"By sector (energy, green, digital)",Energy,Later stage,2012,3056357.5,USD,1
FRA,FRANCE,Fundings of start-ups,"By sector (energy, green, digital)",Energy,Later stage,2013,21276032,USD,3
FRA,FRANCE,Fundings of start-ups,"By sector (energy, green, digital)",Energy,Later stage,2014,48549860,USD,4
FRA,FRANCE,Fundings of start-ups,"By sector (energy, green, digital)",Energy,Later stage,2015,32623694,USD,3
FRA,FRANCE,Fundings of start-ups,"By sector (energy, green, digital)",Energy,Later stage,2016,7422764,USD,3
FRA,FRANCE,Fundings of start-ups,"By sector (energy, green, digital)",Energy,Later stage,2017,87399392,USD,3
FRA,FRANCE,Fundings of start-ups,"By sector (energy, green, digital)",Energy,Later stage,2018,63007960,USD,6
FRA,FRANCE,Fundings of start-ups,"By sector (energy, green, digital)",Energy,Later stage,2019,16613905,USD,2
FRA,FRANCE,Fundings of start-ups,"By sector (energy, green, digital)",Energy,Later stage,2020,132997912,USD,4
FRA,FRANCE,Fundings of start-ups,"By sector (energy, green, digital)",Energy,Later stage,2021,14238551,USD,2
FRA,FRANCE,Probability to receive funding,"By sector (energy, green, digital)",Energy,Later stage,2021,9.962406158,Percentage,1064
FRA,FRANCE,Fundings of start-ups,"By sector (energy, green, digital)",Energy,Later stage,2022,399107744,USD,4
FRA,FRANCE,Fundings of start-ups,"By sector (energy, green, digital)",Energy,Later stage,2022,5.638226986,Years,1066
FRA,FRANCE,Fundings of start-ups,"By sector (energy, green, digital)",Energy and digital,Later stage,2002,471449.25,USD,1
FRA,FRANCE,Fundings of start-ups,"By sector (energy, green, digital)",Energy and digital,Later stage,2005,1035185.688,USD,1
FRA,FRANCE,Fundings of start-ups,"By sector (energy, green, digital)",Energy and digital,Later stage,2007,719219.3125,USD,1
FRA,FRANCE,Fundings of start-ups,"By sector (energy, green, digital)",Energy and digital,Later stage,2008,32634182,USD,1
FRA,FRANCE,Fundings of start-ups,"By sector (energy, green, digital)",Energy and digital,Later stage,2010,1077250.75,USD,1
FRA,FRANCE,Fundings of start-ups,"By sector (energy, green, digital)",Energy and digital,Later stage,2013,494400.5313,USD,1
FRA,FRANCE,Fundings of start-ups,"By sector (energy, green, digital)",Energy and digital,Later stage,2014,8211582,USD,2
FRA,FRANCE,Fundings of start-ups,"By sector (energy, green, digital)",Energy and digital,Later stage,2015,30649094,USD,2
FRA,FRANCE,Fundings of start-ups,"By sector (energy, green, digital)",Energy and digital,Later stage,2016,5494462.5,USD,2
FRA,FRANCE,Fundings of start-ups,"By sector (energy, green, digital)",Energy and digital,Later stage,2017,86175720,USD,2
FRA,FRANCE,Fundings of start-ups,"By sector (energy, green, digital)",Energy and digital,Later stage,2018,56528976,USD,4
FRA,FRANCE,Fundings of start-ups,"By sector (energy, green, digital)",Energy and digital,Later stage,2019,16613905,USD,2
FRA,FRANCE,Fundings of start-ups,"By sector (energy, green, digital)",Energy and digital,Later stage,2020,114894592,USD,3
FRA,FRANCE,Fundings of start-ups,"By sector (energy, green, digital)",Energy and digital,Later stage,2021,6077652.5,USD,1
FRA,FRANCE,Probability to receive funding,"By sector (energy, green, digital)",Energy and digital,Later stage,2021,10.40268421,Percentage,298
FRA,FRANCE,Fundings of start-ups,"By sector (energy, green, digital)",Energy and digital,Later stage,2022,4.932567596,Years,299
FRA,FRANCE,Fundings of start-ups,"By sector (energy, green, digital)",Energy and digital,Later stage,2022,232242224,USD,3
FRA,FRANCE,Fundings of start-ups,"By sector (energy, green, digital)",Energy and non-digital,Later stage,2003,10574468,USD,1
FRA,FRANCE,Fundings of start-ups,"By sector (energy, green, digital)",Energy and non-digital,Later stage,2012,3056357.5,USD,1
FRA,FRANCE,Fundings of start-ups,"By sector (energy, green, digital)",Energy and non-digital,Later stage,2013,20781632,USD,2
FRA,FRANCE,Fundings of start-ups,"By sector (energy, green, digital)",Energy and non-digital,Later stage,2014,40338280,USD,2
FRA,FRANCE,Fundings of start-ups,"By sector (energy, green, digital)",Energy and non-digital,Later stage,2015,1974599.375,USD,1
FRA,FRANCE,Fundings of start-ups,"By sector (energy, green, digital)",Energy and non-digital,Later stage,2016,1928301.75,USD,1
FRA,FRANCE,Fundings of start-ups,"By sector (energy, green, digital)",Energy and non-digital,Later stage,2017,1223673.625,USD,1
FRA,FRANCE,Fundings of start-ups,"By sector (energy, green, digital)",Energy and non-digital,Later stage,2018,6478985,USD,2
FRA,FRANCE,Fundings of start-ups,"By sector (energy, green, digital)",Energy and non-digital,Later stage,2020,18103326,USD,1
FRA,FRANCE,Fundings of start-ups,"By sector (energy, green, digital)",Energy and non-digital,Later stage,2021,8160898.5,USD,1
FRA,FRANCE,Probability to receive funding,"By sector (energy, green, digital)",Energy and non-digital,Later stage,2021,9.791122437,Percentage,766
FRA,FRANCE,Fundings of start-ups,"By sector (energy, green, digital)",Energy and non-digital,Later stage,2022,5.929899693,Years,767
FRA,FRANCE,Fundings of start-ups,"By sector (energy, green, digital)",Energy and non-digital,Later stage,2022,166865520,USD,1
FRA,FRANCE,Fundings of start-ups,"By sector (energy, green, digital)",Non-energy,Later stage,2002,22804788,USD,1
FRA,FRANCE,Fundings of start-ups,"By sector (energy, green, digital)",Non-energy,Later stage,2003,47585108,USD,3
FRA,FRANCE,Fundings of start-ups,"By sector (energy, green, digital)",Non-energy,Later stage,2004,194668480,USD,9
FRA,FRANCE,Fundings of start-ups,"By sector (energy, green, digital)",Non-energy,Later stage,2005,108388624,USD,11
FRA,FRANCE,Fundings of start-ups,"By sector (energy, green, digital)",Non-energy,Later stage,2006,206243200,USD,17
FRA,FRANCE,Fundings of start-ups,"By sector (energy, green, digital)",Non-energy,Later stage,2007,160189072,USD,19
FRA,FRANCE,Fundings of start-ups,"By sector (energy, green, digital)",Non-energy,Later stage,2008,182098320,USD,14
FRA,FRANCE,Fundings of start-ups,"By sector (energy, green, digital)",Non-energy,Later stage,2009,111957640,USD,13
FRA,FRANCE,Fundings of start-ups,"By sector (energy, green, digital)",Non-energy,Later stage,2010,386294048,USD,21
FRA,FRANCE,Fundings of start-ups,"By sector (energy, green, digital)",Non-energy,Later stage,2011,142924496,USD,14
FRA,FRANCE,Fundings of start-ups,"By sector (energy, green, digital)",Non-energy,Later stage,2012,524522368,USD,20
FRA,FRANCE,Fundings of start-ups,"By sector (energy, green, digital)",Non-energy,Later stage,2013,177534992,USD,18
FRA,FRANCE,Fundings of start-ups,"By sector (energy, green, digital)",Non-energy,Later stage,2014,256767328,USD,29
FRA,FRANCE,Fundings of start-ups,"By sector (energy, green, digital)",Non-energy,Later stage,2015,728989952,USD,42
FRA,FRANCE,Fundings of start-ups,"By sector (energy, green, digital)",Non-energy,Later stage,2016,626686528,USD,36
FRA,FRANCE,Fundings of start-ups,"By sector (energy, green, digital)",Non-energy,Later stage,2017,589635584,USD,59
FRA,FRANCE,Fundings of start-ups,"By sector (energy, green, digital)",Non-energy,Later stage,2018,1284643968,USD,70
FRA,FRANCE,Fundings of start-ups,"By sector (energy, green, digital)",Non-energy,Later stage,2019,2204070400,USD,74
FRA,FRANCE,Fundings of start-ups,"By sector (energy, green, digital)",Non-energy,Later stage,2020,2064498176,USD,47
FRA,FRANCE,Probability to receive funding,"By sector (energy, green, digital)",Non-energy,Later stage,2021,4.213706493,Percentage,25156
FRA,FRANCE,Fundings of start-ups,"By sector (energy, green, digital)",Non-energy,Later stage,2021,6145046528,USD,56
FRA,FRANCE,Fundings of start-ups,"By sector (energy, green, digital)",Non-energy,Later stage,2022,5419995136,USD,45
FRA,FRANCE,Fundings of start-ups,"By sector (energy, green, digital)",Non-energy,Later stage,2022,5.231536388,Years,25231
FRA,FRANCE,Fundings of start-ups,By technology,Electric mobility,all,2015,3125735,USD,1.5
FRA,FRANCE,Fundings of start-ups,By technology,Electric mobility,all,2016,43865492,USD,2
FRA,FRANCE,Fundings of start-ups,By technology,Electric mobility,all,2017,17517054,USD,2
FRA,FRANCE,Fundings of start-ups,By technology,Electric mobility,all,2018,77199432,USD,7
FRA,FRANCE,Fundings of start-ups,By technology,Electric mobility,all,2019,38579080,USD,2
FRA,FRANCE,Fundings of start-ups,By technology,Electric mobility,all,2020,30105324,USD,3.5
FRA,FRANCE,Fundings of start-ups,By technology,Electric mobility,all,2021,186636288,USD,5.5
FRA,FRANCE,Fundings of start-ups,By technology,Electric mobility,all,2022,352430336,USD,5
FRA,FRANCE,Fundings of start-ups,By technology,Energy efficiency,all,2000,8713636,USD,1
FRA,FRANCE,Fundings of start-ups,By technology,Energy efficiency,all,2003,10574468,USD,1
FRA,FRANCE,Fundings of start-ups,By technology,Energy efficiency,all,2010,5730859.5,USD,1.5
FRA,FRANCE,Fundings of start-ups,By technology,Energy efficiency,all,2011,641100.5625,USD,0.25
FRA,FRANCE,Fundings of start-ups,By technology,Energy efficiency,all,2013,17843456,USD,4
FRA,FRANCE,Fundings of start-ups,By technology,Energy efficiency,all,2014,7090045.5,USD,4.083333492
FRA,FRANCE,Fundings of start-ups,By technology,Energy efficiency,all,2015,71426864,USD,8.25
FRA,FRANCE,Fundings of start-ups,By technology,Energy efficiency,all,2016,12425584,USD,8.083333015
FRA,FRANCE,Fundings of start-ups,By technology,Energy efficiency,all,2017,95267464,USD,9.5
FRA,FRANCE,Fundings of start-ups,By technology,Energy efficiency,all,2018,76257912,USD,12.5
FRA,FRANCE,Fundings of start-ups,By technology,Energy efficiency,all,2019,49770240,USD,8
FRA,FRANCE,Fundings of start-ups,By technology,Energy efficiency,all,2020,181186768,USD,8
FRA,FRANCE,Fundings of start-ups,By technology,Energy efficiency,all,2021,52658924,USD,2.583333254
FRA,FRANCE,Fundings of start-ups,By technology,Energy efficiency,all,2022,197598624,USD,3.25
FRA,FRANCE,Fundings of start-ups,By technology,Energy storage and batteries,all,2005,3373691.25,USD,1
FRA,FRANCE,Fundings of start-ups,By technology,Energy storage and batteries,all,2008,14200000,USD,1
FRA,FRANCE,Fundings of start-ups,By technology,Energy storage and batteries,all,2017,141622.3438,USD,0.25
FRA,FRANCE,Fundings of start-ups,By technology,Energy storage and batteries,all,2018,2291697.5,USD,0.5
FRA,FRANCE,Fundings of start-ups,By technology,Energy storage and batteries,all,2019,44484.39844,USD,0.5
FRA,FRANCE,Fundings of start-ups,By technology,Energy storage and batteries,all,2020,21657428,USD,0.5
FRA,FRANCE,Fundings of start-ups,By technology,Energy storage and batteries,all,2021,3635395,USD,1.083333373
FRA,FRANCE,Fundings of start-ups,By technology,Energy storage and batteries,all,2022,156763408,USD,0.75
FRA,FRANCE,Fundings of start-ups,By technology,Fossil fuels,all,2008,20116236,USD,2
FRA,FRANCE,Fundings of start-ups,By technology,Fossil fuels,all,2015,5987867,USD,1.5
FRA,FRANCE,Fundings of start-ups,By technology,Fossil fuels,all,2016,1950570.625,USD,0.5
FRA,FRANCE,Fundings of start-ups,By technology,Fossil fuels,all,2017,16340481,USD,1.5
FRA,FRANCE,Fundings of start-ups,By technology,Fossil fuels,all,2018,14489387,USD,1.333333373
FRA,FRANCE,Fundings of start-ups,By technology,Fossil fuels,all,2022,33635692,USD,1.5
FRA,FRANCE,Fundings of start-ups,By technology,Grid,all,2002,471449.25,USD,1
FRA,FRANCE,Fundings of start-ups,By technology,Grid,all,2004,4656158,USD,2
FRA,FRANCE,Fundings of start-ups,By technology,Grid,all,2005,1035185.688,USD,1
FRA,FRANCE,Fundings of start-ups,By technology,Grid,all,2006,13831169,USD,1
FRA,FRANCE,Fundings of start-ups,By technology,Grid,all,2007,719219.3125,USD,1
FRA,FRANCE,Fundings of start-ups,By technology,Grid,all,2009,163074.0156,USD,0.333333343
FRA,FRANCE,Fundings of start-ups,By technology,Grid,all,2010,1077250.75,USD,1
FRA,FRANCE,Fundings of start-ups,By technology,Grid,all,2012,50386016,USD,2
FRA,FRANCE,Fundings of start-ups,By technology,Grid,all,2013,2096951.5,USD,2
FRA,FRANCE,Fundings of start-ups,By technology,Grid,all,2014,643405.9375,USD,0.333333343
FRA,FRANCE,Fundings of start-ups,By technology,Grid,all,2015,8741955,USD,2.5
FRA,FRANCE,Fundings of start-ups,By technology,Grid,all,2016,3702881.5,USD,3.333333254
FRA,FRANCE,Fundings of start-ups,By technology,Grid,all,2017,378795.5625,USD,1
FRA,FRANCE,Fundings of start-ups,By technology,Grid,all,2018,12021542,USD,3.333333254
FRA,FRANCE,Fundings of start-ups,By technology,Grid,all,2019,307610.0313,USD,3
FRA,FRANCE,Fundings of start-ups,By technology,Hydrogen and fuel cells,all,2015,3380666,USD,0.5
FRA,FRANCE,Fundings of start-ups,By technology,Hydrogen and fuel cells,all,2019,6761022,USD,0.5
FRA,FRANCE,Fundings of start-ups,By technology,Hydrogen and fuel cells,all,2020,1253956.125,USD,0.333333343
FRA,FRANCE,Fundings of start-ups,By technology,Other energy,all,2006,4011039,USD,1
FRA,FRANCE,Fundings of start-ups,By technology,Other energy,all,2007,7743019,USD,1
FRA,FRANCE,Fundings of start-ups,By technology,Other energy,all,2008,2629339.75,USD,1
FRA,FRANCE,Fundings of start-ups,By technology,Other energy,all,2009,3890574,USD,1.333333373
FRA,FRANCE,Fundings of start-ups,By technology,Other energy,all,2010,12571150,USD,2
FRA,FRANCE,Fundings of start-ups,By technology,Other energy,all,2011,641100.5625,USD,0.25
FRA,FRANCE,Fundings of start-ups,By technology,Other energy,all,2012,261111.7813,USD,0.333333343
FRA,FRANCE,Fundings of start-ups,By technology,Other energy,all,2013,22713440,USD,4
FRA,FRANCE,Fundings of start-ups,By technology,Other energy,all,2014,13702006,USD,4.25
FRA,FRANCE,Fundings of start-ups,By technology,Other energy,all,2015,2735991.5,USD,2.75
FRA,FRANCE,Fundings of start-ups,By technology,Other energy,all,2016,9023017,USD,5.416666508
FRA,FRANCE,Fundings of start-ups,By technology,Other energy,all,2017,11246051,USD,3.166666746
FRA,FRANCE,Fundings of start-ups,By technology,Other energy,all,2018,22851486,USD,6.416666508
FRA,FRANCE,Fundings of start-ups,By technology,Other energy,all,2019,18034358,USD,4
FRA,FRANCE,Fundings of start-ups,By technology,Other energy,all,2020,30301522,USD,6.666666508
FRA,FRANCE,Fundings of start-ups,By technology,Other energy,all,2021,12278895,USD,2.416666746
FRA,FRANCE,Fundings of start-ups,By technology,Other energy,all,2022,47915352,USD,3.25
FRA,FRANCE,Fundings of start-ups,By technology,Other renewables,all,2007,1330245.25,USD,1
FRA,FRANCE,Fundings of start-ups,By technology,Other renewables,all,2009,163074.0156,USD,0.333333343
FRA,FRANCE,Fundings of start-ups,By technology,Other renewables,all,2010,1317495.5,USD,1.5
FRA,FRANCE,Fundings of start-ups,By technology,Other renewables,all,2011,1282201.125,USD,0.5
FRA,FRANCE,Fundings of start-ups,By technology,Other renewables,all,2012,4231569.5,USD,1.333333373
FRA,FRANCE,Fundings of start-ups,By technology,Other renewables,all,2013,6498603,USD,1.5
FRA,FRANCE,Fundings of start-ups,By technology,Other renewables,all,2014,36105936,USD,4.666666508
FRA,FRANCE,Fundings of start-ups,By technology,Other renewables,all,2015,10627989,USD,4
FRA,FRANCE,Fundings of start-ups,By technology,Other renewables,all,2016,770876.25,USD,0.916666687
FRA,FRANCE,Fundings of start-ups,By technology,Other renewables,all,2017,10875895,USD,7
FRA,FRANCE,Fundings of start-ups,By technology,Other renewables,all,2018,4409955.5,USD,1.333333373
FRA,FRANCE,Fundings of start-ups,By technology,Other renewables,all,2019,28369346,USD,4.5
FRA,FRANCE,Fundings of start-ups,By technology,Other renewables,all,2020,28430904,USD,4.333333492
FRA,FRANCE,Fundings of start-ups,By technology,Other renewables,all,2021,33424434,USD,3.583333254
FRA,FRANCE,Fundings of start-ups,By technology,Other renewables,all,2022,103357200,USD,4.25
FRA,FRANCE,Fundings of start-ups,By technology,Solar,all,2007,10923606,USD,1
FRA,FRANCE,Fundings of start-ups,By technology,Solar,all,2008,35293456,USD,2.5
FRA,FRANCE,Fundings of start-ups,By technology,Solar,all,2012,261111.7813,USD,0.333333343
FRA,FRANCE,Fundings of start-ups,By technology,Solar,all,2013,515457,USD,0.5
FRA,FRANCE,Fundings of start-ups,By technology,Solar,all,2014,3219016.75,USD,0.666666687
FRA,FRANCE,Fundings of start-ups,By technology,Solar,all,2015,38907.21484,USD,1
FRA,FRANCE,Fundings of start-ups,By technology,Solar,all,2016,941895.5625,USD,0.75
FRA,FRANCE,Fundings of start-ups,By technology,Solar,all,2017,5766417.5,USD,1.583333373
FRA,FRANCE,Fundings of start-ups,By technology,Solar,all,2018,1230483.125,USD,0.583333313
FRA,FRANCE,Fundings of start-ups,By technology,Solar,all,2019,1245561,USD,0.5
FRA,FRANCE,Fundings of start-ups,By technology,Solar,all,2020,20193234,USD,1.666666627
FRA,FRANCE,Fundings of start-ups,By technology,Solar,all,2021,12423526,USD,1.833333373
FRA,FRANCE,Fundings of start-ups,By technology,Wind,all,2008,1661158,USD,0.5
FRA,FRANCE,Probability to receive funding,By technology,Bioenergy,Early stage,2015,0,Percentage,1.5
FRA,FRANCE,Probability to receive funding,By technology,Bioenergy,Early stage,2016,0,Percentage,1.5
FRA,FRANCE,Probability to receive funding,By technology,Bioenergy,Early stage,2017,0,Percentage,1.5
FRA,FRANCE,Probability to receive funding,By technology,Bioenergy,Early stage,2018,0,Percentage,1.5
FRA,FRANCE,Probability to receive funding,By technology,Bioenergy,Early stage,2019,0,Percentage,1.5
FRA,FRANCE,Probability to receive funding,By technology,Bioenergy,Early stage,2020,0,Percentage,1.5
FRA,FRANCE,Probability to receive funding,By technology,Bioenergy,Early stage,2021,0,Percentage,1.5
FRA,FRANCE,Fundings of start-ups,By technology,Clean energy,Early stage,2000,8713636,USD,1
FRA,FRANCE,Fundings of start-ups,By technology,Clean energy,Early stage,2007,12253851,USD,2
FRA,FRANCE,Fundings of start-ups,By technology,Clean energy,Early stage,2008,25061224,USD,3
FRA,FRANCE,Fundings of start-ups,By technology,Clean energy,Early stage,2009,489222.0313,USD,1
FRA,FRANCE,Fundings of start-ups,By technology,Clean energy,Early stage,2010,7048355,USD,3
FRA,FRANCE,Fundings of start-ups,By technology,Clean energy,Early stage,2011,2564402.25,USD,1
FRA,FRANCE,Fundings of start-ups,By technology,Clean energy,Early stage,2012,4753793.5,USD,2
FRA,FRANCE,Fundings of start-ups,By technology,Clean energy,Early stage,2013,11943112,USD,5
FRA,FRANCE,Fundings of start-ups,By technology,Clean energy,Early stage,2014,8827614,USD,7
FRA,FRANCE,Fundings of start-ups,By technology,Clean energy,Early stage,2015,23108878,USD,9
FRA,FRANCE,Fundings of start-ups,By technology,Clean energy,Early stage,2016,43753204,USD,4
FRA,FRANCE,Fundings of start-ups,By technology,Clean energy,Early stage,2017,36338044,USD,10
FRA,FRANCE,Fundings of start-ups,By technology,Clean energy,Early stage,2018,37457412,USD,9
FRA,FRANCE,Fundings of start-ups,By technology,Clean energy,Early stage,2019,83321848,USD,9
FRA,FRANCE,Fundings of start-ups,By technology,Clean energy,Early stage,2020,104588008,USD,17
FRA,FRANCE,Fundings of start-ups,By technology,Clean energy,Early stage,2021,219711408,USD,11
FRA,FRANCE,Probability to receive funding,By technology,Clean energy,Early stage,2021,12.68292713,Percentage,615
FRA,FRANCE,Fundings of start-ups,By technology,Clean energy,Early stage,2022,2.543730259,Years,615
FRA,FRANCE,Fundings of start-ups,By technology,Clean energy,Early stage,2022,412567296,USD,10
FRA,FRANCE,Probability to receive funding,By technology,Electric mobility,Early stage,2015,14.13612556,Percentage,31.83333397
FRA,FRANCE,Probability to receive funding,By technology,Electric mobility,Early stage,2016,12.5581398,Percentage,35.83333206
FRA,FRANCE,Probability to receive funding,By technology,Electric mobility,Early stage,2017,15.53784847,Percentage,41.83333206
FRA,FRANCE,Probability to receive funding,By technology,Electric mobility,Early stage,2018,18.81918907,Percentage,45.16666794
FRA,FRANCE,Probability to receive funding,By technology,Electric mobility,Early stage,2019,23.07692337,Percentage,47.66666794
FRA,FRANCE,Probability to receive funding,By technology,Electric mobility,Early stage,2020,25.16129112,Percentage,51.66666794
FRA,FRANCE,Probability to receive funding,By technology,Electric mobility,Early stage,2021,25.39184952,Percentage,53.16666794
FRA,FRANCE,Fundings of start-ups,By technology,Electric mobility,Early stage,2022,1.702688932,Years,53.16666794
FRA,FRANCE,Probability to receive funding,By technology,Energy efficiency,Early stage,2015,10.53027439,Percentage,177.2666626
FRA,FRANCE,Probability to receive funding,By technology,Energy efficiency,Early stage,2016,14.17238235,Percentage,201.6833344
FRA,FRANCE,Probability to receive funding,By technology,Energy efficiency,Early stage,2017,15.32612133,Percentage,212.6000061
FRA,FRANCE,Probability to receive funding,By technology,Energy efficiency,Early stage,2018,15.60405159,Percentage,223.7666626
FRA,FRANCE,Probability to receive funding,By technology,Energy efficiency,Early stage,2019,16.14902306,Percentage,228.6000061
FRA,FRANCE,Probability to receive funding,By technology,Energy efficiency,Early stage,2020,16.33634949,Percentage,232.1000061
FRA,FRANCE,Probability to receive funding,By technology,Energy efficiency,Early stage,2021,16.91862106,Percentage,235.9333344
FRA,FRANCE,Fundings of start-ups,By technology,Energy efficiency,Early stage,2022,2.408270597,Years,235.9333344
FRA,FRANCE,Probability to receive funding,By technology,Energy storage and batteries,Early stage,2015,7.211538315,Percentage,13.86666679
FRA,FRANCE,Probability to receive funding,By technology,Energy storage and batteries,Early stage,2016,10.77097511,Percentage,14.69999981
FRA,FRANCE,Probability to receive funding,By technology,Energy storage and batteries,Early stage,2017,12.47504997,Percentage,16.70000076
FRA,FRANCE,Probability to receive funding,By technology,Energy storage and batteries,Early stage,2018,12.23091984,Percentage,17.03333282
FRA,FRANCE,Probability to receive funding,By technology,Energy storage and batteries,Early stage,2019,14.3253231,Percentage,18.03333282
FRA,FRANCE,Probability to receive funding,By technology,Energy storage and batteries,Early stage,2020,12.89517498,Percentage,20.03333282
FRA,FRANCE,Probability to receive funding,By technology,Energy storage and batteries,Early stage,2021,12.58116913,Percentage,20.53333282
FRA,FRANCE,Fundings of start-ups,By technology,Energy storage and batteries,Early stage,2022,2.329739332,Years,20.53333282
FRA,FRANCE,Probability to receive funding,By technology,Fossil fuels,Early stage,2015,8.185539246,Percentage,36.65000153
FRA,FRANCE,Probability to receive funding,By technology,Fossil fuels,Early stage,2016,13.36573505,Percentage,41.15000153
FRA,FRANCE,Probability to receive funding,By technology,Fossil fuels,Early stage,2017,13.62397861,Percentage,42.81666565
FRA,FRANCE,Probability to receive funding,By technology,Fossil fuels,Early stage,2018,13.01599121,Percentage,44.81666565
FRA,FRANCE,Probability to receive funding,By technology,Fossil fuels,Early stage,2019,13.01599121,Percentage,44.81666565
FRA,FRANCE,Probability to receive funding,By technology,Fossil fuels,Early stage,2020,13.01599121,Percentage,44.81666565
FRA,FRANCE,Probability to receive funding,By technology,Fossil fuels,Early stage,2021,13.01599121,Percentage,44.81666565
FRA,FRANCE,Fundings of start-ups,By technology,Fossil fuels,Early stage,2022,2.613150597,Years,44.81666565
FRA,FRANCE,Probability to receive funding,By technology,Grid,Early stage,2015,8.805513382,Percentage,43.53333282
FRA,FRANCE,Probability to receive funding,By technology,Grid,Early stage,2016,8.559732437,Percentage,44.78333282
FRA,FRANCE,Probability to receive funding,By technology,Grid,Early stage,2017,9.117432594,Percentage,45.70000076
FRA,FRANCE,Probability to receive funding,By technology,Grid,Early stage,2018,9.067827225,Percentage,45.95000076
FRA,FRANCE,Probability to receive funding,By technology,Grid,Early stage,2019,8.735150337,Percentage,47.70000076
FRA,FRANCE,Probability to receive funding,By technology,Grid,Early stage,2020,8.555783272,Percentage,48.70000076
FRA,FRANCE,Probability to receive funding,By technology,Grid,Early stage,2021,8.555783272,Percentage,48.70000076
FRA,FRANCE,Fundings of start-ups,By technology,Grid,Early stage,2022,2.418739796,Years,48.70000076
FRA,FRANCE,Probability to receive funding,By technology,Hydrogen and fuel cells,Early stage,2015,14.85148525,Percentage,3.366666555
FRA,FRANCE,Probability to receive funding,By technology,Hydrogen and fuel cells,Early stage,2016,12.93103409,Percentage,3.866666555
FRA,FRANCE,Probability to receive funding,By technology,Hydrogen and fuel cells,Early stage,2017,11.02941132,Percentage,4.533333302
FRA,FRANCE,Probability to receive funding,By technology,Hydrogen and fuel cells,Early stage,2018,11.02941132,Percentage,4.533333302
FRA,FRANCE,Probability to receive funding,By technology,Hydrogen and fuel cells,Early stage,2019,11.02941132,Percentage,4.533333302
FRA,FRANCE,Probability to receive funding,By technology,Hydrogen and fuel cells,Early stage,2020,17.1232872,Percentage,4.866666794
FRA,FRANCE,Probability to receive funding,By technology,Hydrogen and fuel cells,Early stage,2021,17.1232872,Percentage,4.866666794
FRA,FRANCE,Fundings of start-ups,By technology,Hydrogen and fuel cells,Early stage,2022,2.323835611,Years,4.866666794
FRA,FRANCE,Fundings of start-ups,By technology,Non-clean energy,Early stage,2004,4656158,USD,2
FRA,FRANCE,Fundings of start-ups,By technology,Non-clean energy,Early stage,2005,3373691.25,USD,1
FRA,FRANCE,Fundings of start-ups,By technology,Non-clean energy,Early stage,2006,17842208,USD,2
FRA,FRANCE,Fundings of start-ups,By technology,Non-clean energy,Early stage,2007,7743019,USD,1
FRA,FRANCE,Fundings of start-ups,By technology,Non-clean energy,Early stage,2008,16204782,USD,3
FRA,FRANCE,Fundings of start-ups,By technology,Non-clean energy,Early stage,2009,3727500,USD,1
FRA,FRANCE,Fundings of start-ups,By technology,Non-clean energy,Early stage,2010,12571150,USD,2
FRA,FRANCE,Fundings of start-ups,By technology,Non-clean energy,Early stage,2012,47329660,USD,1
FRA,FRANCE,Fundings of start-ups,By technology,Non-clean energy,Early stage,2013,16448763,USD,4
FRA,FRANCE,Fundings of start-ups,By technology,Non-clean energy,Early stage,2014,3309241,USD,2
FRA,FRANCE,Fundings of start-ups,By technology,Non-clean energy,Early stage,2015,47880732,USD,7
FRA,FRANCE,Fundings of start-ups,By technology,Non-clean energy,Early stage,2016,19910960,USD,12
FRA,FRANCE,Fundings of start-ups,By technology,Non-clean energy,Early stage,2017,30109922,USD,7
FRA,FRANCE,Fundings of start-ups,By technology,Non-clean energy,Early stage,2018,69866256,USD,12
FRA,FRANCE,Fundings of start-ups,By technology,Non-clean energy,Early stage,2019,39751736,USD,6
FRA,FRANCE,Fundings of start-ups,By technology,Non-clean energy,Early stage,2020,74310288,USD,6
FRA,FRANCE,Fundings of start-ups,By technology,Non-clean energy,Early stage,2021,67313184,USD,5
FRA,FRANCE,Probability to receive funding,By technology,Non-clean energy,Early stage,2021,12.91759491,Percentage,449
FRA,FRANCE,Fundings of start-ups,By technology,Non-clean energy,Early stage,2022,2.336277723,Years,451
FRA,FRANCE,Fundings of start-ups,By technology,Non-clean energy,Early stage,2022,17814372,USD,4
FRA,FRANCE,Probability to receive funding,By technology,Nuclear,Early stage,2015,0,Percentage,4.5
FRA,FRANCE,Probability to receive funding,By technology,Nuclear,Early stage,2016,0,Percentage,5
FRA,FRANCE,Probability to receive funding,By technology,Nuclear,Early stage,2017,0,Percentage,5.5
FRA,FRANCE,Probability to receive funding,By technology,Nuclear,Early stage,2018,0,Percentage,7
FRA,FRANCE,Probability to receive funding,By technology,Nuclear,Early stage,2019,0,Percentage,7
FRA,FRANCE,Probability to receive funding,By technology,Nuclear,Early stage,2020,0,Percentage,7
FRA,FRANCE,Probability to receive funding,By technology,Nuclear,Early stage,2021,0,Percentage,8
FRA,FRANCE,Probability to receive funding,By technology,Other energy,Early stage,2015,7.944356441,Percentage,252.8000031
FRA,FRANCE,Probability to receive funding,By technology,Other energy,Early stage,2016,8.726327896,Percentage,269.2999878
FRA,FRANCE,Probability to receive funding,By technology,Other energy,Early stage,2017,9.648194313,Percentage,283.2999878
FRA,FRANCE,Probability to receive funding,By technology,Other energy,Early stage,2018,10.39300346,Percentage,293.4666748
FRA,FRANCE,Probability to receive funding,By technology,Other energy,Early stage,2019,10.2762804,Percentage,296.7999878
FRA,FRANCE,Probability to receive funding,By technology,Other energy,Early stage,2020,10.53618717,Percentage,302.1333313
FRA,FRANCE,Probability to receive funding,By technology,Other energy,Early stage,2021,10.94810581,Percentage,304.4666748
FRA,FRANCE,Fundings of start-ups,By technology,Other energy,Early stage,2022,2.557041168,Years,304.4666748
FRA,FRANCE,Probability to receive funding,By technology,Other renewables,Early stage,2015,9.313635826,Percentage,181.6333313
FRA,FRANCE,Probability to receive funding,By technology,Other renewables,Early stage,2016,9.997391701,Percentage,191.7166595
FRA,FRANCE,Probability to receive funding,By technology,Other renewables,Early stage,2017,10.17833138,Percentage,198.1333313
FRA,FRANCE,Probability to receive funding,By technology,Other renewables,Early stage,2018,11.19006824,Percentage,204.0500031
FRA,FRANCE,Probability to receive funding,By technology,Other renewables,Early stage,2019,11.63532066,Percentage,209.1333313
FRA,FRANCE,Probability to receive funding,By technology,Other renewables,Early stage,2020,11.582407,Percentage,212.9666595
FRA,FRANCE,Probability to receive funding,By technology,Other renewables,Early stage,2021,11.89372921,Percentage,215.8000031
FRA,FRANCE,Fundings of start-ups,By technology,Other renewables,Early stage,2022,2.824248314,Years,215.8000031
FRA,FRANCE,Probability to receive funding,By technology,Solar,Early stage,2015,10.62260246,Percentage,56.48333359
FRA,FRANCE,Probability to receive funding,By technology,Solar,Early stage,2016,10.75268841,Percentage,58.90000153
FRA,FRANCE,Probability to receive funding,By technology,Solar,Early stage,2017,10.58790779,Percentage,59.81666565
FRA,FRANCE,Probability to receive funding,By technology,Solar,Early stage,2018,11.7198143,Percentage,61.15000153
FRA,FRANCE,Probability to receive funding,By technology,Solar,Early stage,2019,12.43579388,Percentage,61.65000153
FRA,FRANCE,Probability to receive funding,By technology,Solar,Early stage,2020,12.43579388,Percentage,61.65000153
FRA,FRANCE,Probability to receive funding,By technology,Solar,Early stage,2021,12.43579388,Percentage,61.65000153
FRA,FRANCE,Fundings of start-ups,By technology,Solar,Early stage,2022,2.186986208,Years,61.65000153
FRA,FRANCE,Probability to receive funding,By technology,Wind,Early stage,2015,6.607929707,Percentage,7.566666603
FRA,FRANCE,Probability to receive funding,By technology,Wind,Early stage,2016,6.607929707,Percentage,7.566666603
FRA,FRANCE,Probability to receive funding,By technology,Wind,Early stage,2017,6.607929707,Percentage,7.566666603
FRA,FRANCE,Probability to receive funding,By technology,Wind,Early stage,2018,6.607929707,Percentage,7.566666603
FRA,FRANCE,Probability to receive funding,By technology,Wind,Early stage,2019,6.607929707,Percentage,7.566666603
FRA,FRANCE,Probability to receive funding,By technology,Wind,Early stage,2020,6.607929707,Percentage,7.566666603
FRA,FRANCE,Probability to receive funding,By technology,Wind,Early stage,2021,6.607929707,Percentage,7.566666603
FRA,FRANCE,Fundings of start-ups,By technology,Wind,Early stage,2022,1.898630142,Years,7.566666603
FRA,FRANCE,Probability to receive funding,By technology,Bioenergy,Later stage,2015,0,Percentage,1.5
FRA,FRANCE,Probability to receive funding,By technology,Bioenergy,Later stage,2016,0,Percentage,1.5
FRA,FRANCE,Probability to receive funding,By technology,Bioenergy,Later stage,2017,0,Percentage,1.5
FRA,FRANCE,Probability to receive funding,By technology,Bioenergy,Later stage,2018,0,Percentage,1.5
FRA,FRANCE,Probability to receive funding,By technology,Bioenergy,Later stage,2019,0,Percentage,1.5
FRA,FRANCE,Probability to receive funding,By technology,Bioenergy,Later stage,2020,0,Percentage,1.5
FRA,FRANCE,Probability to receive funding,By technology,Bioenergy,Later stage,2021,0,Percentage,1.5
FRA,FRANCE,Fundings of start-ups,By technology,Clean energy,Later stage,2003,10574468,USD,1
FRA,FRANCE,Fundings of start-ups,By technology,Clean energy,Later stage,2008,32634182,USD,1
FRA,FRANCE,Fundings of start-ups,By technology,Clean energy,Later stage,2014,36653368,USD,2
FRA,FRANCE,Fundings of start-ups,By technology,Clean energy,Later stage,2015,32623694,USD,3
FRA,FRANCE,Fundings of start-ups,By technology,Clean energy,Later stage,2016,7097198,USD,2
FRA,FRANCE,Fundings of start-ups,By technology,Clean energy,Later stage,2017,87399392,USD,3
FRA,FRANCE,Fundings of start-ups,By technology,Clean energy,Later stage,2018,10370027,USD,3
FRA,FRANCE,Fundings of start-ups,By technology,Clean energy,Later stage,2019,10957564,USD,1
FRA,FRANCE,Fundings of start-ups,By technology,Clean energy,Later stage,2020,6520730.5,USD,1
FRA,FRANCE,Fundings of start-ups,By technology,Clean energy,Later stage,2021,6077652.5,USD,1
FRA,FRANCE,Probability to receive funding,By technology,Clean energy,Later stage,2021,11.38211346,Percentage,615
FRA,FRANCE,Fundings of start-ups,By technology,Clean energy,Later stage,2022,5.886379719,Years,615
FRA,FRANCE,Fundings of start-ups,By technology,Clean energy,Later stage,2022,354990240,USD,3
FRA,FRANCE,Probability to receive funding,By technology,Electric mobility,Later stage,2015,25.13088989,Percentage,31.83333397
FRA,FRANCE,Probability to receive funding,By technology,Electric mobility,Later stage,2016,22.3255806,Percentage,35.83333206
FRA,FRANCE,Probability to receive funding,By technology,Electric mobility,Later stage,2017,19.12350655,Percentage,41.83333206
FRA,FRANCE,Probability to receive funding,By technology,Electric mobility,Later stage,2018,17.71217728,Percentage,45.16666794
FRA,FRANCE,Probability to receive funding,By technology,Electric mobility,Later stage,2019,16.78321648,Percentage,47.66666794
FRA,FRANCE,Probability to receive funding,By technology,Electric mobility,Later stage,2020,15.48387051,Percentage,51.66666794
FRA,FRANCE,Probability to receive funding,By technology,Electric mobility,Later stage,2021,15.98746109,Percentage,53.16666794
FRA,FRANCE,Fundings of start-ups,By technology,Electric mobility,Later stage,2022,4.765189171,Years,53.16666794
FRA,FRANCE,Probability to receive funding,By technology,Energy efficiency,Later stage,2015,6.017299652,Percentage,177.2666626
FRA,FRANCE,Probability to receive funding,By technology,Energy efficiency,Later stage,2016,5.784646034,Percentage,201.6833344
FRA,FRANCE,Probability to receive funding,By technology,Energy efficiency,Later stage,2017,5.644402504,Percentage,212.6000061
FRA,FRANCE,Probability to receive funding,By technology,Energy efficiency,Later stage,2018,5.362729073,Percentage,223.7666626
FRA,FRANCE,Probability to receive funding,By technology,Energy efficiency,Later stage,2019,5.249343872,Percentage,228.6000061
FRA,FRANCE,Probability to receive funding,By technology,Energy efficiency,Later stage,2020,5.170185089,Percentage,232.1000061
FRA,FRANCE,Probability to receive funding,By technology,Energy efficiency,Later stage,2021,5.086182594,Percentage,235.9333344
FRA,FRANCE,Fundings of start-ups,By technology,Energy efficiency,Later stage,2022,5.672945023,Years,235.9333344
FRA,FRANCE,Probability to receive funding,By technology,Energy storage and batteries,Later stage,2015,7.211538315,Percentage,13.86666679
FRA,FRANCE,Probability to receive funding,By technology,Energy storage and batteries,Later stage,2016,6.802721024,Percentage,14.69999981
FRA,FRANCE,Probability to receive funding,By technology,Energy storage and batteries,Later stage,2017,11.97604752,Percentage,16.70000076
FRA,FRANCE,Probability to receive funding,By technology,Energy storage and batteries,Later stage,2018,11.74168301,Percentage,17.03333282
FRA,FRANCE,Probability to receive funding,By technology,Energy storage and batteries,Later stage,2019,11.09057331,Percentage,18.03333282
FRA,FRANCE,Probability to receive funding,By technology,Energy storage and batteries,Later stage,2020,14.97504139,Percentage,20.03333282
FRA,FRANCE,Probability to receive funding,By technology,Energy storage and batteries,Later stage,2021,14.61038971,Percentage,20.53333282
FRA,FRANCE,Fundings of start-ups,By technology,Energy storage and batteries,Later stage,2022,2.977625608,Years,20.53333282
FRA,FRANCE,Probability to receive funding,By technology,Fossil fuels,Later stage,2015,2.728513002,Percentage,36.65000153
FRA,FRANCE,Probability to receive funding,By technology,Fossil fuels,Later stage,2016,3.645200491,Percentage,41.15000153
FRA,FRANCE,Probability to receive funding,By technology,Fossil fuels,Later stage,2017,3.503308773,Percentage,42.81666565
FRA,FRANCE,Probability to receive funding,By technology,Fossil fuels,Later stage,2018,3.346969128,Percentage,44.81666565
FRA,FRANCE,Probability to receive funding,By technology,Fossil fuels,Later stage,2019,3.346969128,Percentage,44.81666565
FRA,FRANCE,Probability to receive funding,By technology,Fossil fuels,Later stage,2020,3.346969128,Percentage,44.81666565
FRA,FRANCE,Probability to receive funding,By technology,Fossil fuels,Later stage,2021,3.346969128,Percentage,44.81666565
FRA,FRANCE,Fundings of start-ups,By technology,Fossil fuels,Later stage,2022,5.559817314,Years,44.81666565
FRA,FRANCE,Probability to receive funding,By technology,Grid,Later stage,2015,9.571209908,Percentage,43.53333282
FRA,FRANCE,Probability to receive funding,By technology,Grid,Later stage,2016,9.304056168,Percentage,44.78333282
FRA,FRANCE,Probability to receive funding,By technology,Grid,Later stage,2017,9.117432594,Percentage,45.70000076
FRA,FRANCE,Probability to receive funding,By technology,Grid,Later stage,2018,9.067827225,Percentage,45.95000076
FRA,FRANCE,Probability to receive funding,By technology,Grid,Later stage,2019,8.735150337,Percentage,47.70000076
FRA,FRANCE,Probability to receive funding,By technology,Grid,Later stage,2020,8.555783272,Percentage,48.70000076
FRA,FRANCE,Probability to receive funding,By technology,Grid,Later stage,2021,8.555783272,Percentage,48.70000076
FRA,FRANCE,Fundings of start-ups,By technology,Grid,Later stage,2022,5.445808411,Years,48.70000076
FRA,FRANCE,Probability to receive funding,By technology,Hydrogen and fuel cells,Later stage,2015,14.85148525,Percentage,3.366666555
FRA,FRANCE,Probability to receive funding,By technology,Hydrogen and fuel cells,Later stage,2016,12.93103409,Percentage,3.866666555
FRA,FRANCE,Probability to receive funding,By technology,Hydrogen and fuel cells,Later stage,2017,18.38235283,Percentage,4.533333302
FRA,FRANCE,Probability to receive funding,By technology,Hydrogen and fuel cells,Later stage,2018,18.38235283,Percentage,4.533333302
FRA,FRANCE,Probability to receive funding,By technology,Hydrogen and fuel cells,Later stage,2019,18.38235283,Percentage,4.533333302
FRA,FRANCE,Probability to receive funding,By technology,Hydrogen and fuel cells,Later stage,2020,17.1232872,Percentage,4.866666794
FRA,FRANCE,Probability to receive funding,By technology,Hydrogen and fuel cells,Later stage,2021,17.1232872,Percentage,4.866666794
FRA,FRANCE,Fundings of start-ups,By technology,Hydrogen and fuel cells,Later stage,2022,3.399451971,Years,4.866666794
FRA,FRANCE,Fundings of start-ups,By technology,Non-clean energy,Later stage,2002,471449.25,USD,1
FRA,FRANCE,Fundings of start-ups,By technology,Non-clean energy,Later stage,2005,1035185.688,USD,1
FRA,FRANCE,Fundings of start-ups,By technology,Non-clean energy,Later stage,2007,719219.3125,USD,1
FRA,FRANCE,Fundings of start-ups,By technology,Non-clean energy,Later stage,2010,1077250.75,USD,1
FRA,FRANCE,Fundings of start-ups,By technology,Non-clean energy,Later stage,2012,3056357.5,USD,1
FRA,FRANCE,Fundings of start-ups,By technology,Non-clean energy,Later stage,2013,21276032,USD,3
FRA,FRANCE,Fundings of start-ups,By technology,Non-clean energy,Later stage,2014,11896492,USD,2
FRA,FRANCE,Fundings of start-ups,By technology,Non-clean energy,Later stage,2016,325565.875,USD,1
FRA,FRANCE,Fundings of start-ups,By technology,Non-clean energy,Later stage,2018,52637932,USD,3
FRA,FRANCE,Fundings of start-ups,By technology,Non-clean energy,Later stage,2019,5656341,USD,1
FRA,FRANCE,Fundings of start-ups,By technology,Non-clean energy,Later stage,2020,126477184,USD,3
FRA,FRANCE,Probability to receive funding,By technology,Non-clean energy,Later stage,2021,8.017817497,Percentage,449
FRA,FRANCE,Fundings of start-ups,By technology,Non-clean energy,Later stage,2021,8160898.5,USD,1
FRA,FRANCE,Fundings of start-ups,By technology,Non-clean energy,Later stage,2022,5.155707836,Years,451
FRA,FRANCE,Fundings of start-ups,By technology,Non-clean energy,Later stage,2022,44117484,USD,1
FRA,FRANCE,Probability to receive funding,By technology,Nuclear,Later stage,2015,0,Percentage,4.5
FRA,FRANCE,Probability to receive funding,By technology,Nuclear,Later stage,2016,0,Percentage,5
FRA,FRANCE,Probability to receive funding,By technology,Nuclear,Later stage,2017,0,Percentage,5.5
FRA,FRANCE,Probability to receive funding,By technology,Nuclear,Later stage,2018,0,Percentage,7
FRA,FRANCE,Probability to receive funding,By technology,Nuclear,Later stage,2019,0,Percentage,7
FRA,FRANCE,Probability to receive funding,By technology,Nuclear,Later stage,2020,0,Percentage,7
FRA,FRANCE,Probability to receive funding,By technology,Nuclear,Later stage,2021,0,Percentage,8
FRA,FRANCE,Probability to receive funding,By technology,Other energy,Later stage,2015,11.47151852,Percentage,252.8000031
FRA,FRANCE,Probability to receive funding,By technology,Other energy,Later stage,2016,12.31588078,Percentage,269.2999878
FRA,FRANCE,Probability to receive funding,By technology,Other energy,Later stage,2017,12.06024265,Percentage,283.2999878
FRA,FRANCE,Probability to receive funding,By technology,Other energy,Later stage,2018,11.64243507,Percentage,293.4666748
FRA,FRANCE,Probability to receive funding,By technology,Other energy,Later stage,2019,11.5116806,Percentage,296.7999878
FRA,FRANCE,Probability to receive funding,By technology,Other energy,Later stage,2020,11.30847263,Percentage,302.1333313
FRA,FRANCE,Probability to receive funding,By technology,Other energy,Later stage,2021,11.22180843,Percentage,304.4666748
FRA,FRANCE,Fundings of start-ups,By technology,Other energy,Later stage,2022,5.185994148,Years,304.4666748
FRA,FRANCE,Probability to receive funding,By technology,Other renewables,Later stage,2015,14.26867294,Percentage,181.6333313
FRA,FRANCE,Probability to receive funding,By technology,Other renewables,Later stage,2016,15.16995525,Percentage,191.7166595
FRA,FRANCE,Probability to receive funding,By technology,Other renewables,Later stage,2017,14.84690475,Percentage,198.1333313
FRA,FRANCE,Probability to receive funding,By technology,Other renewables,Later stage,2018,14.41640091,Percentage,204.0500031
FRA,FRANCE,Probability to receive funding,By technology,Other renewables,Later stage,2019,14.06598663,Percentage,209.1333313
FRA,FRANCE,Probability to receive funding,By technology,Other renewables,Later stage,2020,13.81280327,Percentage,212.9666595
FRA,FRANCE,Probability to receive funding,By technology,Other renewables,Later stage,2021,13.86314487,Percentage,215.8000031
FRA,FRANCE,Fundings of start-ups,By technology,Other renewables,Later stage,2022,6.34256506,Years,215.8000031
FRA,FRANCE,Probability to receive funding,By technology,Solar,Later stage,2015,16.2289753,Percentage,56.48333359
FRA,FRANCE,Probability to receive funding,By technology,Solar,Later stage,2016,17.54385948,Percentage,58.90000153
FRA,FRANCE,Probability to receive funding,By technology,Solar,Later stage,2017,17.27500725,Percentage,59.81666565
FRA,FRANCE,Probability to receive funding,By technology,Solar,Later stage,2018,16.89833832,Percentage,61.15000153
FRA,FRANCE,Probability to receive funding,By technology,Solar,Later stage,2019,16.76128769,Percentage,61.65000153
FRA,FRANCE,Probability to receive funding,By technology,Solar,Later stage,2020,16.76128769,Percentage,61.65000153
FRA,FRANCE,Probability to receive funding,By technology,Solar,Later stage,2021,16.76128769,Percentage,61.65000153
FRA,FRANCE,Fundings of start-ups,By technology,Solar,Later stage,2022,5.802828312,Years,61.65000153
FRA,FRANCE,Probability to receive funding,By technology,Wind,Later stage,2015,7.709250927,Percentage,7.566666603
FRA,FRANCE,Probability to receive funding,By technology,Wind,Later stage,2016,7.709250927,Percentage,7.566666603
FRA,FRANCE,Probability to receive funding,By technology,Wind,Later stage,2017,7.709250927,Percentage,7.566666603
FRA,FRANCE,Probability to receive funding,By technology,Wind,Later stage,2018,7.709250927,Percentage,7.566666603
FRA,FRANCE,Probability to receive funding,By technology,Wind,Later stage,2019,7.709250927,Percentage,7.566666603
FRA,FRANCE,Probability to receive funding,By technology,Wind,Later stage,2020,7.709250927,Percentage,7.566666603
FRA,FRANCE,Probability to receive funding,By technology,Wind,Later stage,2021,7.709250927,Percentage,7.566666603
FRA,FRANCE,Fundings of start-ups,By technology,Wind,Later stage,2022,8.555772781,Years,7.566666603
GUF,FRENCH GUIANA,Probability to receive funding,"By sector (energy, green, digital)",Non-energy,Early stage,2021,0,Percentage,2
GUF,FRENCH GUIANA,Probability to receive funding,"By sector (energy, green, digital)",Non-energy,Later stage,2021,0,Percentage,2
PYF,FRENCH POLYNESIA,Probability to receive funding,"By sector (energy, green, digital)",Non-energy,Early stage,2021,0,Percentage,6
PYF,FRENCH POLYNESIA,Probability to receive funding,"By sector (energy, green, digital)",Non-energy,Later stage,2021,0,Percentage,6
GAB,GABON,Probability to receive funding,"By sector (energy, green, digital)",Non-energy,Early stage,2021,0,Percentage,8
GAB,GABON,Probability to receive funding,"By sector (energy, green, digital)",Non-energy,Later stage,2021,0,Percentage,8
GMB,GAMBIA,Probability to receive funding,"By sector (energy, green, digital)",Non-energy,Early stage,2021,0,Percentage,27
GMB,GAMBIA,Probability to receive funding,"By sector (energy, green, digital)",Non-energy,Later stage,2021,0,Percentage,27
GEO,GEORGIA,Probability to receive funding,"By sector (energy, green, digital)",Energy,Early stage,2021,0,Percentage,4
GEO,GEORGIA,Probability to receive funding,"By sector (energy, green, digital)",Energy and digital,Early stage,2021,0,Percentage,1
GEO,GEORGIA,Probability to receive funding,"By sector (energy, green, digital)",Energy and non-digital,Early stage,2021,0,Percentage,3
GEO,GEORGIA,Fundings of start-ups,"By sector (energy, green, digital)",Non-energy,Early stage,2013,143595.5,USD,1
GEO,GEORGIA,Fundings of start-ups,"By sector (energy, green, digital)",Non-energy,Early stage,2014,623701.6875,USD,2
GEO,GEORGIA,Fundings of start-ups,"By sector (energy, green, digital)",Non-energy,Early stage,2015,1412154.75,USD,1
GEO,GEORGIA,Fundings of start-ups,"By sector (energy, green, digital)",Non-energy,Early stage,2016,46304.34766,USD,1
GEO,GEORGIA,Fundings of start-ups,"By sector (energy, green, digital)",Non-energy,Early stage,2017,436860.7188,USD,2
GEO,GEORGIA,Fundings of start-ups,"By sector (energy, green, digital)",Non-energy,Early stage,2018,67450,USD,2
GEO,GEORGIA,Fundings of start-ups,"By sector (energy, green, digital)",Non-energy,Early stage,2019,114107.1406,USD,3
GEO,GEORGIA,Fundings of start-ups,"By sector (energy, green, digital)",Non-energy,Early stage,2020,1259473.25,USD,5
GEO,GEORGIA,Probability to receive funding,"By sector (energy, green, digital)",Non-energy,Early stage,2021,12.36559105,Percentage,186
GEO,GEORGIA,Fundings of start-ups,"By sector (energy, green, digital)",Non-energy,Early stage,2021,5783749.5,USD,7
GEO,GEORGIA,Fundings of start-ups,"By sector (energy, green, digital)",Non-energy,Early stage,2022,1.036986351,Years,189
GEO,GEORGIA,Probability to receive funding,"By sector (energy, green, digital)",Energy,Later stage,2021,0,Percentage,4
GEO,GEORGIA,Probability to receive funding,"By sector (energy, green, digital)",Energy and digital,Later stage,2021,0,Percentage,1
GEO,GEORGIA,Probability to receive funding,"By sector (energy, green, digital)",Energy and non-digital,Later stage,2021,0,Percentage,3
GEO,GEORGIA,Probability to receive funding,"By sector (energy, green, digital)",Non-energy,Later stage,2021,0,Percentage,186
GEO,GEORGIA,Probability to receive funding,By technology,Clean energy,Early stage,2021,0,Percentage,1
GEO,GEORGIA,Probability to receive funding,By technology,Energy efficiency,Early stage,2015,0,Percentage,1
GEO,GEORGIA,Probability to receive funding,By technology,Energy efficiency,Early stage,2016,0,Percentage,1
GEO,GEORGIA,Probability to receive funding,By technology,Energy efficiency,Early stage,2017,0,Percentage,1
GEO,GEORGIA,Probability to receive funding,By technology,Energy efficiency,Early stage,2018,0,Percentage,1
GEO,GEORGIA,Probability to receive funding,By technology,Energy efficiency,Early stage,2019,0,Percentage,1
GEO,GEORGIA,Probability to receive funding,By technology,Energy efficiency,Early stage,2020,0,Percentage,1
GEO,GEORGIA,Probability to receive funding,By technology,Energy efficiency,Early stage,2021,0,Percentage,1
GEO,GEORGIA,Probability to receive funding,By technology,Fossil fuels,Early stage,2015,0,Percentage,0.5
GEO,GEORGIA,Probability to receive funding,By technology,Fossil fuels,Early stage,2016,0,Percentage,0.5
GEO,GEORGIA,Probability to receive funding,By technology,Fossil fuels,Early stage,2017,0,Percentage,0.5
GEO,GEORGIA,Probability to receive funding,By technology,Fossil fuels,Early stage,2018,0,Percentage,0.5
GEO,GEORGIA,Probability to receive funding,By technology,Fossil fuels,Early stage,2019,0,Percentage,0.5
GEO,GEORGIA,Probability to receive funding,By technology,Fossil fuels,Early stage,2020,0,Percentage,0.5
GEO,GEORGIA,Probability to receive funding,By technology,Fossil fuels,Early stage,2021,0,Percentage,0.5
GEO,GEORGIA,Probability to receive funding,By technology,Non-clean energy,Early stage,2021,0,Percentage,3
GEO,GEORGIA,Probability to receive funding,By technology,Other energy,Early stage,2015,0,Percentage,1.5
GEO,GEORGIA,Probability to receive funding,By technology,Other energy,Early stage,2016,0,Percentage,1.5
GEO,GEORGIA,Probability to receive funding,By technology,Other energy,Early stage,2017,0,Percentage,1.5
GEO,GEORGIA,Probability to receive funding,By technology,Other energy,Early stage,2018,0,Percentage,1.5
GEO,GEORGIA,Probability to receive funding,By technology,Other energy,Early stage,2019,0,Percentage,1.5
GEO,GEORGIA,Probability to receive funding,By technology,Other energy,Early stage,2020,0,Percentage,1.5
GEO,GEORGIA,Probability to receive funding,By technology,Other energy,Early stage,2021,0,Percentage,1.5
GEO,GEORGIA,Probability to receive funding,By technology,Clean energy,Later stage,2021,0,Percentage,1
GEO,GEORGIA,Probability to receive funding,By technology,Energy efficiency,Later stage,2015,0,Percentage,1
GEO,GEORGIA,Probability to receive funding,By technology,Energy efficiency,Later stage,2016,0,Percentage,1
GEO,GEORGIA,Probability to receive funding,By technology,Energy efficiency,Later stage,2017,0,Percentage,1
GEO,GEORGIA,Probability to receive funding,By technology,Energy efficiency,Later stage,2018,0,Percentage,1
GEO,GEORGIA,Probability to receive funding,By technology,Energy efficiency,Later stage,2019,0,Percentage,1
GEO,GEORGIA,Probability to receive funding,By technology,Energy efficiency,Later stage,2020,0,Percentage,1
GEO,GEORGIA,Probability to receive funding,By technology,Energy efficiency,Later stage,2021,0,Percentage,1
GEO,GEORGIA,Probability to receive funding,By technology,Fossil fuels,Later stage,2015,0,Percentage,0.5
GEO,GEORGIA,Probability to receive funding,By technology,Fossil fuels,Later stage,2016,0,Percentage,0.5
GEO,GEORGIA,Probability to receive funding,By technology,Fossil fuels,Later stage,2017,0,Percentage,0.5
GEO,GEORGIA,Probability to receive funding,By technology,Fossil fuels,Later stage,2018,0,Percentage,0.5
GEO,GEORGIA,Probability to receive funding,By technology,Fossil fuels,Later stage,2019,0,Percentage,0.5
GEO,GEORGIA,Probability to receive funding,By technology,Fossil fuels,Later stage,2020,0,Percentage,0.5
GEO,GEORGIA,Probability to receive funding,By technology,Fossil fuels,Later stage,2021,0,Percentage,0.5
GEO,GEORGIA,Probability to receive funding,By technology,Non-clean energy,Later stage,2021,0,Percentage,3
GEO,GEORGIA,Probability to receive funding,By technology,Other energy,Later stage,2015,0,Percentage,1.5
GEO,GEORGIA,Probability to receive funding,By technology,Other energy,Later stage,2016,0,Percentage,1.5
GEO,GEORGIA,Probability to receive funding,By technology,Other energy,Later stage,2017,0,Percentage,1.5
GEO,GEORGIA,Probability to receive funding,By technology,Other energy,Later stage,2018,0,Percentage,1.5
GEO,GEORGIA,Probability to receive funding,By technology,Other energy,Later stage,2019,0,Percentage,1.5
GEO,GEORGIA,Probability to receive funding,By technology,Other energy,Later stage,2020,0,Percentage,1.5
GEO,GEORGIA,Probability to receive funding,By technology,Other energy,Later stage,2021,0,Percentage,1.5
DEU,GERMANY,Fundings of start-ups,"By sector (energy, green, digital)",Energy,Early stage,2004,10681625,USD,1
DEU,GERMANY,Fundings of start-ups,"By sector (energy, green, digital)",Energy,Early stage,2005,34481376,USD,2
DEU,GERMANY,Fundings of start-ups,"By sector (energy, green, digital)",Energy,Early stage,2006,3156387.5,USD,1
DEU,GERMANY,Fundings of start-ups,"By sector (energy, green, digital)",Energy,Early stage,2008,129847168,USD,8
DEU,GERMANY,Fundings of start-ups,"By sector (energy, green, digital)",Energy,Early stage,2009,35067072,USD,1
DEU,GERMANY,Fundings of start-ups,"By sector (energy, green, digital)",Energy,Early stage,2010,13746084,USD,5
DEU,GERMANY,Fundings of start-ups,"By sector (energy, green, digital)",Energy,Early stage,2011,35513596,USD,5
DEU,GERMANY,Fundings of start-ups,"By sector (energy, green, digital)",Energy,Early stage,2012,52583872,USD,8
DEU,GERMANY,Fundings of start-ups,"By sector (energy, green, digital)",Energy,Early stage,2013,20320202,USD,6
DEU,GERMANY,Fundings of start-ups,"By sector (energy, green, digital)",Energy,Early stage,2014,50529968,USD,12
DEU,GERMANY,Fundings of start-ups,"By sector (energy, green, digital)",Energy,Early stage,2015,39321484,USD,12
DEU,GERMANY,Fundings of start-ups,"By sector (energy, green, digital)",Energy,Early stage,2016,46953876,USD,11
DEU,GERMANY,Fundings of start-ups,"By sector (energy, green, digital)",Energy,Early stage,2017,81625472,USD,20
DEU,GERMANY,Fundings of start-ups,"By sector (energy, green, digital)",Energy,Early stage,2018,177453552,USD,30
DEU,GERMANY,Fundings of start-ups,"By sector (energy, green, digital)",Energy,Early stage,2019,220149504,USD,16
DEU,GERMANY,Fundings of start-ups,"By sector (energy, green, digital)",Energy,Early stage,2020,169336752,USD,29
DEU,GERMANY,Probability to receive funding,"By sector (energy, green, digital)",Energy,Early stage,2021,13.37099838,Percentage,1062
DEU,GERMANY,Fundings of start-ups,"By sector (energy, green, digital)",Energy,Early stage,2021,244810144,USD,32
DEU,GERMANY,Fundings of start-ups,"By sector (energy, green, digital)",Energy,Early stage,2022,2.346754074,Years,1070
DEU,GERMANY,Fundings of start-ups,"By sector (energy, green, digital)",Energy,Early stage,2022,291438240,USD,26
DEU,GERMANY,Fundings of start-ups,"By sector (energy, green, digital)",Energy and digital,Early stage,2004,10681625,USD,1
DEU,GERMANY,Fundings of start-ups,"By sector (energy, green, digital)",Energy and digital,Early stage,2005,34481376,USD,2
DEU,GERMANY,Fundings of start-ups,"By sector (energy, green, digital)",Energy and digital,Early stage,2006,3156387.5,USD,1
DEU,GERMANY,Fundings of start-ups,"By sector (energy, green, digital)",Energy and digital,Early stage,2008,41501768,USD,5
DEU,GERMANY,Fundings of start-ups,"By sector (energy, green, digital)",Energy and digital,Early stage,2010,9716306,USD,3
DEU,GERMANY,Fundings of start-ups,"By sector (energy, green, digital)",Energy and digital,Early stage,2011,21491894,USD,2
DEU,GERMANY,Fundings of start-ups,"By sector (energy, green, digital)",Energy and digital,Early stage,2012,37822032,USD,5
DEU,GERMANY,Fundings of start-ups,"By sector (energy, green, digital)",Energy and digital,Early stage,2013,14636825,USD,4
DEU,GERMANY,Fundings of start-ups,"By sector (energy, green, digital)",Energy and digital,Early stage,2014,8570675,USD,5
DEU,GERMANY,Fundings of start-ups,"By sector (energy, green, digital)",Energy and digital,Early stage,2015,27970096,USD,10
DEU,GERMANY,Fundings of start-ups,"By sector (energy, green, digital)",Energy and digital,Early stage,2016,17974040,USD,6
DEU,GERMANY,Fundings of start-ups,"By sector (energy, green, digital)",Energy and digital,Early stage,2017,80759704,USD,19
DEU,GERMANY,Fundings of start-ups,"By sector (energy, green, digital)",Energy and digital,Early stage,2018,169152816,USD,25
DEU,GERMANY,Fundings of start-ups,"By sector (energy, green, digital)",Energy and digital,Early stage,2019,136486880,USD,9
DEU,GERMANY,Fundings of start-ups,"By sector (energy, green, digital)",Energy and digital,Early stage,2020,137365776,USD,18
DEU,GERMANY,Probability to receive funding,"By sector (energy, green, digital)",Energy and digital,Early stage,2021,19.3103447,Percentage,435
DEU,GERMANY,Fundings of start-ups,"By sector (energy, green, digital)",Energy and digital,Early stage,2021,165195184,USD,21
DEU,GERMANY,Fundings of start-ups,"By sector (energy, green, digital)",Energy and digital,Early stage,2022,106060360,USD,14
DEU,GERMANY,Fundings of start-ups,"By sector (energy, green, digital)",Energy and digital,Early stage,2022,1.996601343,Years,439
DEU,GERMANY,Fundings of start-ups,"By sector (energy, green, digital)",Energy and non-digital,Early stage,2008,88345400,USD,3
DEU,GERMANY,Fundings of start-ups,"By sector (energy, green, digital)",Energy and non-digital,Early stage,2009,35067072,USD,1
DEU,GERMANY,Fundings of start-ups,"By sector (energy, green, digital)",Energy and non-digital,Early stage,2010,4029777.5,USD,2
DEU,GERMANY,Fundings of start-ups,"By sector (energy, green, digital)",Energy and non-digital,Early stage,2011,14021701,USD,3
DEU,GERMANY,Fundings of start-ups,"By sector (energy, green, digital)",Energy and non-digital,Early stage,2012,14761840,USD,3
DEU,GERMANY,Fundings of start-ups,"By sector (energy, green, digital)",Energy and non-digital,Early stage,2013,5683377.5,USD,2
DEU,GERMANY,Fundings of start-ups,"By sector (energy, green, digital)",Energy and non-digital,Early stage,2014,41959292,USD,7
DEU,GERMANY,Fundings of start-ups,"By sector (energy, green, digital)",Energy and non-digital,Early stage,2015,11351390,USD,2
DEU,GERMANY,Fundings of start-ups,"By sector (energy, green, digital)",Energy and non-digital,Early stage,2016,28979836,USD,5
DEU,GERMANY,Fundings of start-ups,"By sector (energy, green, digital)",Energy and non-digital,Early stage,2017,865769.0625,USD,1
DEU,GERMANY,Fundings of start-ups,"By sector (energy, green, digital)",Energy and non-digital,Early stage,2018,8300742,USD,5
DEU,GERMANY,Fundings of start-ups,"By sector (energy, green, digital)",Energy and non-digital,Early stage,2019,83662624,USD,7
DEU,GERMANY,Fundings of start-ups,"By sector (energy, green, digital)",Energy and non-digital,Early stage,2020,31970976,USD,11
DEU,GERMANY,Fundings of start-ups,"By sector (energy, green, digital)",Energy and non-digital,Early stage,2021,79614952,USD,11
DEU,GERMANY,Probability to receive funding,"By sector (energy, green, digital)",Energy and non-digital,Early stage,2021,9.250398636,Percentage,627
DEU,GERMANY,Fundings of start-ups,"By sector (energy, green, digital)",Energy and non-digital,Early stage,2022,2.815602541,Years,631
DEU,GERMANY,Fundings of start-ups,"By sector (energy, green, digital)",Energy and non-digital,Early stage,2022,185377888,USD,12
DEU,GERMANY,Fundings of start-ups,"By sector (energy, green, digital)",Non-energy,Early stage,2000,471322112,USD,17
DEU,GERMANY,Fundings of start-ups,"By sector (energy, green, digital)",Non-energy,Early stage,2001,190212752,USD,8
DEU,GERMANY,Fundings of start-ups,"By sector (energy, green, digital)",Non-energy,Early stage,2002,163223168,USD,13
DEU,GERMANY,Fundings of start-ups,"By sector (energy, green, digital)",Non-energy,Early stage,2003,64234076,USD,7
DEU,GERMANY,Fundings of start-ups,"By sector (energy, green, digital)",Non-energy,Early stage,2004,246669344,USD,16
DEU,GERMANY,Fundings of start-ups,"By sector (energy, green, digital)",Non-energy,Early stage,2005,241862144,USD,26
DEU,GERMANY,Fundings of start-ups,"By sector (energy, green, digital)",Non-energy,Early stage,2006,237027392,USD,44
DEU,GERMANY,Fundings of start-ups,"By sector (energy, green, digital)",Non-energy,Early stage,2007,292084640,USD,36
DEU,GERMANY,Fundings of start-ups,"By sector (energy, green, digital)",Non-energy,Early stage,2008,274596864,USD,43
DEU,GERMANY,Fundings of start-ups,"By sector (energy, green, digital)",Non-energy,Early stage,2009,227184192,USD,38
DEU,GERMANY,Fundings of start-ups,"By sector (energy, green, digital)",Non-energy,Early stage,2010,283228736,USD,61
DEU,GERMANY,Fundings of start-ups,"By sector (energy, green, digital)",Non-energy,Early stage,2011,449188800,USD,72
DEU,GERMANY,Fundings of start-ups,"By sector (energy, green, digital)",Non-energy,Early stage,2012,267188784,USD,105
DEU,GERMANY,Fundings of start-ups,"By sector (energy, green, digital)",Non-energy,Early stage,2013,592243968,USD,167
DEU,GERMANY,Fundings of start-ups,"By sector (energy, green, digital)",Non-energy,Early stage,2014,682900288,USD,197
DEU,GERMANY,Fundings of start-ups,"By sector (energy, green, digital)",Non-energy,Early stage,2015,884373376,USD,238
DEU,GERMANY,Fundings of start-ups,"By sector (energy, green, digital)",Non-energy,Early stage,2016,1255180800,USD,247
DEU,GERMANY,Fundings of start-ups,"By sector (energy, green, digital)",Non-energy,Early stage,2017,1376976384,USD,248
DEU,GERMANY,Fundings of start-ups,"By sector (energy, green, digital)",Non-energy,Early stage,2018,2084162432,USD,303
DEU,GERMANY,Fundings of start-ups,"By sector (energy, green, digital)",Non-energy,Early stage,2019,2778229248,USD,299
DEU,GERMANY,Fundings of start-ups,"By sector (energy, green, digital)",Non-energy,Early stage,2020,2472772608,USD,301
DEU,GERMANY,Probability to receive funding,"By sector (energy, green, digital)",Non-energy,Early stage,2021,8.995471001,Percentage,24290
DEU,GERMANY,Fundings of start-ups,"By sector (energy, green, digital)",Non-energy,Early stage,2021,6561841664,USD,435
DEU,GERMANY,Fundings of start-ups,"By sector (energy, green, digital)",Non-energy,Early stage,2022,1.879543543,Years,24441
DEU,GERMANY,Fundings of start-ups,"By sector (energy, green, digital)",Non-energy,Early stage,2022,3529408512,USD,307
DEU,GERMANY,Fundings of start-ups,"By sector (energy, green, digital)",Energy,Later stage,2007,17325000,USD,1
DEU,GERMANY,Fundings of start-ups,"By sector (energy, green, digital)",Energy,Later stage,2008,7591879,USD,1
DEU,GERMANY,Fundings of start-ups,"By sector (energy, green, digital)",Energy,Later stage,2009,40686168,USD,2
DEU,GERMANY,Fundings of start-ups,"By sector (energy, green, digital)",Energy,Later stage,2011,12638729,USD,1
DEU,GERMANY,Fundings of start-ups,"By sector (energy, green, digital)",Energy,Later stage,2013,21061434,USD,1
DEU,GERMANY,Fundings of start-ups,"By sector (energy, green, digital)",Energy,Later stage,2014,45878916,USD,3
DEU,GERMANY,Fundings of start-ups,"By sector (energy, green, digital)",Energy,Later stage,2015,35832968,USD,2
DEU,GERMANY,Fundings of start-ups,"By sector (energy, green, digital)",Energy,Later stage,2016,219685456,USD,5
DEU,GERMANY,Fundings of start-ups,"By sector (energy, green, digital)",Energy,Later stage,2017,79628384,USD,8
DEU,GERMANY,Fundings of start-ups,"By sector (energy, green, digital)",Energy,Later stage,2018,147956048,USD,5
DEU,GERMANY,Fundings of start-ups,"By sector (energy, green, digital)",Energy,Later stage,2019,128636928,USD,9
DEU,GERMANY,Fundings of start-ups,"By sector (energy, green, digital)",Energy,Later stage,2020,286778720,USD,3
DEU,GERMANY,Probability to receive funding,"By sector (energy, green, digital)",Energy,Later stage,2021,5.178907871,Percentage,1062
DEU,GERMANY,Fundings of start-ups,"By sector (energy, green, digital)",Energy,Later stage,2021,554119552,USD,8
DEU,GERMANY,Fundings of start-ups,"By sector (energy, green, digital)",Energy,Later stage,2022,307830976,USD,9
DEU,GERMANY,Fundings of start-ups,"By sector (energy, green, digital)",Energy,Later stage,2022,5.557611942,Years,1070
DEU,GERMANY,Fundings of start-ups,"By sector (energy, green, digital)",Energy and digital,Later stage,2007,17325000,USD,1
DEU,GERMANY,Fundings of start-ups,"By sector (energy, green, digital)",Energy and digital,Later stage,2008,7591879,USD,1
DEU,GERMANY,Fundings of start-ups,"By sector (energy, green, digital)",Energy and digital,Later stage,2009,40686168,USD,2
DEU,GERMANY,Fundings of start-ups,"By sector (energy, green, digital)",Energy and digital,Later stage,2011,12638729,USD,1
DEU,GERMANY,Fundings of start-ups,"By sector (energy, green, digital)",Energy and digital,Later stage,2013,21061434,USD,1
DEU,GERMANY,Fundings of start-ups,"By sector (energy, green, digital)",Energy and digital,Later stage,2014,19127616,USD,2
DEU,GERMANY,Fundings of start-ups,"By sector (energy, green, digital)",Energy and digital,Later stage,2015,35832968,USD,2
DEU,GERMANY,Fundings of start-ups,"By sector (energy, green, digital)",Energy and digital,Later stage,2016,36575936,USD,2
DEU,GERMANY,Fundings of start-ups,"By sector (energy, green, digital)",Energy and digital,Later stage,2017,16225453,USD,3
DEU,GERMANY,Fundings of start-ups,"By sector (energy, green, digital)",Energy and digital,Later stage,2018,69190424,USD,4
DEU,GERMANY,Fundings of start-ups,"By sector (energy, green, digital)",Energy and digital,Later stage,2019,51357352,USD,5
DEU,GERMANY,Fundings of start-ups,"By sector (energy, green, digital)",Energy and digital,Later stage,2020,282129568,USD,2
DEU,GERMANY,Fundings of start-ups,"By sector (energy, green, digital)",Energy and digital,Later stage,2021,323616928,USD,4
DEU,GERMANY,Probability to receive funding,"By sector (energy, green, digital)",Energy and digital,Later stage,2021,5.517241478,Percentage,435
DEU,GERMANY,Fundings of start-ups,"By sector (energy, green, digital)",Energy and digital,Later stage,2022,107999592,USD,2
DEU,GERMANY,Fundings of start-ups,"By sector (energy, green, digital)",Energy and digital,Later stage,2022,5.292465687,Years,439
DEU,GERMANY,Fundings of start-ups,"By sector (energy, green, digital)",Energy and non-digital,Later stage,2014,26751298,USD,1
DEU,GERMANY,Fundings of start-ups,"By sector (energy, green, digital)",Energy and non-digital,Later stage,2016,183109520,USD,3
DEU,GERMANY,Fundings of start-ups,"By sector (energy, green, digital)",Energy and non-digital,Later stage,2017,63402932,USD,5
DEU,GERMANY,Fundings of start-ups,"By sector (energy, green, digital)",Energy and non-digital,Later stage,2018,78765624,USD,1
DEU,GERMANY,Fundings of start-ups,"By sector (energy, green, digital)",Energy and non-digital,Later stage,2019,77279576,USD,4
DEU,GERMANY,Fundings of start-ups,"By sector (energy, green, digital)",Energy and non-digital,Later stage,2020,4649135,USD,1
DEU,GERMANY,Fundings of start-ups,"By sector (energy, green, digital)",Energy and non-digital,Later stage,2021,230502624,USD,4
DEU,GERMANY,Probability to receive funding,"By sector (energy, green, digital)",Energy and non-digital,Later stage,2021,4.944178581,Percentage,627
DEU,GERMANY,Fundings of start-ups,"By sector (energy, green, digital)",Energy and non-digital,Later stage,2022,199831376,USD,7
DEU,GERMANY,Fundings of start-ups,"By sector (energy, green, digital)",Energy and non-digital,Later stage,2022,5.777042866,Years,631
DEU,GERMANY,Fundings of start-ups,"By sector (energy, green, digital)",Non-energy,Later stage,2001,14070415,USD,1
DEU,GERMANY,Fundings of start-ups,"By sector (energy, green, digital)",Non-energy,Later stage,2002,16978260,USD,2
DEU,GERMANY,Fundings of start-ups,"By sector (energy, green, digital)",Non-energy,Later stage,2003,121008984,USD,4
DEU,GERMANY,Fundings of start-ups,"By sector (energy, green, digital)",Non-energy,Later stage,2004,8223394,USD,1
DEU,GERMANY,Fundings of start-ups,"By sector (energy, green, digital)",Non-energy,Later stage,2005,115508200,USD,8
DEU,GERMANY,Fundings of start-ups,"By sector (energy, green, digital)",Non-energy,Later stage,2006,120098824,USD,6
DEU,GERMANY,Fundings of start-ups,"By sector (energy, green, digital)",Non-energy,Later stage,2007,303724224,USD,5
DEU,GERMANY,Fundings of start-ups,"By sector (energy, green, digital)",Non-energy,Later stage,2008,263377952,USD,12
DEU,GERMANY,Fundings of start-ups,"By sector (energy, green, digital)",Non-energy,Later stage,2009,187568960,USD,10
DEU,GERMANY,Fundings of start-ups,"By sector (energy, green, digital)",Non-energy,Later stage,2010,434153312,USD,22
DEU,GERMANY,Fundings of start-ups,"By sector (energy, green, digital)",Non-energy,Later stage,2011,289231584,USD,9
DEU,GERMANY,Fundings of start-ups,"By sector (energy, green, digital)",Non-energy,Later stage,2012,422432704,USD,19
DEU,GERMANY,Fundings of start-ups,"By sector (energy, green, digital)",Non-energy,Later stage,2013,965196928,USD,22
DEU,GERMANY,Fundings of start-ups,"By sector (energy, green, digital)",Non-energy,Later stage,2014,1738356224,USD,25
DEU,GERMANY,Fundings of start-ups,"By sector (energy, green, digital)",Non-energy,Later stage,2015,2092888576,USD,32
DEU,GERMANY,Fundings of start-ups,"By sector (energy, green, digital)",Non-energy,Later stage,2016,727576128,USD,41
DEU,GERMANY,Fundings of start-ups,"By sector (energy, green, digital)",Non-energy,Later stage,2017,1628470144,USD,47
DEU,GERMANY,Fundings of start-ups,"By sector (energy, green, digital)",Non-energy,Later stage,2018,1473293696,USD,39
DEU,GERMANY,Fundings of start-ups,"By sector (energy, green, digital)",Non-energy,Later stage,2019,3578971904,USD,44
DEU,GERMANY,Fundings of start-ups,"By sector (energy, green, digital)",Non-energy,Later stage,2020,2947942144,USD,50
DEU,GERMANY,Fundings of start-ups,"By sector (energy, green, digital)",Non-energy,Later stage,2021,10670724096,USD,81
DEU,GERMANY,Probability to receive funding,"By sector (energy, green, digital)",Non-energy,Later stage,2021,2.165500164,Percentage,24290
DEU,GERMANY,Fundings of start-ups,"By sector (energy, green, digital)",Non-energy,Later stage,2022,4.63438797,Years,24441
DEU,GERMANY,Fundings of start-ups,"By sector (energy, green, digital)",Non-energy,Later stage,2022,3651747328,USD,43
DEU,GERMANY,Fundings of start-ups,By technology,Electric mobility,all,2008,22214570,USD,3
DEU,GERMANY,Fundings of start-ups,By technology,Electric mobility,all,2010,953401.1875,USD,0.333333343
DEU,GERMANY,Fundings of start-ups,By technology,Electric mobility,all,2011,13662573,USD,1
DEU,GERMANY,Fundings of start-ups,By technology,Electric mobility,all,2012,15717.22168,USD,1
DEU,GERMANY,Fundings of start-ups,By technology,Electric mobility,all,2014,2377610.75,USD,2
DEU,GERMANY,Fundings of start-ups,By technology,Electric mobility,all,2015,12173678,USD,3
DEU,GERMANY,Fundings of start-ups,By technology,Electric mobility,all,2016,8294982.5,USD,2.5
DEU,GERMANY,Fundings of start-ups,By technology,Electric mobility,all,2017,9279362,USD,1.5
DEU,GERMANY,Fundings of start-ups,By technology,Electric mobility,all,2018,95343712,USD,7.5
DEU,GERMANY,Fundings of start-ups,By technology,Electric mobility,all,2019,178616512,USD,5.333333492
DEU,GERMANY,Fundings of start-ups,By technology,Electric mobility,all,2020,352237152,USD,7.833333492
DEU,GERMANY,Fundings of start-ups,By technology,Electric mobility,all,2021,439153120,USD,9.833333015
DEU,GERMANY,Fundings of start-ups,By technology,Electric mobility,all,2022,105695144,USD,7.833333492
DEU,GERMANY,Fundings of start-ups,By technology,Energy efficiency,all,2004,5340812.5,USD,0.5
DEU,GERMANY,Fundings of start-ups,By technology,Energy efficiency,all,2005,29811832,USD,1.5
DEU,GERMANY,Fundings of start-ups,By technology,Energy efficiency,all,2006,1578193.75,USD,0.5
DEU,GERMANY,Fundings of start-ups,By technology,Energy efficiency,all,2007,8662500,USD,0.5
DEU,GERMANY,Fundings of start-ups,By technology,Energy efficiency,all,2008,7087907.5,USD,1
DEU,GERMANY,Fundings of start-ups,By technology,Energy efficiency,all,2009,29996720,USD,1.5
DEU,GERMANY,Fundings of start-ups,By technology,Energy efficiency,all,2010,6112551,USD,2.25
DEU,GERMANY,Fundings of start-ups,By technology,Energy efficiency,all,2011,21130986,USD,2
DEU,GERMANY,Fundings of start-ups,By technology,Energy efficiency,all,2012,6837582.5,USD,2
DEU,GERMANY,Fundings of start-ups,By technology,Energy efficiency,all,2013,23542966,USD,3.666666746
DEU,GERMANY,Fundings of start-ups,By technology,Energy efficiency,all,2014,25336194,USD,5.75
DEU,GERMANY,Fundings of start-ups,By technology,Energy efficiency,all,2015,30296620,USD,5
DEU,GERMANY,Fundings of start-ups,By technology,Energy efficiency,all,2016,45848564,USD,3.333333254
DEU,GERMANY,Fundings of start-ups,By technology,Energy efficiency,all,2017,66508464,USD,11.66666698
DEU,GERMANY,Fundings of start-ups,By technology,Energy efficiency,all,2018,86979776,USD,12.61666679
DEU,GERMANY,Fundings of start-ups,By technology,Energy efficiency,all,2019,47568304,USD,7.5
DEU,GERMANY,Fundings of start-ups,By technology,Energy efficiency,all,2020,34778468,USD,11.33333302
DEU,GERMANY,Fundings of start-ups,By technology,Energy efficiency,all,2021,137871776,USD,12.33333302
DEU,GERMANY,Fundings of start-ups,By technology,Energy efficiency,all,2022,29658042,USD,4
DEU,GERMANY,Fundings of start-ups,By technology,Energy storage and batteries,all,2011,103197.6719,USD,0.333333343
DEU,GERMANY,Fundings of start-ups,By technology,Energy storage and batteries,all,2012,1528178.125,USD,1
DEU,GERMANY,Fundings of start-ups,By technology,Energy storage and batteries,all,2013,1580434.5,USD,0.333333343
DEU,GERMANY,Fundings of start-ups,By technology,Energy storage and batteries,all,2014,7407192.5,USD,3.583333254
DEU,GERMANY,Fundings of start-ups,By technology,Energy storage and batteries,all,2015,1138887.5,USD,0.583333313
DEU,GERMANY,Fundings of start-ups,By technology,Energy storage and batteries,all,2016,34290396,USD,1.75
DEU,GERMANY,Fundings of start-ups,By technology,Energy storage and batteries,all,2017,3729726.25,USD,3.25
DEU,GERMANY,Fundings of start-ups,By technology,Energy storage and batteries,all,2018,29020794,USD,4.25
DEU,GERMANY,Fundings of start-ups,By technology,Energy storage and batteries,all,2019,12701691,USD,4.416666508
DEU,GERMANY,Fundings of start-ups,By technology,Energy storage and batteries,all,2020,22961890,USD,3.666666746
DEU,GERMANY,Fundings of start-ups,By technology,Energy storage and batteries,all,2021,36100692,USD,4
DEU,GERMANY,Fundings of start-ups,By technology,Energy storage and batteries,all,2022,58432352,USD,2.666666746
DEU,GERMANY,Fundings of start-ups,By technology,Fossil fuels,all,2012,3138833,USD,0.333333343
DEU,GERMANY,Fundings of start-ups,By technology,Fossil fuels,all,2014,4313450.5,USD,0.333333343
DEU,GERMANY,Fundings of start-ups,By technology,Fossil fuels,all,2018,1109375,USD,0.25
DEU,GERMANY,Fundings of start-ups,By technology,Fossil fuels,all,2019,11658327,USD,0.583333313
DEU,GERMANY,Fundings of start-ups,By technology,Fossil fuels,all,2020,1575157.375,USD,0.25
DEU,GERMANY,Fundings of start-ups,By technology,Fossil fuels,all,2021,61347660,USD,1.333333373
DEU,GERMANY,Fundings of start-ups,By technology,Fossil fuels,all,2022,36901344,USD,0.583333313
DEU,GERMANY,Fundings of start-ups,By technology,Grid,all,2008,16467967,USD,1
DEU,GERMANY,Fundings of start-ups,By technology,Grid,all,2010,584787.0625,USD,0.5
DEU,GERMANY,Fundings of start-ups,By technology,Grid,all,2012,22341084,USD,1.5
DEU,GERMANY,Fundings of start-ups,By technology,Grid,all,2014,8006.524902,USD,0.333333343
DEU,GERMANY,Fundings of start-ups,By technology,Grid,all,2016,4210400,USD,0.5
DEU,GERMANY,Fundings of start-ups,By technology,Grid,all,2017,5760651.5,USD,0.833333313
DEU,GERMANY,Fundings of start-ups,By technology,Grid,all,2018,853309.0625,USD,0.666666687
DEU,GERMANY,Fundings of start-ups,By technology,Grid,all,2019,4920692,USD,1.333333373
DEU,GERMANY,Fundings of start-ups,By technology,Grid,all,2020,33617.42578,USD,0.25
DEU,GERMANY,Fundings of start-ups,By technology,Grid,all,2022,4250331,USD,1.5
DEU,GERMANY,Fundings of start-ups,By technology,Hydrogen and fuel cells,all,2010,3080209.5,USD,0.5
DEU,GERMANY,Fundings of start-ups,By technology,Hydrogen and fuel cells,all,2011,6680272,USD,0.5
DEU,GERMANY,Fundings of start-ups,By technology,Hydrogen and fuel cells,all,2018,1109375,USD,0.25
DEU,GERMANY,Fundings of start-ups,By technology,Hydrogen and fuel cells,all,2019,1263329.125,USD,0.25
DEU,GERMANY,Fundings of start-ups,By technology,Hydrogen and fuel cells,all,2020,1575157.375,USD,0.25
DEU,GERMANY,Fundings of start-ups,By technology,Hydrogen and fuel cells,all,2021,20987730,USD,1.5
DEU,GERMANY,Fundings of start-ups,By technology,Hydrogen and fuel cells,all,2022,36561624,USD,1.25
DEU,GERMANY,Fundings of start-ups,By technology,Other energy,all,2004,5340812.5,USD,0.5
DEU,GERMANY,Fundings of start-ups,By technology,Other energy,all,2005,4669543,USD,0.5
DEU,GERMANY,Fundings of start-ups,By technology,Other energy,all,2006,1578193.75,USD,0.5
DEU,GERMANY,Fundings of start-ups,By technology,Other energy,all,2007,8662500,USD,0.5
DEU,GERMANY,Fundings of start-ups,By technology,Other energy,all,2008,7087907.5,USD,1
DEU,GERMANY,Fundings of start-ups,By technology,Other energy,all,2009,22378474,USD,0.833333313
DEU,GERMANY,Fundings of start-ups,By technology,Other energy,all,2010,438721.9688,USD,0.5
DEU,GERMANY,Fundings of start-ups,By technology,Other energy,all,2011,6447329.5,USD,1.333333373
DEU,GERMANY,Fundings of start-ups,By technology,Other energy,all,2012,6148636,USD,1.083333373
DEU,GERMANY,Fundings of start-ups,By technology,Other energy,all,2013,12423755,USD,1.5
DEU,GERMANY,Fundings of start-ups,By technology,Other energy,all,2014,18681478,USD,2.166666746
DEU,GERMANY,Fundings of start-ups,By technology,Other energy,all,2015,15916640,USD,3.416666746
DEU,GERMANY,Fundings of start-ups,By technology,Other energy,all,2016,76328088,USD,3.583333254
DEU,GERMANY,Fundings of start-ups,By technology,Other energy,all,2017,50899704,USD,9.333333015
DEU,GERMANY,Fundings of start-ups,By technology,Other energy,all,2018,34206128,USD,6.366666794
DEU,GERMANY,Fundings of start-ups,By technology,Other energy,all,2019,37787008,USD,4.666666508
DEU,GERMANY,Fundings of start-ups,By technology,Other energy,all,2020,21911434,USD,5.416666508
DEU,GERMANY,Fundings of start-ups,By technology,Other energy,all,2021,113306512,USD,8.333333015
DEU,GERMANY,Fundings of start-ups,By technology,Other energy,all,2022,165688592,USD,7
DEU,GERMANY,Fundings of start-ups,By technology,Other renewables,all,2008,66391188,USD,3
DEU,GERMANY,Fundings of start-ups,By technology,Other renewables,all,2009,11689024,USD,0.333333343
DEU,GERMANY,Fundings of start-ups,By technology,Other renewables,all,2010,2576413.25,USD,0.916666687
DEU,GERMANY,Fundings of start-ups,By technology,Other renewables,all,2011,127965.1172,USD,0.833333313
DEU,GERMANY,Fundings of start-ups,By technology,Other renewables,all,2012,12851362,USD,2.5
DEU,GERMANY,Fundings of start-ups,By technology,Other renewables,all,2013,3834480.25,USD,1.5
DEU,GERMANY,Fundings of start-ups,By technology,Other renewables,all,2014,27085338,USD,3.5
DEU,GERMANY,Fundings of start-ups,By technology,Other renewables,all,2015,13862337,USD,3
DEU,GERMANY,Fundings of start-ups,By technology,Other renewables,all,2016,103644816,USD,5.5
DEU,GERMANY,Fundings of start-ups,By technology,Other renewables,all,2017,33814748,USD,5.166666508
DEU,GERMANY,Fundings of start-ups,By technology,Other renewables,all,2018,66725660,USD,8.233333588
DEU,GERMANY,Fundings of start-ups,By technology,Other renewables,all,2019,46947984,USD,4.916666508
DEU,GERMANY,Fundings of start-ups,By technology,Other renewables,all,2020,16217057,USD,4.333333492
DEU,GERMANY,Fundings of start-ups,By technology,Other renewables,all,2021,111982808,USD,7.833333492
DEU,GERMANY,Fundings of start-ups,By technology,Other renewables,all,2022,141510432,USD,7.333333492
DEU,GERMANY,Fundings of start-ups,By technology,Solar,all,2008,58397880,USD,1
DEU,GERMANY,Fundings of start-ups,By technology,Solar,all,2009,11689024,USD,0.333333343
DEU,GERMANY,Fundings of start-ups,By technology,Solar,all,2012,1266376.125,USD,0.583333313
DEU,GERMANY,Fundings of start-ups,By technology,Solar,all,2014,15465540,USD,1.333333373
DEU,GERMANY,Fundings of start-ups,By technology,Solar,all,2016,44544312,USD,1.833333373
DEU,GERMANY,Fundings of start-ups,By technology,Solar,all,2017,20357428,USD,2.25
DEU,GERMANY,Fundings of start-ups,By technology,Solar,all,2018,2821148.25,USD,0.666666687
DEU,GERMANY,Fundings of start-ups,By technology,Solar,all,2019,12048899,USD,1
DEU,GERMANY,Fundings of start-ups,By technology,Solar,all,2020,8077085.5,USD,1.416666627
DEU,GERMANY,Fundings of start-ups,By technology,Solar,all,2021,40444044,USD,2.833333254
DEU,GERMANY,Fundings of start-ups,By technology,Solar,all,2022,49932100,USD,2.583333254
DEU,GERMANY,Fundings of start-ups,By technology,Wind,all,2015,3030065,USD,1
DEU,GERMANY,Fundings of start-ups,By technology,Wind,all,2018,11727827,USD,2.200000048
DEU,GERMANY,Fundings of start-ups,By technology,Wind,all,2020,33617.42578,USD,0.25
DEU,GERMANY,Fundings of start-ups,By technology,Wind,all,2022,292051,USD,0.25
DEU,GERMANY,Probability to receive funding,By technology,Bioenergy,Early stage,2015,0,Percentage,2.083333254
DEU,GERMANY,Probability to receive funding,By technology,Bioenergy,Early stage,2016,0,Percentage,2.083333254
DEU,GERMANY,Probability to receive funding,By technology,Bioenergy,Early stage,2017,0,Percentage,2.083333254
DEU,GERMANY,Probability to receive funding,By technology,Bioenergy,Early stage,2018,0,Percentage,2.083333254
DEU,GERMANY,Probability to receive funding,By technology,Bioenergy,Early stage,2019,0,Percentage,2.083333254
DEU,GERMANY,Probability to receive funding,By technology,Bioenergy,Early stage,2020,0,Percentage,3.083333254
DEU,GERMANY,Probability to receive funding,By technology,Bioenergy,Early stage,2021,0,Percentage,3.083333254
DEU,GERMANY,Fundings of start-ups,By technology,Clean energy,Early stage,2004,10681625,USD,1
DEU,GERMANY,Fundings of start-ups,By technology,Clean energy,Early stage,2005,9339086,USD,1
DEU,GERMANY,Fundings of start-ups,By technology,Clean energy,Early stage,2006,3156387.5,USD,1
DEU,GERMANY,Fundings of start-ups,By technology,Clean energy,Early stage,2008,113379200,USD,7
DEU,GERMANY,Fundings of start-ups,By technology,Clean energy,Early stage,2009,35067072,USD,1
DEU,GERMANY,Fundings of start-ups,By technology,Clean energy,Early stage,2010,6416090.5,USD,3
DEU,GERMANY,Fundings of start-ups,By technology,Clean energy,Early stage,2011,14021701,USD,3
DEU,GERMANY,Fundings of start-ups,By technology,Clean energy,Early stage,2012,34452948,USD,7
DEU,GERMANY,Fundings of start-ups,By technology,Clean energy,Early stage,2013,10714644,USD,4
DEU,GERMANY,Fundings of start-ups,By technology,Clean energy,Early stage,2014,46126116,USD,11
DEU,GERMANY,Fundings of start-ups,By technology,Clean energy,Early stage,2015,33946776,USD,10
DEU,GERMANY,Fundings of start-ups,By technology,Clean energy,Early stage,2016,38656168,USD,9
DEU,GERMANY,Fundings of start-ups,By technology,Clean energy,Early stage,2017,27290296,USD,11
DEU,GERMANY,Fundings of start-ups,By technology,Clean energy,Early stage,2018,151531520,USD,22
DEU,GERMANY,Fundings of start-ups,By technology,Clean energy,Early stage,2019,201938672,USD,12
DEU,GERMANY,Fundings of start-ups,By technology,Clean energy,Early stage,2020,133141536,USD,21
DEU,GERMANY,Probability to receive funding,By technology,Clean energy,Early stage,2021,17.98941803,Percentage,567
DEU,GERMANY,Fundings of start-ups,By technology,Clean energy,Early stage,2021,172521712,USD,23
DEU,GERMANY,Fundings of start-ups,By technology,Clean energy,Early stage,2022,2.404258728,Years,572
DEU,GERMANY,Fundings of start-ups,By technology,Clean energy,Early stage,2022,186253408,USD,18
DEU,GERMANY,Probability to receive funding,By technology,Electric mobility,Early stage,2015,21.05263138,Percentage,39.58333206
DEU,GERMANY,Probability to receive funding,By technology,Electric mobility,Early stage,2016,21.33815575,Percentage,46.08333206
DEU,GERMANY,Probability to receive funding,By technology,Electric mobility,Early stage,2017,22.44898033,Percentage,57.16666794
DEU,GERMANY,Probability to receive funding,By technology,Electric mobility,Early stage,2018,25.44080544,Percentage,66.16666412
DEU,GERMANY,Probability to receive funding,By technology,Electric mobility,Early stage,2019,25.76112366,Percentage,71.16666412
DEU,GERMANY,Probability to receive funding,By technology,Electric mobility,Early stage,2020,27.37306786,Percentage,75.5
DEU,GERMANY,Probability to receive funding,By technology,Electric mobility,Early stage,2021,26.8595047,Percentage,80.66666412
DEU,GERMANY,Fundings of start-ups,By technology,Electric mobility,Early stage,2022,2.000737667,Years,80.66666412
DEU,GERMANY,Probability to receive funding,By technology,Energy efficiency,Early stage,2015,13.05263138,Percentage,158.3333282
DEU,GERMANY,Probability to receive funding,By technology,Energy efficiency,Early stage,2016,14.52231693,Percentage,178.1166687
DEU,GERMANY,Probability to receive funding,By technology,Energy efficiency,Early stage,2017,15.14533424,Percentage,196.1000061
DEU,GERMANY,Probability to receive funding,By technology,Energy efficiency,Early stage,2018,14.86402035,Percentage,213.2666626
DEU,GERMANY,Probability to receive funding,By technology,Energy efficiency,Early stage,2019,15.62709045,Percentage,224.1833344
DEU,GERMANY,Probability to receive funding,By technology,Energy efficiency,Early stage,2020,17.07919121,Percentage,236.3500061
DEU,GERMANY,Probability to receive funding,By technology,Energy efficiency,Early stage,2021,18.09530258,Percentage,245.1833344
DEU,GERMANY,Fundings of start-ups,By technology,Energy efficiency,Early stage,2022,2.790687084,Years,244.1833344
DEU,GERMANY,Probability to receive funding,By technology,Energy storage and batteries,Early stage,2015,11.23128128,Percentage,20.03333282
DEU,GERMANY,Probability to receive funding,By technology,Energy storage and batteries,Early stage,2016,14.00862026,Percentage,23.20000076
DEU,GERMANY,Probability to receive funding,By technology,Energy storage and batteries,Early stage,2017,18.6316433,Percentage,27.28333282
DEU,GERMANY,Probability to receive funding,By technology,Energy storage and batteries,Early stage,2018,24.18895912,Percentage,29.28333282
DEU,GERMANY,Probability to receive funding,By technology,Energy storage and batteries,Early stage,2019,23.36928558,Percentage,32.45000076
DEU,GERMANY,Probability to receive funding,By technology,Energy storage and batteries,Early stage,2020,24.53211975,Percentage,32.95000076
DEU,GERMANY,Probability to receive funding,By technology,Energy storage and batteries,Early stage,2021,25.74397659,Percentage,35.28333282
DEU,GERMANY,Fundings of start-ups,By technology,Energy storage and batteries,Early stage,2022,2.158187151,Years,35.28333282
DEU,GERMANY,Probability to receive funding,By technology,Fossil fuels,Early stage,2015,0.921658993,Percentage,36.16666794
DEU,GERMANY,Probability to receive funding,By technology,Fossil fuels,Early stage,2016,0.873362422,Percentage,38.16666794
DEU,GERMANY,Probability to receive funding,By technology,Fossil fuels,Early stage,2017,1.443298936,Percentage,40.41666794
DEU,GERMANY,Probability to receive funding,By technology,Fossil fuels,Early stage,2018,1.425661922,Percentage,40.91666794
DEU,GERMANY,Probability to receive funding,By technology,Fossil fuels,Early stage,2019,1.359223247,Percentage,42.91666794
DEU,GERMANY,Probability to receive funding,By technology,Fossil fuels,Early stage,2020,1.359223247,Percentage,42.91666794
DEU,GERMANY,Probability to receive funding,By technology,Fossil fuels,Early stage,2021,1.343570113,Percentage,43.41666794
DEU,GERMANY,Fundings of start-ups,By technology,Fossil fuels,Early stage,2022,1.785127163,Years,43.41666794
DEU,GERMANY,Probability to receive funding,By technology,Grid,Early stage,2015,1.635590434,Percentage,50.95000076
DEU,GERMANY,Probability to receive funding,By technology,Grid,Early stage,2016,1.542257905,Percentage,54.03333282
DEU,GERMANY,Probability to receive funding,By technology,Grid,Early stage,2017,3.062360764,Percentage,59.86666489
DEU,GERMANY,Probability to receive funding,By technology,Grid,Early stage,2018,3.062360764,Percentage,59.86666489
DEU,GERMANY,Probability to receive funding,By technology,Grid,Early stage,2019,3.353904009,Percentage,62.11666489
DEU,GERMANY,Probability to receive funding,By technology,Grid,Early stage,2020,4.885133266,Percentage,63.11666489
DEU,GERMANY,Probability to receive funding,By technology,Grid,Early stage,2021,5.212405682,Percentage,63.95000076
DEU,GERMANY,Fundings of start-ups,By technology,Grid,Early stage,2022,1.530753374,Years,63.95000076
DEU,GERMANY,Probability to receive funding,By technology,Hydrogen and fuel cells,Early stage,2015,0,Percentage,2.666666746
DEU,GERMANY,Probability to receive funding,By technology,Hydrogen and fuel cells,Early stage,2016,0,Percentage,2.666666746
DEU,GERMANY,Probability to receive funding,By technology,Hydrogen and fuel cells,Early stage,2017,7.317073345,Percentage,3.416666746
DEU,GERMANY,Probability to receive funding,By technology,Hydrogen and fuel cells,Early stage,2018,7.317073345,Percentage,3.416666746
DEU,GERMANY,Probability to receive funding,By technology,Hydrogen and fuel cells,Early stage,2019,19.14893532,Percentage,3.916666746
DEU,GERMANY,Probability to receive funding,By technology,Hydrogen and fuel cells,Early stage,2020,19.14893532,Percentage,3.916666746
DEU,GERMANY,Probability to receive funding,By technology,Hydrogen and fuel cells,Early stage,2021,25.42372894,Percentage,4.916666508
DEU,GERMANY,Fundings of start-ups,By technology,Hydrogen and fuel cells,Early stage,2022,1.634520531,Years,4.916666508
DEU,GERMANY,Fundings of start-ups,By technology,Non-clean energy,Early stage,2005,25142288,USD,1
DEU,GERMANY,Fundings of start-ups,By technology,Non-clean energy,Early stage,2008,16467967,USD,1
DEU,GERMANY,Fundings of start-ups,By technology,Non-clean energy,Early stage,2010,7329993,USD,2
DEU,GERMANY,Fundings of start-ups,By technology,Non-clean energy,Early stage,2011,21491894,USD,2
DEU,GERMANY,Fundings of start-ups,By technology,Non-clean energy,Early stage,2012,18130926,USD,1
DEU,GERMANY,Fundings of start-ups,By technology,Non-clean energy,Early stage,2013,9605558,USD,2
DEU,GERMANY,Fundings of start-ups,By technology,Non-clean energy,Early stage,2014,4403851.5,USD,1
DEU,GERMANY,Fundings of start-ups,By technology,Non-clean energy,Early stage,2015,5374710,USD,2
DEU,GERMANY,Fundings of start-ups,By technology,Non-clean energy,Early stage,2016,8297710,USD,2
DEU,GERMANY,Fundings of start-ups,By technology,Non-clean energy,Early stage,2017,54335176,USD,9
DEU,GERMANY,Fundings of start-ups,By technology,Non-clean energy,Early stage,2018,25922026,USD,8
DEU,GERMANY,Fundings of start-ups,By technology,Non-clean energy,Early stage,2019,18210838,USD,4
DEU,GERMANY,Fundings of start-ups,By technology,Non-clean energy,Early stage,2020,36195224,USD,8
DEU,GERMANY,Fundings of start-ups,By technology,Non-clean energy,Early stage,2021,72288416,USD,9
DEU,GERMANY,Probability to receive funding,By technology,Non-clean energy,Early stage,2021,8.080807686,Percentage,495
DEU,GERMANY,Fundings of start-ups,By technology,Non-clean energy,Early stage,2022,105184848,USD,8
DEU,GERMANY,Fundings of start-ups,By technology,Non-clean energy,Early stage,2022,2.189781666,Years,498
DEU,GERMANY,Probability to receive funding,By technology,Nuclear,Early stage,2015,0,Percentage,1
DEU,GERMANY,Probability to receive funding,By technology,Nuclear,Early stage,2016,0,Percentage,1
DEU,GERMANY,Probability to receive funding,By technology,Nuclear,Early stage,2017,0,Percentage,2
DEU,GERMANY,Probability to receive funding,By technology,Nuclear,Early stage,2018,0,Percentage,2
DEU,GERMANY,Probability to receive funding,By technology,Nuclear,Early stage,2019,0,Percentage,2
DEU,GERMANY,Probability to receive funding,By technology,Nuclear,Early stage,2020,0,Percentage,2
DEU,GERMANY,Probability to receive funding,By technology,Nuclear,Early stage,2021,0,Percentage,2
DEU,GERMANY,Probability to receive funding,By technology,Other energy,Early stage,2015,4.236130238,Percentage,182.9499969
DEU,GERMANY,Probability to receive funding,By technology,Other energy,Early stage,2016,5.620091438,Percentage,203.7333374
DEU,GERMANY,Probability to receive funding,By technology,Other energy,Early stage,2017,7.325463295,Percentage,213.1833344
DEU,GERMANY,Probability to receive funding,By technology,Other energy,Early stage,2018,6.986802101,Percentage,223.5166626
DEU,GERMANY,Probability to receive funding,By technology,Other energy,Early stage,2019,8.094654083,Percentage,231.0166626
DEU,GERMANY,Probability to receive funding,By technology,Other energy,Early stage,2020,8.422675133,Percentage,237.8500061
DEU,GERMANY,Probability to receive funding,By technology,Other energy,Early stage,2021,8.953472137,Percentage,241.4333344
DEU,GERMANY,Fundings of start-ups,By technology,Other energy,Early stage,2022,2.201214552,Years,241.4333344
DEU,GERMANY,Probability to receive funding,By technology,Other renewables,Early stage,2015,10.85472393,Percentage,122.0666656
DEU,GERMANY,Probability to receive funding,By technology,Other renewables,Early stage,2016,12.10039997,Percentage,133.4666595
DEU,GERMANY,Probability to receive funding,By technology,Other renewables,Early stage,2017,13.33333302,Percentage,144.25
DEU,GERMANY,Probability to receive funding,By technology,Other renewables,Early stage,2018,12.75843048,Percentage,150.75
DEU,GERMANY,Probability to receive funding,By technology,Other renewables,Early stage,2019,13.00364399,Percentage,160.0833282
DEU,GERMANY,Probability to receive funding,By technology,Other renewables,Early stage,2020,13.10966492,Percentage,166.4166718
DEU,GERMANY,Probability to receive funding,By technology,Other renewables,Early stage,2021,15.0482626,Percentage,172.6666718
DEU,GERMANY,Fundings of start-ups,By technology,Other renewables,Early stage,2022,2.155538797,Years,172.6666718
DEU,GERMANY,Probability to receive funding,By technology,Solar,Early stage,2015,4.804469109,Percentage,74.58333588
DEU,GERMANY,Probability to receive funding,By technology,Solar,Early stage,2016,5.082987785,Percentage,80.33333588
DEU,GERMANY,Probability to receive funding,By technology,Solar,Early stage,2017,5.547850132,Percentage,84.1166687
DEU,GERMANY,Probability to receive funding,By technology,Solar,Early stage,2018,5.450652122,Percentage,85.6166687
DEU,GERMANY,Probability to receive funding,By technology,Solar,Early stage,2019,5.413766384,Percentage,86.19999695
DEU,GERMANY,Probability to receive funding,By technology,Solar,Early stage,2020,5.936422825,Percentage,87.03333282
DEU,GERMANY,Probability to receive funding,By technology,Solar,Early stage,2021,6.32911396,Percentage,89.53333282
DEU,GERMANY,Fundings of start-ups,By technology,Solar,Early stage,2022,3.874617338,Years,89.53333282
DEU,GERMANY,Probability to receive funding,By technology,Wind,Early stage,2015,9.44881916,Percentage,10.58333302
DEU,GERMANY,Probability to receive funding,By technology,Wind,Early stage,2016,10.79460239,Percentage,11.11666679
DEU,GERMANY,Probability to receive funding,By technology,Wind,Early stage,2017,10.79460239,Percentage,11.11666679
DEU,GERMANY,Probability to receive funding,By technology,Wind,Early stage,2018,10.79460239,Percentage,11.11666679
DEU,GERMANY,Probability to receive funding,By technology,Wind,Early stage,2019,12.21910095,Percentage,11.86666679
DEU,GERMANY,Probability to receive funding,By technology,Wind,Early stage,2020,12.21910095,Percentage,11.86666679
DEU,GERMANY,Probability to receive funding,By technology,Wind,Early stage,2021,11.26943016,Percentage,12.86666679
DEU,GERMANY,Fundings of start-ups,By technology,Wind,Early stage,2022,4.063958645,Years,12.86666679
DEU,GERMANY,Probability to receive funding,By technology,Bioenergy,Later stage,2015,0,Percentage,2.083333254
DEU,GERMANY,Probability to receive funding,By technology,Bioenergy,Later stage,2016,0,Percentage,2.083333254
DEU,GERMANY,Probability to receive funding,By technology,Bioenergy,Later stage,2017,0,Percentage,2.083333254
DEU,GERMANY,Probability to receive funding,By technology,Bioenergy,Later stage,2018,0,Percentage,2.083333254
DEU,GERMANY,Probability to receive funding,By technology,Bioenergy,Later stage,2019,0,Percentage,2.083333254
DEU,GERMANY,Probability to receive funding,By technology,Bioenergy,Later stage,2020,0,Percentage,3.083333254
DEU,GERMANY,Probability to receive funding,By technology,Bioenergy,Later stage,2021,0,Percentage,3.083333254
DEU,GERMANY,Fundings of start-ups,By technology,Clean energy,Later stage,2007,17325000,USD,1
DEU,GERMANY,Fundings of start-ups,By technology,Clean energy,Later stage,2008,7591879,USD,1
DEU,GERMANY,Fundings of start-ups,By technology,Clean energy,Later stage,2009,21378900,USD,1
DEU,GERMANY,Fundings of start-ups,By technology,Clean energy,Later stage,2011,12638729,USD,1
DEU,GERMANY,Fundings of start-ups,By technology,Clean energy,Later stage,2013,21061434,USD,1
DEU,GERMANY,Fundings of start-ups,By technology,Clean energy,Later stage,2014,45878916,USD,3
DEU,GERMANY,Fundings of start-ups,By technology,Clean energy,Later stage,2015,35832968,USD,2
DEU,GERMANY,Fundings of start-ups,By technology,Clean energy,Later stage,2016,219685456,USD,5
DEU,GERMANY,Fundings of start-ups,By technology,Clean energy,Later stage,2017,66549260,USD,6
DEU,GERMANY,Fundings of start-ups,By technology,Clean energy,Later stage,2018,147956048,USD,5
DEU,GERMANY,Fundings of start-ups,By technology,Clean energy,Later stage,2019,101468560,USD,8
DEU,GERMANY,Fundings of start-ups,By technology,Clean energy,Later stage,2020,286778720,USD,3
DEU,GERMANY,Probability to receive funding,By technology,Clean energy,Later stage,2021,7.936507702,Percentage,567
DEU,GERMANY,Fundings of start-ups,By technology,Clean energy,Later stage,2021,466940480,USD,6
DEU,GERMANY,Fundings of start-ups,By technology,Clean energy,Later stage,2022,5.482573986,Years,572
DEU,GERMANY,Fundings of start-ups,By technology,Clean energy,Later stage,2022,300196704,USD,8
DEU,GERMANY,Probability to receive funding,By technology,Electric mobility,Later stage,2015,10.94736862,Percentage,39.58333206
DEU,GERMANY,Probability to receive funding,By technology,Electric mobility,Later stage,2016,10.48824596,Percentage,46.08333206
DEU,GERMANY,Probability to receive funding,By technology,Electric mobility,Later stage,2017,13.41107845,Percentage,57.16666794
DEU,GERMANY,Probability to receive funding,By technology,Electric mobility,Later stage,2018,13.09823704,Percentage,66.16666412
DEU,GERMANY,Probability to receive funding,By technology,Electric mobility,Later stage,2019,12.17798615,Percentage,71.16666412
DEU,GERMANY,Probability to receive funding,By technology,Electric mobility,Later stage,2020,11.4790287,Percentage,75.5
DEU,GERMANY,Probability to receive funding,By technology,Electric mobility,Later stage,2021,10.74380207,Percentage,80.66666412
DEU,GERMANY,Fundings of start-ups,By technology,Electric mobility,Later stage,2022,5.289069176,Years,80.66666412
DEU,GERMANY,Probability to receive funding,By technology,Energy efficiency,Later stage,2015,4.210526466,Percentage,158.3333282
DEU,GERMANY,Probability to receive funding,By technology,Energy efficiency,Later stage,2016,4.772152901,Percentage,178.1166687
DEU,GERMANY,Probability to receive funding,By technology,Energy efficiency,Later stage,2017,4.538500786,Percentage,196.1000061
DEU,GERMANY,Probability to receive funding,By technology,Energy efficiency,Later stage,2018,4.17317915,Percentage,213.2666626
DEU,GERMANY,Probability to receive funding,By technology,Energy efficiency,Later stage,2019,3.969964981,Percentage,224.1833344
DEU,GERMANY,Probability to receive funding,By technology,Energy efficiency,Later stage,2020,3.765601873,Percentage,236.3500061
DEU,GERMANY,Probability to receive funding,By technology,Energy efficiency,Later stage,2021,3.629936695,Percentage,245.1833344
DEU,GERMANY,Fundings of start-ups,By technology,Energy efficiency,Later stage,2022,6.311908245,Years,244.1833344
DEU,GERMANY,Probability to receive funding,By technology,Energy storage and batteries,Later stage,2015,12.06322765,Percentage,20.03333282
DEU,GERMANY,Probability to receive funding,By technology,Energy storage and batteries,Later stage,2016,12.57183933,Percentage,23.20000076
DEU,GERMANY,Probability to receive funding,By technology,Energy storage and batteries,Later stage,2017,12.52290821,Percentage,27.28333282
DEU,GERMANY,Probability to receive funding,By technology,Energy storage and batteries,Later stage,2018,11.66761494,Percentage,29.28333282
DEU,GERMANY,Probability to receive funding,By technology,Energy storage and batteries,Later stage,2019,12.06985092,Percentage,32.45000076
DEU,GERMANY,Probability to receive funding,By technology,Energy storage and batteries,Later stage,2020,11.88669682,Percentage,32.95000076
DEU,GERMANY,Probability to receive funding,By technology,Energy storage and batteries,Later stage,2021,11.10061455,Percentage,35.28333282
DEU,GERMANY,Fundings of start-ups,By technology,Energy storage and batteries,Later stage,2022,6.386368275,Years,35.28333282
DEU,GERMANY,Probability to receive funding,By technology,Fossil fuels,Later stage,2015,1.612903237,Percentage,36.16666794
DEU,GERMANY,Probability to receive funding,By technology,Fossil fuels,Later stage,2016,1.528384328,Percentage,38.16666794
DEU,GERMANY,Probability to receive funding,By technology,Fossil fuels,Later stage,2017,1.443298936,Percentage,40.41666794
DEU,GERMANY,Probability to receive funding,By technology,Fossil fuels,Later stage,2018,1.425661922,Percentage,40.91666794
DEU,GERMANY,Probability to receive funding,By technology,Fossil fuels,Later stage,2019,1.359223247,Percentage,42.91666794
DEU,GERMANY,Probability to receive funding,By technology,Fossil fuels,Later stage,2020,1.359223247,Percentage,42.91666794
DEU,GERMANY,Probability to receive funding,By technology,Fossil fuels,Later stage,2021,1.343570113,Percentage,43.41666794
DEU,GERMANY,Fundings of start-ups,By technology,Fossil fuels,Later stage,2022,7.975733757,Years,43.41666794
DEU,GERMANY,Probability to receive funding,By technology,Grid,Later stage,2015,1.962708592,Percentage,50.95000076
DEU,GERMANY,Probability to receive funding,By technology,Grid,Later stage,2016,1.850709438,Percentage,54.03333282
DEU,GERMANY,Probability to receive funding,By technology,Grid,Later stage,2017,2.227171421,Percentage,59.86666489
DEU,GERMANY,Probability to receive funding,By technology,Grid,Later stage,2018,2.227171421,Percentage,59.86666489
DEU,GERMANY,Probability to receive funding,By technology,Grid,Later stage,2019,2.548966885,Percentage,62.11666489
DEU,GERMANY,Probability to receive funding,By technology,Grid,Later stage,2020,2.508581877,Percentage,63.11666489
DEU,GERMANY,Probability to receive funding,By technology,Grid,Later stage,2021,2.475892544,Percentage,63.95000076
DEU,GERMANY,Fundings of start-ups,By technology,Grid,Later stage,2022,4.214852333,Years,63.95000076
DEU,GERMANY,Probability to receive funding,By technology,Hydrogen and fuel cells,Later stage,2015,28.125,Percentage,2.666666746
DEU,GERMANY,Probability to receive funding,By technology,Hydrogen and fuel cells,Later stage,2016,28.125,Percentage,2.666666746
DEU,GERMANY,Probability to receive funding,By technology,Hydrogen and fuel cells,Later stage,2017,21.95121956,Percentage,3.416666746
DEU,GERMANY,Probability to receive funding,By technology,Hydrogen and fuel cells,Later stage,2018,21.95121956,Percentage,3.416666746
DEU,GERMANY,Probability to receive funding,By technology,Hydrogen and fuel cells,Later stage,2019,19.14893532,Percentage,3.916666746
DEU,GERMANY,Probability to receive funding,By technology,Hydrogen and fuel cells,Later stage,2020,19.14893532,Percentage,3.916666746
DEU,GERMANY,Probability to receive funding,By technology,Hydrogen and fuel cells,Later stage,2021,15.25423717,Percentage,4.916666508
DEU,GERMANY,Fundings of start-ups,By technology,Hydrogen and fuel cells,Later stage,2022,7.021004677,Years,4.916666508
DEU,GERMANY,Fundings of start-ups,By technology,Non-clean energy,Later stage,2009,19307270,USD,1
DEU,GERMANY,Fundings of start-ups,By technology,Non-clean energy,Later stage,2017,13079126,USD,2
DEU,GERMANY,Fundings of start-ups,By technology,Non-clean energy,Later stage,2019,27168368,USD,1
DEU,GERMANY,Probability to receive funding,By technology,Non-clean energy,Later stage,2021,2.020201921,Percentage,495
DEU,GERMANY,Fundings of start-ups,By technology,Non-clean energy,Later stage,2021,87179064,USD,2
DEU,GERMANY,Fundings of start-ups,By technology,Non-clean energy,Later stage,2022,7634254,USD,1
DEU,GERMANY,Fundings of start-ups,By technology,Non-clean energy,Later stage,2022,5.880273819,Years,498
DEU,GERMANY,Probability to receive funding,By technology,Nuclear,Later stage,2015,0,Percentage,1
DEU,GERMANY,Probability to receive funding,By technology,Nuclear,Later stage,2016,0,Percentage,1
DEU,GERMANY,Probability to receive funding,By technology,Nuclear,Later stage,2017,0,Percentage,2
DEU,GERMANY,Probability to receive funding,By technology,Nuclear,Later stage,2018,0,Percentage,2
DEU,GERMANY,Probability to receive funding,By technology,Nuclear,Later stage,2019,0,Percentage,2
DEU,GERMANY,Probability to receive funding,By technology,Nuclear,Later stage,2020,0,Percentage,2
DEU,GERMANY,Probability to receive funding,By technology,Nuclear,Later stage,2021,0,Percentage,2
DEU,GERMANY,Probability to receive funding,By technology,Other energy,Later stage,2015,3.871731758,Percentage,182.9499969
DEU,GERMANY,Probability to receive funding,By technology,Other energy,Later stage,2016,4.04941082,Percentage,203.7333374
DEU,GERMANY,Probability to receive funding,By technology,Other energy,Later stage,2017,4.237354279,Percentage,213.1833344
DEU,GERMANY,Probability to receive funding,By technology,Other energy,Later stage,2018,4.041458607,Percentage,223.5166626
DEU,GERMANY,Probability to receive funding,By technology,Other energy,Later stage,2019,4.018468857,Percentage,231.0166626
DEU,GERMANY,Probability to receive funding,By technology,Other energy,Later stage,2020,4.043164253,Percentage,237.8500061
DEU,GERMANY,Probability to receive funding,By technology,Other energy,Later stage,2021,3.983156204,Percentage,241.4333344
DEU,GERMANY,Fundings of start-ups,By technology,Other energy,Later stage,2022,4.987426758,Years,241.4333344
DEU,GERMANY,Probability to receive funding,By technology,Other renewables,Later stage,2015,7.509557724,Percentage,122.0666656
DEU,GERMANY,Probability to receive funding,By technology,Other renewables,Later stage,2016,9.115883827,Percentage,133.4666595
DEU,GERMANY,Probability to receive funding,By technology,Other renewables,Later stage,2017,9.381859779,Percentage,144.25
DEU,GERMANY,Probability to receive funding,By technology,Other renewables,Later stage,2018,8.97733593,Percentage,150.75
DEU,GERMANY,Probability to receive funding,By technology,Other renewables,Later stage,2019,8.92243576,Percentage,160.0833282
DEU,GERMANY,Probability to receive funding,By technology,Other renewables,Later stage,2020,9.28392601,Percentage,166.4166718
DEU,GERMANY,Probability to receive funding,By technology,Other renewables,Later stage,2021,8.947875977,Percentage,172.6666718
DEU,GERMANY,Fundings of start-ups,By technology,Other renewables,Later stage,2022,5.48565197,Years,172.6666718
DEU,GERMANY,Probability to receive funding,By technology,Solar,Later stage,2015,4.022346497,Percentage,74.58333588
DEU,GERMANY,Probability to receive funding,By technology,Solar,Later stage,2016,4.979253292,Percentage,80.33333588
DEU,GERMANY,Probability to receive funding,By technology,Solar,Later stage,2017,5.686546326,Percentage,84.1166687
DEU,GERMANY,Probability to receive funding,By technology,Solar,Later stage,2018,5.586918354,Percentage,85.6166687
DEU,GERMANY,Probability to receive funding,By technology,Solar,Later stage,2019,5.549110413,Percentage,86.19999695
DEU,GERMANY,Probability to receive funding,By technology,Solar,Later stage,2020,6.070471287,Percentage,87.03333282
DEU,GERMANY,Probability to receive funding,By technology,Solar,Later stage,2021,5.900968075,Percentage,89.53333282
DEU,GERMANY,Fundings of start-ups,By technology,Solar,Later stage,2022,5.424199581,Years,89.53333282
DEU,GERMANY,Probability to receive funding,By technology,Wind,Later stage,2015,0,Percentage,10.58333302
DEU,GERMANY,Probability to receive funding,By technology,Wind,Later stage,2016,0,Percentage,11.11666679
DEU,GERMANY,Probability to receive funding,By technology,Wind,Later stage,2017,0,Percentage,11.11666679
DEU,GERMANY,Probability to receive funding,By technology,Wind,Later stage,2018,0,Percentage,11.11666679
DEU,GERMANY,Probability to receive funding,By technology,Wind,Later stage,2019,2.106741667,Percentage,11.86666679
DEU,GERMANY,Probability to receive funding,By technology,Wind,Later stage,2020,2.106741667,Percentage,11.86666679
DEU,GERMANY,Probability to receive funding,By technology,Wind,Later stage,2021,1.943005204,Percentage,12.86666679
DEU,GERMANY,Fundings of start-ups,By technology,Wind,Later stage,2022,3.534246683,Years,12.86666679
GHA,GHANA,Fundings of start-ups,"By sector (energy, green, digital)",Energy,Early stage,2003,1510.638306,USD,1
GHA,GHANA,Fundings of start-ups,"By sector (energy, green, digital)",Energy,Early stage,2015,3765745.75,USD,1
GHA,GHANA,Fundings of start-ups,"By sector (energy, green, digital)",Energy,Early stage,2016,4977717.5,USD,1
GHA,GHANA,Fundings of start-ups,"By sector (energy, green, digital)",Energy,Early stage,2017,15295213,USD,1
GHA,GHANA,Fundings of start-ups,"By sector (energy, green, digital)",Energy,Early stage,2019,108673.4688,USD,1
GHA,GHANA,Fundings of start-ups,"By sector (energy, green, digital)",Energy,Early stage,2020,1075.757568,USD,1
GHA,GHANA,Probability to receive funding,"By sector (energy, green, digital)",Energy,Early stage,2021,9.523809433,Percentage,21
GHA,GHANA,Fundings of start-ups,"By sector (energy, green, digital)",Energy,Early stage,2022,1.668493152,Years,21
GHA,GHANA,Fundings of start-ups,"By sector (energy, green, digital)",Energy and digital,Early stage,2003,1510.638306,USD,1
GHA,GHANA,Fundings of start-ups,"By sector (energy, green, digital)",Energy and digital,Early stage,2019,108673.4688,USD,1
GHA,GHANA,Fundings of start-ups,"By sector (energy, green, digital)",Energy and digital,Early stage,2020,1075.757568,USD,1
GHA,GHANA,Probability to receive funding,"By sector (energy, green, digital)",Energy and digital,Early stage,2021,12.5,Percentage,8
GHA,GHANA,Fundings of start-ups,"By sector (energy, green, digital)",Energy and digital,Early stage,2022,0.635616422,Years,8
GHA,GHANA,Fundings of start-ups,"By sector (energy, green, digital)",Energy and non-digital,Early stage,2015,3765745.75,USD,1
GHA,GHANA,Fundings of start-ups,"By sector (energy, green, digital)",Energy and non-digital,Early stage,2016,4977717.5,USD,1
GHA,GHANA,Fundings of start-ups,"By sector (energy, green, digital)",Energy and non-digital,Early stage,2017,15295213,USD,1
GHA,GHANA,Probability to receive funding,"By sector (energy, green, digital)",Energy and non-digital,Early stage,2021,7.692307472,Percentage,13
GHA,GHANA,Fundings of start-ups,"By sector (energy, green, digital)",Energy and non-digital,Early stage,2022,2.701369762,Years,13
GHA,GHANA,Fundings of start-ups,"By sector (energy, green, digital)",Non-energy,Early stage,2009,129878.0469,USD,1
GHA,GHANA,Fundings of start-ups,"By sector (energy, green, digital)",Non-energy,Early stage,2010,420898.2188,USD,3
GHA,GHANA,Fundings of start-ups,"By sector (energy, green, digital)",Non-energy,Early stage,2011,6191860.5,USD,1
GHA,GHANA,Fundings of start-ups,"By sector (energy, green, digital)",Non-energy,Early stage,2013,2393258.5,USD,1
GHA,GHANA,Fundings of start-ups,"By sector (energy, green, digital)",Non-energy,Early stage,2014,58839.77734,USD,1
GHA,GHANA,Fundings of start-ups,"By sector (energy, green, digital)",Non-energy,Early stage,2015,3236187.75,USD,4
GHA,GHANA,Fundings of start-ups,"By sector (energy, green, digital)",Non-energy,Early stage,2016,11969674,USD,10
GHA,GHANA,Fundings of start-ups,"By sector (energy, green, digital)",Non-energy,Early stage,2017,11890612,USD,6
GHA,GHANA,Fundings of start-ups,"By sector (energy, green, digital)",Non-energy,Early stage,2018,1665043.25,USD,6
GHA,GHANA,Fundings of start-ups,"By sector (energy, green, digital)",Non-energy,Early stage,2019,18045788,USD,12
GHA,GHANA,Fundings of start-ups,"By sector (energy, green, digital)",Non-energy,Early stage,2020,1250268,USD,6
GHA,GHANA,Fundings of start-ups,"By sector (energy, green, digital)",Non-energy,Early stage,2021,31029984,USD,13
GHA,GHANA,Probability to receive funding,"By sector (energy, green, digital)",Non-energy,Early stage,2021,11.82432461,Percentage,592
GHA,GHANA,Fundings of start-ups,"By sector (energy, green, digital)",Non-energy,Early stage,2022,53900000,USD,6
GHA,GHANA,Fundings of start-ups,"By sector (energy, green, digital)",Non-energy,Early stage,2022,1.667284489,Years,598
GHA,GHANA,Fundings of start-ups,"By sector (energy, green, digital)",Energy,Later stage,2019,27168368,USD,2
GHA,GHANA,Probability to receive funding,"By sector (energy, green, digital)",Energy,Later stage,2021,9.523809433,Percentage,21
GHA,GHANA,Fundings of start-ups,"By sector (energy, green, digital)",Energy,Later stage,2022,9.352054596,Years,21
GHA,GHANA,Probability to receive funding,"By sector (energy, green, digital)",Energy and digital,Later stage,2021,0,Percentage,8
GHA,GHANA,Fundings of start-ups,"By sector (energy, green, digital)",Energy and non-digital,Later stage,2019,27168368,USD,2
GHA,GHANA,Probability to receive funding,"By sector (energy, green, digital)",Energy and non-digital,Later stage,2021,15.38461494,Percentage,13
GHA,GHANA,Fundings of start-ups,"By sector (energy, green, digital)",Energy and non-digital,Later stage,2022,9.352054596,Years,13
GHA,GHANA,Fundings of start-ups,"By sector (energy, green, digital)",Non-energy,Later stage,2020,49168480,USD,3
GHA,GHANA,Probability to receive funding,"By sector (energy, green, digital)",Non-energy,Later stage,2021,1.013513565,Percentage,592
GHA,GHANA,Fundings of start-ups,"By sector (energy, green, digital)",Non-energy,Later stage,2022,30000000,USD,1
GHA,GHANA,Fundings of start-ups,"By sector (energy, green, digital)",Non-energy,Later stage,2022,4.848402023,Years,598
GHA,GHANA,Fundings of start-ups,By technology,Grid,all,2019,108673.4688,USD,1
GHA,GHANA,Fundings of start-ups,By technology,Other energy,all,2003,1510.638306,USD,1
GHA,GHANA,Fundings of start-ups,By technology,Other energy,all,2015,1882872.875,USD,0.5
GHA,GHANA,Fundings of start-ups,By technology,Other energy,all,2016,3357065.25,USD,1
GHA,GHANA,Fundings of start-ups,By technology,Other energy,all,2017,7647606.5,USD,0.5
GHA,GHANA,Fundings of start-ups,By technology,Other energy,all,2019,18474490,USD,2
GHA,GHANA,Fundings of start-ups,By technology,Other energy,all,2020,1075.757568,USD,1
GHA,GHANA,Fundings of start-ups,By technology,Solar,all,2015,1882872.875,USD,0.5
GHA,GHANA,Fundings of start-ups,By technology,Solar,all,2016,3357065.25,USD,1
GHA,GHANA,Fundings of start-ups,By technology,Solar,all,2017,7647606.5,USD,0.5
GHA,GHANA,Fundings of start-ups,By technology,Solar,all,2019,18474490,USD,2
GHA,GHANA,Probability to receive funding,By technology,Clean energy,Early stage,2021,0,Percentage,9
GHA,GHANA,Probability to receive funding,By technology,Electric mobility,Early stage,2021,0,Percentage,1.5
GHA,GHANA,Probability to receive funding,By technology,Energy efficiency,Early stage,2015,0,Percentage,1.25
GHA,GHANA,Probability to receive funding,By technology,Energy efficiency,Early stage,2016,0,Percentage,1.25
GHA,GHANA,Probability to receive funding,By technology,Energy efficiency,Early stage,2017,0,Percentage,1.25
GHA,GHANA,Probability to receive funding,By technology,Energy efficiency,Early stage,2018,0,Percentage,1.25
GHA,GHANA,Probability to receive funding,By technology,Energy efficiency,Early stage,2019,0,Percentage,1.25
GHA,GHANA,Probability to receive funding,By technology,Energy efficiency,Early stage,2020,0,Percentage,1.25
GHA,GHANA,Probability to receive funding,By technology,Energy efficiency,Early stage,2021,0,Percentage,1.75
GHA,GHANA,Probability to receive funding,By technology,Fossil fuels,Early stage,2015,0,Percentage,2
GHA,GHANA,Probability to receive funding,By technology,Fossil fuels,Early stage,2016,0,Percentage,2
GHA,GHANA,Probability to receive funding,By technology,Fossil fuels,Early stage,2017,0,Percentage,2
GHA,GHANA,Probability to receive funding,By technology,Fossil fuels,Early stage,2018,0,Percentage,3
GHA,GHANA,Probability to receive funding,By technology,Fossil fuels,Early stage,2019,0,Percentage,5
GHA,GHANA,Probability to receive funding,By technology,Fossil fuels,Early stage,2020,0,Percentage,6
GHA,GHANA,Probability to receive funding,By technology,Fossil fuels,Early stage,2021,0,Percentage,6
GHA,GHANA,Probability to receive funding,By technology,Grid,Early stage,2015,0,Percentage,0.916666687
GHA,GHANA,Probability to receive funding,By technology,Grid,Early stage,2016,0,Percentage,0.916666687
GHA,GHANA,Probability to receive funding,By technology,Grid,Early stage,2017,0,Percentage,0.916666687
GHA,GHANA,Probability to receive funding,By technology,Grid,Early stage,2018,0,Percentage,0.916666687
GHA,GHANA,Probability to receive funding,By technology,Grid,Early stage,2019,52.17391205,Percentage,1.916666627
GHA,GHANA,Probability to receive funding,By technology,Grid,Early stage,2020,52.17391205,Percentage,1.916666627
GHA,GHANA,Probability to receive funding,By technology,Grid,Early stage,2021,52.17391205,Percentage,1.916666627
GHA,GHANA,Fundings of start-ups,By technology,Non-clean energy,Early stage,2003,1510.638306,USD,1
GHA,GHANA,Fundings of start-ups,By technology,Non-clean energy,Early stage,2015,3765745.75,USD,1
GHA,GHANA,Fundings of start-ups,By technology,Non-clean energy,Early stage,2016,4977717.5,USD,1
GHA,GHANA,Fundings of start-ups,By technology,Non-clean energy,Early stage,2017,15295213,USD,1
GHA,GHANA,Fundings of start-ups,By technology,Non-clean energy,Early stage,2019,108673.4688,USD,1
GHA,GHANA,Fundings of start-ups,By technology,Non-clean energy,Early stage,2020,1075.757568,USD,1
GHA,GHANA,Probability to receive funding,By technology,Non-clean energy,Early stage,2021,16.66666603,Percentage,12
GHA,GHANA,Fundings of start-ups,By technology,Non-clean energy,Early stage,2022,1.668493152,Years,12
GHA,GHANA,Probability to receive funding,By technology,Other energy,Early stage,2015,19.35483932,Percentage,2.583333254
GHA,GHANA,Probability to receive funding,By technology,Other energy,Early stage,2016,19.35483932,Percentage,2.583333254
GHA,GHANA,Probability to receive funding,By technology,Other energy,Early stage,2017,16.21621704,Percentage,3.083333254
GHA,GHANA,Probability to receive funding,By technology,Other energy,Early stage,2018,16.21621704,Percentage,3.083333254
GHA,GHANA,Probability to receive funding,By technology,Other energy,Early stage,2019,16.21621704,Percentage,3.083333254
GHA,GHANA,Probability to receive funding,By technology,Other energy,Early stage,2020,16.21621704,Percentage,3.083333254
GHA,GHANA,Probability to receive funding,By technology,Other energy,Early stage,2021,16.21621704,Percentage,3.083333254
GHA,GHANA,Probability to receive funding,By technology,Other renewables,Early stage,2015,0,Percentage,1.25
GHA,GHANA,Probability to receive funding,By technology,Other renewables,Early stage,2016,0,Percentage,2.25
GHA,GHANA,Probability to receive funding,By technology,Other renewables,Early stage,2017,0,Percentage,2.75
GHA,GHANA,Probability to receive funding,By technology,Other renewables,Early stage,2018,0,Percentage,2.75
GHA,GHANA,Probability to receive funding,By technology,Other renewables,Early stage,2019,0,Percentage,2.75
GHA,GHANA,Probability to receive funding,By technology,Other renewables,Early stage,2020,0,Percentage,2.75
GHA,GHANA,Probability to receive funding,By technology,Other renewables,Early stage,2021,0,Percentage,2.75
GHA,GHANA,Probability to receive funding,By technology,Solar,Early stage,2015,50,Percentage,1
GHA,GHANA,Probability to receive funding,By technology,Solar,Early stage,2016,50,Percentage,1
GHA,GHANA,Probability to receive funding,By technology,Solar,Early stage,2017,50,Percentage,1
GHA,GHANA,Probability to receive funding,By technology,Solar,Early stage,2018,25,Percentage,2
GHA,GHANA,Probability to receive funding,By technology,Solar,Early stage,2019,25,Percentage,2
GHA,GHANA,Probability to receive funding,By technology,Solar,Early stage,2020,16.66666603,Percentage,3
GHA,GHANA,Probability to receive funding,By technology,Solar,Early stage,2021,16.66666603,Percentage,3
GHA,GHANA,Probability to receive funding,By technology,Clean energy,Later stage,2021,0,Percentage,9
GHA,GHANA,Probability to receive funding,By technology,Electric mobility,Later stage,2021,0,Percentage,1.5
GHA,GHANA,Probability to receive funding,By technology,Energy efficiency,Later stage,2015,0,Percentage,1.25
GHA,GHANA,Probability to receive funding,By technology,Energy efficiency,Later stage,2016,0,Percentage,1.25
GHA,GHANA,Probability to receive funding,By technology,Energy efficiency,Later stage,2017,0,Percentage,1.25
GHA,GHANA,Probability to receive funding,By technology,Energy efficiency,Later stage,2018,0,Percentage,1.25
GHA,GHANA,Probability to receive funding,By technology,Energy efficiency,Later stage,2019,0,Percentage,1.25
GHA,GHANA,Probability to receive funding,By technology,Energy efficiency,Later stage,2020,0,Percentage,1.25
GHA,GHANA,Probability to receive funding,By technology,Energy efficiency,Later stage,2021,0,Percentage,1.75
GHA,GHANA,Probability to receive funding,By technology,Fossil fuels,Later stage,2015,25,Percentage,2
GHA,GHANA,Probability to receive funding,By technology,Fossil fuels,Later stage,2016,25,Percentage,2
GHA,GHANA,Probability to receive funding,By technology,Fossil fuels,Later stage,2017,25,Percentage,2
GHA,GHANA,Probability to receive funding,By technology,Fossil fuels,Later stage,2018,16.66666603,Percentage,3
GHA,GHANA,Probability to receive funding,By technology,Fossil fuels,Later stage,2019,10,Percentage,5
GHA,GHANA,Probability to receive funding,By technology,Fossil fuels,Later stage,2020,8.333333015,Percentage,6
GHA,GHANA,Probability to receive funding,By technology,Fossil fuels,Later stage,2021,8.333333015,Percentage,6
GHA,GHANA,Probability to receive funding,By technology,Grid,Later stage,2015,0,Percentage,0.916666687
GHA,GHANA,Probability to receive funding,By technology,Grid,Later stage,2016,0,Percentage,0.916666687
GHA,GHANA,Probability to receive funding,By technology,Grid,Later stage,2017,0,Percentage,0.916666687
GHA,GHANA,Probability to receive funding,By technology,Grid,Later stage,2018,0,Percentage,0.916666687
GHA,GHANA,Probability to receive funding,By technology,Grid,Later stage,2019,0,Percentage,1.916666627
GHA,GHANA,Probability to receive funding,By technology,Grid,Later stage,2020,0,Percentage,1.916666627
GHA,GHANA,Probability to receive funding,By technology,Grid,Later stage,2021,0,Percentage,1.916666627
GHA,GHANA,Fundings of start-ups,By technology,Non-clean energy,Later stage,2019,27168368,USD,2
GHA,GHANA,Probability to receive funding,By technology,Non-clean energy,Later stage,2021,16.66666603,Percentage,12
GHA,GHANA,Fundings of start-ups,By technology,Non-clean energy,Later stage,2022,9.352054596,Years,12
GHA,GHANA,Probability to receive funding,By technology,Other energy,Later stage,2015,38.70967865,Percentage,2.583333254
GHA,GHANA,Probability to receive funding,By technology,Other energy,Later stage,2016,38.70967865,Percentage,2.583333254
GHA,GHANA,Probability to receive funding,By technology,Other energy,Later stage,2017,32.43243408,Percentage,3.083333254
GHA,GHANA,Probability to receive funding,By technology,Other energy,Later stage,2018,32.43243408,Percentage,3.083333254
GHA,GHANA,Probability to receive funding,By technology,Other energy,Later stage,2019,32.43243408,Percentage,3.083333254
GHA,GHANA,Probability to receive funding,By technology,Other energy,Later stage,2020,32.43243408,Percentage,3.083333254
GHA,GHANA,Probability to receive funding,By technology,Other energy,Later stage,2021,32.43243408,Percentage,3.083333254
GHA,GHANA,Probability to receive funding,By technology,Other renewables,Later stage,2015,0,Percentage,1.25
GHA,GHANA,Probability to receive funding,By technology,Other renewables,Later stage,2016,0,Percentage,2.25
GHA,GHANA,Probability to receive funding,By technology,Other renewables,Later stage,2017,0,Percentage,2.75
GHA,GHANA,Probability to receive funding,By technology,Other renewables,Later stage,2018,0,Percentage,2.75
GHA,GHANA,Probability to receive funding,By technology,Other renewables,Later stage,2019,0,Percentage,2.75
GHA,GHANA,Probability to receive funding,By technology,Other renewables,Later stage,2020,0,Percentage,2.75
GHA,GHANA,Probability to receive funding,By technology,Other renewables,Later stage,2021,0,Percentage,2.75
GHA,GHANA,Probability to receive funding,By technology,Solar,Later stage,2015,50,Percentage,1
GHA,GHANA,Probability to receive funding,By technology,Solar,Later stage,2016,50,Percentage,1
GHA,GHANA,Probability to receive funding,By technology,Solar,Later stage,2017,50,Percentage,1
GHA,GHANA,Probability to receive funding,By technology,Solar,Later stage,2018,25,Percentage,2
GHA,GHANA,Probability to receive funding,By technology,Solar,Later stage,2019,25,Percentage,2
GHA,GHANA,Probability to receive funding,By technology,Solar,Later stage,2020,16.66666603,Percentage,3
GHA,GHANA,Probability to receive funding,By technology,Solar,Later stage,2021,16.66666603,Percentage,3
GIB,GIBRALTAR,Probability to receive funding,"By sector (energy, green, digital)",Energy,Early stage,2021,0,Percentage,2
GIB,GIBRALTAR,Probability to receive funding,"By sector (energy, green, digital)",Energy and non-digital,Early stage,2021,0,Percentage,2
GIB,GIBRALTAR,Fundings of start-ups,"By sector (energy, green, digital)",Non-energy,Early stage,2010,10841317,USD,1
GIB,GIBRALTAR,Fundings of start-ups,"By sector (energy, green, digital)",Non-energy,Early stage,2016,347282.5938,USD,1
GIB,GIBRALTAR,Fundings of start-ups,"By sector (energy, green, digital)",Non-energy,Early stage,2017,2062021.25,USD,2
GIB,GIBRALTAR,Fundings of start-ups,"By sector (energy, green, digital)",Non-energy,Early stage,2018,11204688,USD,4
GIB,GIBRALTAR,Fundings of start-ups,"By sector (energy, green, digital)",Non-energy,Early stage,2019,19398214,USD,4
GIB,GIBRALTAR,Fundings of start-ups,"By sector (energy, green, digital)",Non-energy,Early stage,2020,2347248.25,USD,2
GIB,GIBRALTAR,Probability to receive funding,"By sector (energy, green, digital)",Non-energy,Early stage,2021,13.79310322,Percentage,116
GIB,GIBRALTAR,Fundings of start-ups,"By sector (energy, green, digital)",Non-energy,Early stage,2021,10358024,USD,4
GIB,GIBRALTAR,Fundings of start-ups,"By sector (energy, green, digital)",Non-energy,Early stage,2022,1.565296769,Years,118
GIB,GIBRALTAR,Fundings of start-ups,"By sector (energy, green, digital)",Non-energy,Early stage,2022,7627106,USD,1
GIB,GIBRALTAR,Probability to receive funding,"By sector (energy, green, digital)",Energy,Later stage,2021,0,Percentage,2
GIB,GIBRALTAR,Probability to receive funding,"By sector (energy, green, digital)",Energy and non-digital,Later stage,2021,0,Percentage,2
GIB,GIBRALTAR,Fundings of start-ups,"By sector (energy, green, digital)",Non-energy,Later stage,2011,12916112,USD,2
GIB,GIBRALTAR,Fundings of start-ups,"By sector (energy, green, digital)",Non-energy,Later stage,2015,16475138,USD,1
GIB,GIBRALTAR,Probability to receive funding,"By sector (energy, green, digital)",Non-energy,Later stage,2021,3.448275805,Percentage,116
GIB,GIBRALTAR,Fundings of start-ups,"By sector (energy, green, digital)",Non-energy,Later stage,2022,2.468493223,Years,118
GIB,GIBRALTAR,Probability to receive funding,By technology,Clean energy,Early stage,2021,0,Percentage,1
GIB,GIBRALTAR,Probability to receive funding,By technology,Fossil fuels,Early stage,2015,0,Percentage,0.5
GIB,GIBRALTAR,Probability to receive funding,By technology,Fossil fuels,Early stage,2016,0,Percentage,0.5
GIB,GIBRALTAR,Probability to receive funding,By technology,Fossil fuels,Early stage,2017,0,Percentage,0.5
GIB,GIBRALTAR,Probability to receive funding,By technology,Fossil fuels,Early stage,2018,0,Percentage,0.5
GIB,GIBRALTAR,Probability to receive funding,By technology,Fossil fuels,Early stage,2019,0,Percentage,0.5
GIB,GIBRALTAR,Probability to receive funding,By technology,Fossil fuels,Early stage,2020,0,Percentage,0.5
GIB,GIBRALTAR,Probability to receive funding,By technology,Fossil fuels,Early stage,2021,0,Percentage,0.5
GIB,GIBRALTAR,Probability to receive funding,By technology,Non-clean energy,Early stage,2021,0,Percentage,1
GIB,GIBRALTAR,Probability to receive funding,By technology,Other energy,Early stage,2015,0,Percentage,0.5
GIB,GIBRALTAR,Probability to receive funding,By technology,Other energy,Early stage,2016,0,Percentage,0.5
GIB,GIBRALTAR,Probability to receive funding,By technology,Other energy,Early stage,2017,0,Percentage,0.5
GIB,GIBRALTAR,Probability to receive funding,By technology,Other energy,Early stage,2018,0,Percentage,0.5
GIB,GIBRALTAR,Probability to receive funding,By technology,Other energy,Early stage,2019,0,Percentage,0.5
GIB,GIBRALTAR,Probability to receive funding,By technology,Other energy,Early stage,2020,0,Percentage,0.5
GIB,GIBRALTAR,Probability to receive funding,By technology,Other energy,Early stage,2021,0,Percentage,0.5
GIB,GIBRALTAR,Probability to receive funding,By technology,Other renewables,Early stage,2015,0,Percentage,1
GIB,GIBRALTAR,Probability to receive funding,By technology,Other renewables,Early stage,2016,0,Percentage,1
GIB,GIBRALTAR,Probability to receive funding,By technology,Other renewables,Early stage,2017,0,Percentage,1
GIB,GIBRALTAR,Probability to receive funding,By technology,Other renewables,Early stage,2018,0,Percentage,1
GIB,GIBRALTAR,Probability to receive funding,By technology,Other renewables,Early stage,2019,0,Percentage,1
GIB,GIBRALTAR,Probability to receive funding,By technology,Other renewables,Early stage,2020,0,Percentage,1
GIB,GIBRALTAR,Probability to receive funding,By technology,Other renewables,Early stage,2021,0,Percentage,1
GIB,GIBRALTAR,Probability to receive funding,By technology,Clean energy,Later stage,2021,0,Percentage,1
GIB,GIBRALTAR,Probability to receive funding,By technology,Fossil fuels,Later stage,2015,0,Percentage,0.5
GIB,GIBRALTAR,Probability to receive funding,By technology,Fossil fuels,Later stage,2016,0,Percentage,0.5
GIB,GIBRALTAR,Probability to receive funding,By technology,Fossil fuels,Later stage,2017,0,Percentage,0.5
GIB,GIBRALTAR,Probability to receive funding,By technology,Fossil fuels,Later stage,2018,0,Percentage,0.5
GIB,GIBRALTAR,Probability to receive funding,By technology,Fossil fuels,Later stage,2019,0,Percentage,0.5
GIB,GIBRALTAR,Probability to receive funding,By technology,Fossil fuels,Later stage,2020,0,Percentage,0.5
GIB,GIBRALTAR,Probability to receive funding,By technology,Fossil fuels,Later stage,2021,0,Percentage,0.5
GIB,GIBRALTAR,Probability to receive funding,By technology,Non-clean energy,Later stage,2021,0,Percentage,1
GIB,GIBRALTAR,Probability to receive funding,By technology,Other energy,Later stage,2015,0,Percentage,0.5
GIB,GIBRALTAR,Probability to receive funding,By technology,Other energy,Later stage,2016,0,Percentage,0.5
GIB,GIBRALTAR,Probability to receive funding,By technology,Other energy,Later stage,2017,0,Percentage,0.5
GIB,GIBRALTAR,Probability to receive funding,By technology,Other energy,Later stage,2018,0,Percentage,0.5
GIB,GIBRALTAR,Probability to receive funding,By technology,Other energy,Later stage,2019,0,Percentage,0.5
GIB,GIBRALTAR,Probability to receive funding,By technology,Other energy,Later stage,2020,0,Percentage,0.5
GIB,GIBRALTAR,Probability to receive funding,By technology,Other energy,Later stage,2021,0,Percentage,0.5
GIB,GIBRALTAR,Probability to receive funding,By technology,Other renewables,Later stage,2015,0,Percentage,1
GIB,GIBRALTAR,Probability to receive funding,By technology,Other renewables,Later stage,2016,0,Percentage,1
GIB,GIBRALTAR,Probability to receive funding,By technology,Other renewables,Later stage,2017,0,Percentage,1
GIB,GIBRALTAR,Probability to receive funding,By technology,Other renewables,Later stage,2018,0,Percentage,1
GIB,GIBRALTAR,Probability to receive funding,By technology,Other renewables,Later stage,2019,0,Percentage,1
GIB,GIBRALTAR,Probability to receive funding,By technology,Other renewables,Later stage,2020,0,Percentage,1
GIB,GIBRALTAR,Probability to receive funding,By technology,Other renewables,Later stage,2021,0,Percentage,1
GRC,GREECE,Fundings of start-ups,"By sector (energy, green, digital)",Energy,Early stage,2014,22335.58008,USD,1
GRC,GREECE,Fundings of start-ups,"By sector (energy, green, digital)",Energy,Early stage,2021,925922.3125,USD,1
GRC,GREECE,Probability to receive funding,"By sector (energy, green, digital)",Energy,Early stage,2021,5.479452133,Percentage,73
GRC,GREECE,Fundings of start-ups,"By sector (energy, green, digital)",Energy,Early stage,2022,0.806164384,Years,73
GRC,GREECE,Fundings of start-ups,"By sector (energy, green, digital)",Energy and digital,Early stage,2014,22335.58008,USD,1
GRC,GREECE,Fundings of start-ups,"By sector (energy, green, digital)",Energy and digital,Early stage,2021,925922.3125,USD,1
GRC,GREECE,Probability to receive funding,"By sector (energy, green, digital)",Energy and digital,Early stage,2021,18.18181801,Percentage,22
GRC,GREECE,Fundings of start-ups,"By sector (energy, green, digital)",Energy and digital,Early stage,2022,0.806164384,Years,22
GRC,GREECE,Probability to receive funding,"By sector (energy, green, digital)",Energy and non-digital,Early stage,2021,0,Percentage,51
GRC,GREECE,Fundings of start-ups,"By sector (energy, green, digital)",Non-energy,Early stage,2001,279990.0625,USD,1
GRC,GREECE,Fundings of start-ups,"By sector (energy, green, digital)",Non-energy,Early stage,2007,113909.4531,USD,1
GRC,GREECE,Fundings of start-ups,"By sector (energy, green, digital)",Non-energy,Early stage,2009,10246214,USD,2
GRC,GREECE,Fundings of start-ups,"By sector (energy, green, digital)",Non-energy,Early stage,2010,134549.6719,USD,2
GRC,GREECE,Fundings of start-ups,"By sector (energy, green, digital)",Non-energy,Early stage,2011,5885039,USD,7
GRC,GREECE,Fundings of start-ups,"By sector (energy, green, digital)",Non-energy,Early stage,2012,718864.125,USD,2
GRC,GREECE,Fundings of start-ups,"By sector (energy, green, digital)",Non-energy,Early stage,2013,10516115,USD,22
GRC,GREECE,Fundings of start-ups,"By sector (energy, green, digital)",Non-energy,Early stage,2014,18012828,USD,21
GRC,GREECE,Fundings of start-ups,"By sector (energy, green, digital)",Non-energy,Early stage,2015,7323041,USD,16
GRC,GREECE,Fundings of start-ups,"By sector (energy, green, digital)",Non-energy,Early stage,2016,16816534,USD,21
GRC,GREECE,Fundings of start-ups,"By sector (energy, green, digital)",Non-energy,Early stage,2017,10096346,USD,10
GRC,GREECE,Fundings of start-ups,"By sector (energy, green, digital)",Non-energy,Early stage,2018,4761130,USD,9
GRC,GREECE,Fundings of start-ups,"By sector (energy, green, digital)",Non-energy,Early stage,2019,16678596,USD,11
GRC,GREECE,Fundings of start-ups,"By sector (energy, green, digital)",Non-energy,Early stage,2020,25414068,USD,17
GRC,GREECE,Fundings of start-ups,"By sector (energy, green, digital)",Non-energy,Early stage,2021,14452265,USD,5
GRC,GREECE,Probability to receive funding,"By sector (energy, green, digital)",Non-energy,Early stage,2021,8.532176018,Percentage,1383
GRC,GREECE,Fundings of start-ups,"By sector (energy, green, digital)",Non-energy,Early stage,2022,1.671513915,Years,1386
GRC,GREECE,Fundings of start-ups,"By sector (energy, green, digital)",Non-energy,Early stage,2022,112833048,USD,4
GRC,GREECE,Probability to receive funding,"By sector (energy, green, digital)",Energy,Later stage,2021,1.369863033,Percentage,73
GRC,GREECE,Fundings of start-ups,"By sector (energy, green, digital)",Energy,Later stage,2022,10.13150692,Years,73
GRC,GREECE,Probability to receive funding,"By sector (energy, green, digital)",Energy and digital,Later stage,2021,0,Percentage,22
GRC,GREECE,Probability to receive funding,"By sector (energy, green, digital)",Energy and non-digital,Later stage,2021,1.960784316,Percentage,51
GRC,GREECE,Fundings of start-ups,"By sector (energy, green, digital)",Energy and non-digital,Later stage,2022,10.13150692,Years,51
GRC,GREECE,Fundings of start-ups,"By sector (energy, green, digital)",Non-energy,Later stage,2013,2393258.5,USD,1
GRC,GREECE,Fundings of start-ups,"By sector (energy, green, digital)",Non-energy,Later stage,2017,4616745.5,USD,2
GRC,GREECE,Fundings of start-ups,"By sector (energy, green, digital)",Non-energy,Later stage,2018,20212596,USD,1
GRC,GREECE,Fundings of start-ups,"By sector (energy, green, digital)",Non-energy,Later stage,2019,365957.9063,USD,1
GRC,GREECE,Fundings of start-ups,"By sector (energy, green, digital)",Non-energy,Later stage,2020,102250136,USD,2
GRC,GREECE,Probability to receive funding,"By sector (energy, green, digital)",Non-energy,Later stage,2021,0.939985514,Percentage,1383
GRC,GREECE,Fundings of start-ups,"By sector (energy, green, digital)",Non-energy,Later stage,2021,82318840,USD,1
GRC,GREECE,Fundings of start-ups,"By sector (energy, green, digital)",Non-energy,Later stage,2022,3.11253953,Years,1386
GRC,GREECE,Fundings of start-ups,By technology,Electric mobility,all,2021,2144394.5,USD,2
GRC,GREECE,Fundings of start-ups,By technology,Other energy,all,2014,22335.58008,USD,1
GRC,GREECE,Probability to receive funding,By technology,Bioenergy,Early stage,2015,0,Percentage,1.5
GRC,GREECE,Probability to receive funding,By technology,Bioenergy,Early stage,2016,0,Percentage,1.5
GRC,GREECE,Probability to receive funding,By technology,Bioenergy,Early stage,2017,0,Percentage,1.5
GRC,GREECE,Probability to receive funding,By technology,Bioenergy,Early stage,2018,0,Percentage,1.5
GRC,GREECE,Probability to receive funding,By technology,Bioenergy,Early stage,2019,0,Percentage,1.5
GRC,GREECE,Probability to receive funding,By technology,Bioenergy,Early stage,2020,0,Percentage,1.5
GRC,GREECE,Probability to receive funding,By technology,Bioenergy,Early stage,2021,0,Percentage,1.5
GRC,GREECE,Fundings of start-ups,By technology,Clean energy,Early stage,2021,925922.3125,USD,1
GRC,GREECE,Probability to receive funding,By technology,Clean energy,Early stage,2021,5,Percentage,40
GRC,GREECE,Fundings of start-ups,By technology,Clean energy,Early stage,2022,0.206849322,Years,40
GRC,GREECE,Probability to receive funding,By technology,Electric mobility,Early stage,2018,0,Percentage,0.5
GRC,GREECE,Probability to receive funding,By technology,Electric mobility,Early stage,2019,0,Percentage,0.5
GRC,GREECE,Probability to receive funding,By technology,Electric mobility,Early stage,2020,40,Percentage,0.833333313
GRC,GREECE,Probability to receive funding,By technology,Electric mobility,Early stage,2021,72.72727203,Percentage,1.833333373
GRC,GREECE,Probability to receive funding,By technology,Energy efficiency,Early stage,2015,0,Percentage,12.25
GRC,GREECE,Probability to receive funding,By technology,Energy efficiency,Early stage,2016,0,Percentage,13.25
GRC,GREECE,Probability to receive funding,By technology,Energy efficiency,Early stage,2017,0,Percentage,13.75
GRC,GREECE,Probability to receive funding,By technology,Energy efficiency,Early stage,2018,0,Percentage,13.75
GRC,GREECE,Probability to receive funding,By technology,Energy efficiency,Early stage,2019,0,Percentage,13.75
GRC,GREECE,Probability to receive funding,By technology,Energy efficiency,Early stage,2020,2.366863966,Percentage,14.08333302
GRC,GREECE,Probability to receive funding,By technology,Energy efficiency,Early stage,2021,2.366863966,Percentage,14.08333302
GRC,GREECE,Probability to receive funding,By technology,Energy storage and batteries,Early stage,2015,0,Percentage,0.285714298
GRC,GREECE,Probability to receive funding,By technology,Energy storage and batteries,Early stage,2016,0,Percentage,0.285714298
GRC,GREECE,Probability to receive funding,By technology,Energy storage and batteries,Early stage,2017,0,Percentage,0.285714298
GRC,GREECE,Probability to receive funding,By technology,Energy storage and batteries,Early stage,2018,0,Percentage,0.285714298
GRC,GREECE,Probability to receive funding,By technology,Energy storage and batteries,Early stage,2019,0,Percentage,0.285714298
GRC,GREECE,Probability to receive funding,By technology,Energy storage and batteries,Early stage,2020,0,Percentage,0.285714298
GRC,GREECE,Probability to receive funding,By technology,Energy storage and batteries,Early stage,2021,0,Percentage,0.285714298
GRC,GREECE,Probability to receive funding,By technology,Fossil fuels,Early stage,2015,0,Percentage,4.25
GRC,GREECE,Probability to receive funding,By technology,Fossil fuels,Early stage,2016,0,Percentage,4.25
GRC,GREECE,Probability to receive funding,By technology,Fossil fuels,Early stage,2017,0,Percentage,4.25
GRC,GREECE,Probability to receive funding,By technology,Fossil fuels,Early stage,2018,0,Percentage,4.25
GRC,GREECE,Probability to receive funding,By technology,Fossil fuels,Early stage,2019,0,Percentage,4.25
GRC,GREECE,Probability to receive funding,By technology,Fossil fuels,Early stage,2020,0,Percentage,4.25
GRC,GREECE,Probability to receive funding,By technology,Fossil fuels,Early stage,2021,0,Percentage,4.25
GRC,GREECE,Probability to receive funding,By technology,Grid,Early stage,2015,0,Percentage,4.75
GRC,GREECE,Probability to receive funding,By technology,Grid,Early stage,2016,0,Percentage,4.75
GRC,GREECE,Probability to receive funding,By technology,Grid,Early stage,2017,0,Percentage,4.75
GRC,GREECE,Probability to receive funding,By technology,Grid,Early stage,2018,0,Percentage,4.75
GRC,GREECE,Probability to receive funding,By technology,Grid,Early stage,2019,0,Percentage,4.75
GRC,GREECE,Probability to receive funding,By technology,Grid,Early stage,2020,0,Percentage,4.75
GRC,GREECE,Probability to receive funding,By technology,Grid,Early stage,2021,0,Percentage,4.75
GRC,GREECE,Fundings of start-ups,By technology,Non-clean energy,Early stage,2014,22335.58008,USD,1
GRC,GREECE,Probability to receive funding,By technology,Non-clean energy,Early stage,2021,6.060606003,Percentage,33
GRC,GREECE,Fundings of start-ups,By technology,Non-clean energy,Early stage,2022,1.405479431,Years,33
GRC,GREECE,Probability to receive funding,By technology,Other energy,Early stage,2015,5.668015957,Percentage,17.6428566
GRC,GREECE,Probability to receive funding,By technology,Other energy,Early stage,2016,5.668015957,Percentage,17.6428566
GRC,GREECE,Probability to receive funding,By technology,Other energy,Early stage,2017,10.18181801,Percentage,19.6428566
GRC,GREECE,Probability to receive funding,By technology,Other energy,Early stage,2018,9.929078102,Percentage,20.1428566
GRC,GREECE,Probability to receive funding,By technology,Other energy,Early stage,2019,9.929078102,Percentage,20.1428566
GRC,GREECE,Probability to receive funding,By technology,Other energy,Early stage,2020,9.929078102,Percentage,20.1428566
GRC,GREECE,Probability to receive funding,By technology,Other energy,Early stage,2021,9.929078102,Percentage,20.1428566
GRC,GREECE,Fundings of start-ups,By technology,Other energy,Early stage,2022,1.405479431,Years,20.1428566
GRC,GREECE,Probability to receive funding,By technology,Other renewables,Early stage,2015,0,Percentage,9.869047165
GRC,GREECE,Probability to receive funding,By technology,Other renewables,Early stage,2016,0,Percentage,9.869047165
GRC,GREECE,Probability to receive funding,By technology,Other renewables,Early stage,2017,0,Percentage,9.869047165
GRC,GREECE,Probability to receive funding,By technology,Other renewables,Early stage,2018,0,Percentage,10.86904716
GRC,GREECE,Probability to receive funding,By technology,Other renewables,Early stage,2019,0,Percentage,10.86904716
GRC,GREECE,Probability to receive funding,By technology,Other renewables,Early stage,2020,2.731707335,Percentage,12.20238113
GRC,GREECE,Probability to receive funding,By technology,Other renewables,Early stage,2021,2.731707335,Percentage,12.20238113
GRC,GREECE,Probability to receive funding,By technology,Solar,Early stage,2015,0,Percentage,9.726190567
GRC,GREECE,Probability to receive funding,By technology,Solar,Early stage,2016,0,Percentage,9.726190567
GRC,GREECE,Probability to receive funding,By technology,Solar,Early stage,2017,0,Percentage,10.22619057
GRC,GREECE,Probability to receive funding,By technology,Solar,Early stage,2018,0,Percentage,10.22619057
GRC,GREECE,Probability to receive funding,By technology,Solar,Early stage,2019,0,Percentage,10.22619057
GRC,GREECE,Probability to receive funding,By technology,Solar,Early stage,2020,0,Percentage,10.22619057
GRC,GREECE,Probability to receive funding,By technology,Solar,Early stage,2021,0,Percentage,10.22619057
GRC,GREECE,Probability to receive funding,By technology,Wind,Early stage,2015,0,Percentage,0.726190448
GRC,GREECE,Probability to receive funding,By technology,Wind,Early stage,2016,0,Percentage,0.726190448
GRC,GREECE,Probability to receive funding,By technology,Wind,Early stage,2017,0,Percentage,0.726190448
GRC,GREECE,Probability to receive funding,By technology,Wind,Early stage,2018,0,Percentage,0.726190448
GRC,GREECE,Probability to receive funding,By technology,Wind,Early stage,2019,0,Percentage,0.726190448
GRC,GREECE,Probability to receive funding,By technology,Wind,Early stage,2020,0,Percentage,0.726190448
GRC,GREECE,Probability to receive funding,By technology,Wind,Early stage,2021,0,Percentage,0.726190448
GRC,GREECE,Probability to receive funding,By technology,Bioenergy,Later stage,2015,0,Percentage,1.5
GRC,GREECE,Probability to receive funding,By technology,Bioenergy,Later stage,2016,0,Percentage,1.5
GRC,GREECE,Probability to receive funding,By technology,Bioenergy,Later stage,2017,0,Percentage,1.5
GRC,GREECE,Probability to receive funding,By technology,Bioenergy,Later stage,2018,0,Percentage,1.5
GRC,GREECE,Probability to receive funding,By technology,Bioenergy,Later stage,2019,0,Percentage,1.5
GRC,GREECE,Probability to receive funding,By technology,Bioenergy,Later stage,2020,0,Percentage,1.5
GRC,GREECE,Probability to receive funding,By technology,Bioenergy,Later stage,2021,0,Percentage,1.5
GRC,GREECE,Probability to receive funding,By technology,Clean energy,Later stage,2021,2.5,Percentage,40
GRC,GREECE,Fundings of start-ups,By technology,Clean energy,Later stage,2022,10.13150692,Years,40
GRC,GREECE,Probability to receive funding,By technology,Electric mobility,Later stage,2018,0,Percentage,0.5
GRC,GREECE,Probability to receive funding,By technology,Electric mobility,Later stage,2019,0,Percentage,0.5
GRC,GREECE,Probability to receive funding,By technology,Electric mobility,Later stage,2020,0,Percentage,0.833333313
GRC,GREECE,Probability to receive funding,By technology,Electric mobility,Later stage,2021,0,Percentage,1.833333373
GRC,GREECE,Probability to receive funding,By technology,Energy efficiency,Later stage,2015,0,Percentage,12.25
GRC,GREECE,Probability to receive funding,By technology,Energy efficiency,Later stage,2016,0,Percentage,13.25
GRC,GREECE,Probability to receive funding,By technology,Energy efficiency,Later stage,2017,0,Percentage,13.75
GRC,GREECE,Probability to receive funding,By technology,Energy efficiency,Later stage,2018,0,Percentage,13.75
GRC,GREECE,Probability to receive funding,By technology,Energy efficiency,Later stage,2019,0,Percentage,13.75
GRC,GREECE,Probability to receive funding,By technology,Energy efficiency,Later stage,2020,0,Percentage,14.08333302
GRC,GREECE,Probability to receive funding,By technology,Energy efficiency,Later stage,2021,0,Percentage,14.08333302
GRC,GREECE,Probability to receive funding,By technology,Energy storage and batteries,Later stage,2015,0,Percentage,0.285714298
GRC,GREECE,Probability to receive funding,By technology,Energy storage and batteries,Later stage,2016,0,Percentage,0.285714298
GRC,GREECE,Probability to receive funding,By technology,Energy storage and batteries,Later stage,2017,0,Percentage,0.285714298
GRC,GREECE,Probability to receive funding,By technology,Energy storage and batteries,Later stage,2018,0,Percentage,0.285714298
GRC,GREECE,Probability to receive funding,By technology,Energy storage and batteries,Later stage,2019,0,Percentage,0.285714298
GRC,GREECE,Probability to receive funding,By technology,Energy storage and batteries,Later stage,2020,0,Percentage,0.285714298
GRC,GREECE,Probability to receive funding,By technology,Energy storage and batteries,Later stage,2021,0,Percentage,0.285714298
GRC,GREECE,Probability to receive funding,By technology,Fossil fuels,Later stage,2015,11.76470566,Percentage,4.25
GRC,GREECE,Probability to receive funding,By technology,Fossil fuels,Later stage,2016,11.76470566,Percentage,4.25
GRC,GREECE,Probability to receive funding,By technology,Fossil fuels,Later stage,2017,11.76470566,Percentage,4.25
GRC,GREECE,Probability to receive funding,By technology,Fossil fuels,Later stage,2018,11.76470566,Percentage,4.25
GRC,GREECE,Probability to receive funding,By technology,Fossil fuels,Later stage,2019,11.76470566,Percentage,4.25
GRC,GREECE,Probability to receive funding,By technology,Fossil fuels,Later stage,2020,11.76470566,Percentage,4.25
GRC,GREECE,Probability to receive funding,By technology,Fossil fuels,Later stage,2021,11.76470566,Percentage,4.25
GRC,GREECE,Probability to receive funding,By technology,Grid,Later stage,2015,0,Percentage,4.75
GRC,GREECE,Probability to receive funding,By technology,Grid,Later stage,2016,0,Percentage,4.75
GRC,GREECE,Probability to receive funding,By technology,Grid,Later stage,2017,0,Percentage,4.75
GRC,GREECE,Probability to receive funding,By technology,Grid,Later stage,2018,0,Percentage,4.75
GRC,GREECE,Probability to receive funding,By technology,Grid,Later stage,2019,0,Percentage,4.75
GRC,GREECE,Probability to receive funding,By technology,Grid,Later stage,2020,0,Percentage,4.75
GRC,GREECE,Probability to receive funding,By technology,Grid,Later stage,2021,0,Percentage,4.75
GRC,GREECE,Probability to receive funding,By technology,Non-clean energy,Later stage,2021,0,Percentage,33
GRC,GREECE,Probability to receive funding,By technology,Other energy,Later stage,2015,2.834007978,Percentage,17.6428566
GRC,GREECE,Probability to receive funding,By technology,Other energy,Later stage,2016,2.834007978,Percentage,17.6428566
GRC,GREECE,Probability to receive funding,By technology,Other energy,Later stage,2017,2.545454502,Percentage,19.6428566
GRC,GREECE,Probability to receive funding,By technology,Other energy,Later stage,2018,2.482269526,Percentage,20.1428566
GRC,GREECE,Probability to receive funding,By technology,Other energy,Later stage,2019,2.482269526,Percentage,20.1428566
GRC,GREECE,Probability to receive funding,By technology,Other energy,Later stage,2020,2.482269526,Percentage,20.1428566
GRC,GREECE,Probability to receive funding,By technology,Other energy,Later stage,2021,2.482269526,Percentage,20.1428566
GRC,GREECE,Fundings of start-ups,By technology,Other energy,Later stage,2022,10.13150692,Years,20.1428566
GRC,GREECE,Probability to receive funding,By technology,Other renewables,Later stage,2015,0,Percentage,9.869047165
GRC,GREECE,Probability to receive funding,By technology,Other renewables,Later stage,2016,0,Percentage,9.869047165
GRC,GREECE,Probability to receive funding,By technology,Other renewables,Later stage,2017,0,Percentage,9.869047165
GRC,GREECE,Probability to receive funding,By technology,Other renewables,Later stage,2018,0,Percentage,10.86904716
GRC,GREECE,Probability to receive funding,By technology,Other renewables,Later stage,2019,0,Percentage,10.86904716
GRC,GREECE,Probability to receive funding,By technology,Other renewables,Later stage,2020,0,Percentage,12.20238113
GRC,GREECE,Probability to receive funding,By technology,Other renewables,Later stage,2021,0,Percentage,12.20238113
GRC,GREECE,Probability to receive funding,By technology,Solar,Later stage,2015,0,Percentage,9.726190567
GRC,GREECE,Probability to receive funding,By technology,Solar,Later stage,2016,0,Percentage,9.726190567
GRC,GREECE,Probability to receive funding,By technology,Solar,Later stage,2017,0,Percentage,10.22619057
GRC,GREECE,Probability to receive funding,By technology,Solar,Later stage,2018,0,Percentage,10.22619057
GRC,GREECE,Probability to receive funding,By technology,Solar,Later stage,2019,0,Percentage,10.22619057
GRC,GREECE,Probability to receive funding,By technology,Solar,Later stage,2020,0,Percentage,10.22619057
GRC,GREECE,Probability to receive funding,By technology,Solar,Later stage,2021,0,Percentage,10.22619057
GRC,GREECE,Probability to receive funding,By technology,Wind,Later stage,2015,0,Percentage,0.726190448
GRC,GREECE,Probability to receive funding,By technology,Wind,Later stage,2016,0,Percentage,0.726190448
GRC,GREECE,Probability to receive funding,By technology,Wind,Later stage,2017,0,Percentage,0.726190448
GRC,GREECE,Probability to receive funding,By technology,Wind,Later stage,2018,0,Percentage,0.726190448
GRC,GREECE,Probability to receive funding,By technology,Wind,Later stage,2019,0,Percentage,0.726190448
GRC,GREECE,Probability to receive funding,By technology,Wind,Later stage,2020,0,Percentage,0.726190448
GRC,GREECE,Probability to receive funding,By technology,Wind,Later stage,2021,0,Percentage,0.726190448
GRL,GREENLAND,Probability to receive funding,"By sector (energy, green, digital)",Non-energy,Early stage,2021,0,Percentage,1
GRL,GREENLAND,Probability to receive funding,"By sector (energy, green, digital)",Non-energy,Later stage,2021,0,Percentage,1
GRD,GRENADA,Probability to receive funding,"By sector (energy, green, digital)",Non-energy,Early stage,2021,0,Percentage,10
GRD,GRENADA,Probability to receive funding,"By sector (energy, green, digital)",Non-energy,Later stage,2021,0,Percentage,10
GLP,GUADELOUPE,Probability to receive funding,"By sector (energy, green, digital)",Non-energy,Early stage,2021,0,Percentage,1
GLP,GUADELOUPE,Probability to receive funding,"By sector (energy, green, digital)",Non-energy,Later stage,2021,0,Percentage,1
GUM,GUAM,Probability to receive funding,"By sector (energy, green, digital)",Non-energy,Early stage,2021,0,Percentage,2
GUM,GUAM,Probability to receive funding,"By sector (energy, green, digital)",Non-energy,Later stage,2021,0,Percentage,2
GTM,GUATEMALA,Fundings of start-ups,"By sector (energy, green, digital)",Energy,Early stage,2013,1316292.125,USD,1
GTM,GUATEMALA,Fundings of start-ups,"By sector (energy, green, digital)",Energy,Early stage,2014,1070884,USD,1
GTM,GUATEMALA,Fundings of start-ups,"By sector (energy, green, digital)",Energy,Early stage,2015,3530386.75,USD,1
GTM,GUATEMALA,Fundings of start-ups,"By sector (energy, green, digital)",Energy,Early stage,2016,2894021.75,USD,2
GTM,GUATEMALA,Fundings of start-ups,"By sector (energy, green, digital)",Energy,Early stage,2017,13595745,USD,2
GTM,GUATEMALA,Fundings of start-ups,"By sector (energy, green, digital)",Energy,Early stage,2018,4437500,USD,1
GTM,GUATEMALA,Probability to receive funding,"By sector (energy, green, digital)",Energy,Early stage,2021,33.33333206,Percentage,6
GTM,GUATEMALA,Fundings of start-ups,"By sector (energy, green, digital)",Energy,Early stage,2022,0.331506848,Years,6
GTM,GUATEMALA,Fundings of start-ups,"By sector (energy, green, digital)",Energy and digital,Early stage,2016,2894021.75,USD,2
GTM,GUATEMALA,Fundings of start-ups,"By sector (energy, green, digital)",Energy and digital,Early stage,2018,4437500,USD,1
GTM,GUATEMALA,Probability to receive funding,"By sector (energy, green, digital)",Energy and digital,Early stage,2021,100,Percentage,1
GTM,GUATEMALA,Fundings of start-ups,"By sector (energy, green, digital)",Energy and digital,Early stage,2022,0,Years,1
GTM,GUATEMALA,Fundings of start-ups,"By sector (energy, green, digital)",Energy and non-digital,Early stage,2013,1316292.125,USD,1
GTM,GUATEMALA,Fundings of start-ups,"By sector (energy, green, digital)",Energy and non-digital,Early stage,2014,1070884,USD,1
GTM,GUATEMALA,Fundings of start-ups,"By sector (energy, green, digital)",Energy and non-digital,Early stage,2015,3530386.75,USD,1
GTM,GUATEMALA,Fundings of start-ups,"By sector (energy, green, digital)",Energy and non-digital,Early stage,2017,13595745,USD,2
GTM,GUATEMALA,Probability to receive funding,"By sector (energy, green, digital)",Energy and non-digital,Early stage,2021,20,Percentage,5
GTM,GUATEMALA,Fundings of start-ups,"By sector (energy, green, digital)",Energy and non-digital,Early stage,2022,0.663013697,Years,5
GTM,GUATEMALA,Fundings of start-ups,"By sector (energy, green, digital)",Non-energy,Early stage,2012,268331.5938,USD,2
GTM,GUATEMALA,Fundings of start-ups,"By sector (energy, green, digital)",Non-energy,Early stage,2013,957303.375,USD,2
GTM,GUATEMALA,Fundings of start-ups,"By sector (energy, green, digital)",Non-energy,Early stage,2014,1096985.25,USD,1
GTM,GUATEMALA,Fundings of start-ups,"By sector (energy, green, digital)",Non-energy,Early stage,2017,6146409.5,USD,2
GTM,GUATEMALA,Fundings of start-ups,"By sector (energy, green, digital)",Non-energy,Early stage,2018,110937.5,USD,1
GTM,GUATEMALA,Fundings of start-ups,"By sector (energy, green, digital)",Non-energy,Early stage,2019,108673.4688,USD,1
GTM,GUATEMALA,Fundings of start-ups,"By sector (energy, green, digital)",Non-energy,Early stage,2020,212191.0313,USD,1
GTM,GUATEMALA,Probability to receive funding,"By sector (energy, green, digital)",Non-energy,Early stage,2021,10.14492798,Percentage,138
GTM,GUATEMALA,Fundings of start-ups,"By sector (energy, green, digital)",Non-energy,Early stage,2021,5904833.5,USD,2
GTM,GUATEMALA,Fundings of start-ups,"By sector (energy, green, digital)",Non-energy,Early stage,2022,2.257142782,Years,138
GTM,GUATEMALA,Fundings of start-ups,"By sector (energy, green, digital)",Non-energy,Early stage,2022,4000000,USD,1
GTM,GUATEMALA,Probability to receive funding,"By sector (energy, green, digital)",Energy,Later stage,2021,0,Percentage,6
GTM,GUATEMALA,Probability to receive funding,"By sector (energy, green, digital)",Energy and digital,Later stage,2021,0,Percentage,1
GTM,GUATEMALA,Probability to receive funding,"By sector (energy, green, digital)",Energy and non-digital,Later stage,2021,0,Percentage,5
GTM,GUATEMALA,Probability to receive funding,"By sector (energy, green, digital)",Non-energy,Later stage,2021,0,Percentage,138
GTM,GUATEMALA,Fundings of start-ups,By technology,Energy efficiency,all,2013,438764.0313,USD,0.333333343
GTM,GUATEMALA,Fundings of start-ups,By technology,Energy efficiency,all,2014,455027.625,USD,0.666666687
GTM,GUATEMALA,Fundings of start-ups,By technology,Energy efficiency,all,2015,1176795.625,USD,0.333333343
GTM,GUATEMALA,Fundings of start-ups,By technology,Energy efficiency,all,2016,2266983.75,USD,0.833333313
GTM,GUATEMALA,Fundings of start-ups,By technology,Energy efficiency,all,2017,4531915,USD,0.666666687
GTM,GUATEMALA,Fundings of start-ups,By technology,Energy efficiency,all,2018,7811849,USD,0.833333313
GTM,GUATEMALA,Fundings of start-ups,By technology,Other energy,all,2016,723505.4375,USD,0.5
GTM,GUATEMALA,Fundings of start-ups,By technology,Other energy,all,2018,2080078.125,USD,0.5
GTM,GUATEMALA,Fundings of start-ups,By technology,Other renewables,all,2013,438764.0313,USD,0.333333343
GTM,GUATEMALA,Fundings of start-ups,By technology,Other renewables,all,2014,455027.625,USD,0.666666687
GTM,GUATEMALA,Fundings of start-ups,By technology,Other renewables,all,2015,1176795.625,USD,0.333333343
GTM,GUATEMALA,Fundings of start-ups,By technology,Other renewables,all,2016,2990489.25,USD,1.333333373
GTM,GUATEMALA,Fundings of start-ups,By technology,Other renewables,all,2017,4531915,USD,0.666666687
GTM,GUATEMALA,Fundings of start-ups,By technology,Other renewables,all,2018,9891927,USD,1.333333373
GTM,GUATEMALA,Fundings of start-ups,By technology,Solar,all,2013,438764.0313,USD,0.333333343
GTM,GUATEMALA,Fundings of start-ups,By technology,Solar,all,2014,455027.625,USD,0.666666687
GTM,GUATEMALA,Fundings of start-ups,By technology,Solar,all,2015,1176795.625,USD,0.333333343
GTM,GUATEMALA,Fundings of start-ups,By technology,Solar,all,2016,1543478.25,USD,0.333333343
GTM,GUATEMALA,Fundings of start-ups,By technology,Solar,all,2017,4531915,USD,0.666666687
GTM,GUATEMALA,Fundings of start-ups,By technology,Solar,all,2018,5731771,USD,0.333333343
GTM,GUATEMALA,Fundings of start-ups,By technology,Clean energy,Early stage,2013,1316292.125,USD,1
GTM,GUATEMALA,Fundings of start-ups,By technology,Clean energy,Early stage,2014,1070884,USD,1
GTM,GUATEMALA,Fundings of start-ups,By technology,Clean energy,Early stage,2015,3530386.75,USD,1
GTM,GUATEMALA,Fundings of start-ups,By technology,Clean energy,Early stage,2016,2894021.75,USD,2
GTM,GUATEMALA,Fundings of start-ups,By technology,Clean energy,Early stage,2017,13595745,USD,2
GTM,GUATEMALA,Fundings of start-ups,By technology,Clean energy,Early stage,2018,4437500,USD,1
GTM,GUATEMALA,Probability to receive funding,By technology,Clean energy,Early stage,2021,100,Percentage,2
GTM,GUATEMALA,Fundings of start-ups,By technology,Clean energy,Early stage,2022,0.331506848,Years,2
GTM,GUATEMALA,Probability to receive funding,By technology,Energy efficiency,Early stage,2015,100,Percentage,0.333333343
GTM,GUATEMALA,Probability to receive funding,By technology,Energy efficiency,Early stage,2016,100,Percentage,0.583333313
GTM,GUATEMALA,Probability to receive funding,By technology,Energy efficiency,Early stage,2017,100,Percentage,0.583333313
GTM,GUATEMALA,Probability to receive funding,By technology,Energy efficiency,Early stage,2018,100,Percentage,0.583333313
GTM,GUATEMALA,Probability to receive funding,By technology,Energy efficiency,Early stage,2019,100,Percentage,0.583333313
GTM,GUATEMALA,Probability to receive funding,By technology,Energy efficiency,Early stage,2020,100,Percentage,0.583333313
GTM,GUATEMALA,Probability to receive funding,By technology,Energy efficiency,Early stage,2021,100,Percentage,0.583333313
GTM,GUATEMALA,Probability to receive funding,By technology,Fossil fuels,Early stage,2015,0,Percentage,0.666666687
GTM,GUATEMALA,Probability to receive funding,By technology,Fossil fuels,Early stage,2016,0,Percentage,0.666666687
GTM,GUATEMALA,Probability to receive funding,By technology,Fossil fuels,Early stage,2017,0,Percentage,0.666666687
GTM,GUATEMALA,Probability to receive funding,By technology,Fossil fuels,Early stage,2018,0,Percentage,0.666666687
GTM,GUATEMALA,Probability to receive funding,By technology,Fossil fuels,Early stage,2019,0,Percentage,0.666666687
GTM,GUATEMALA,Probability to receive funding,By technology,Fossil fuels,Early stage,2020,0,Percentage,0.666666687
GTM,GUATEMALA,Probability to receive funding,By technology,Fossil fuels,Early stage,2021,0,Percentage,0.666666687
GTM,GUATEMALA,Probability to receive funding,By technology,Grid,Early stage,2015,0,Percentage,1
GTM,GUATEMALA,Probability to receive funding,By technology,Grid,Early stage,2016,0,Percentage,1
GTM,GUATEMALA,Probability to receive funding,By technology,Grid,Early stage,2017,0,Percentage,1
GTM,GUATEMALA,Probability to receive funding,By technology,Grid,Early stage,2018,0,Percentage,1
GTM,GUATEMALA,Probability to receive funding,By technology,Grid,Early stage,2019,0,Percentage,1
GTM,GUATEMALA,Probability to receive funding,By technology,Grid,Early stage,2020,0,Percentage,1
GTM,GUATEMALA,Probability to receive funding,By technology,Grid,Early stage,2021,0,Percentage,1
GTM,GUATEMALA,Probability to receive funding,By technology,Non-clean energy,Early stage,2021,0,Percentage,4
GTM,GUATEMALA,Probability to receive funding,By technology,Other energy,Early stage,2015,0,Percentage,1.333333373
GTM,GUATEMALA,Probability to receive funding,By technology,Other energy,Early stage,2016,15.78947353,Percentage,1.583333373
GTM,GUATEMALA,Probability to receive funding,By technology,Other energy,Early stage,2017,15.78947353,Percentage,1.583333373
GTM,GUATEMALA,Probability to receive funding,By technology,Other energy,Early stage,2018,15.78947353,Percentage,1.583333373
GTM,GUATEMALA,Probability to receive funding,By technology,Other energy,Early stage,2019,15.78947353,Percentage,1.583333373
GTM,GUATEMALA,Probability to receive funding,By technology,Other energy,Early stage,2020,15.78947353,Percentage,1.583333373
GTM,GUATEMALA,Probability to receive funding,By technology,Other energy,Early stage,2021,15.78947353,Percentage,1.583333373
GTM,GUATEMALA,Probability to receive funding,By technology,Other renewables,Early stage,2015,100,Percentage,0.333333343
GTM,GUATEMALA,Probability to receive funding,By technology,Other renewables,Early stage,2016,100,Percentage,0.833333313
GTM,GUATEMALA,Probability to receive funding,By technology,Other renewables,Early stage,2017,100,Percentage,0.833333313
GTM,GUATEMALA,Probability to receive funding,By technology,Other renewables,Early stage,2018,100,Percentage,0.833333313
GTM,GUATEMALA,Probability to receive funding,By technology,Other renewables,Early stage,2019,100,Percentage,0.833333313
GTM,GUATEMALA,Probability to receive funding,By technology,Other renewables,Early stage,2020,100,Percentage,0.833333313
GTM,GUATEMALA,Probability to receive funding,By technology,Other renewables,Early stage,2021,100,Percentage,0.833333313
GTM,GUATEMALA,Probability to receive funding,By technology,Solar,Early stage,2015,25,Percentage,1.333333373
GTM,GUATEMALA,Probability to receive funding,By technology,Solar,Early stage,2016,25,Percentage,1.333333373
GTM,GUATEMALA,Probability to receive funding,By technology,Solar,Early stage,2017,25,Percentage,1.333333373
GTM,GUATEMALA,Probability to receive funding,By technology,Solar,Early stage,2018,25,Percentage,1.333333373
GTM,GUATEMALA,Probability to receive funding,By technology,Solar,Early stage,2019,25,Percentage,1.333333373
GTM,GUATEMALA,Probability to receive funding,By technology,Solar,Early stage,2020,25,Percentage,1.333333373
GTM,GUATEMALA,Probability to receive funding,By technology,Solar,Early stage,2021,25,Percentage,1.333333373
GTM,GUATEMALA,Probability to receive funding,By technology,Clean energy,Later stage,2021,0,Percentage,2
GTM,GUATEMALA,Probability to receive funding,By technology,Energy efficiency,Later stage,2015,0,Percentage,0.333333343
GTM,GUATEMALA,Probability to receive funding,By technology,Energy efficiency,Later stage,2016,0,Percentage,0.583333313
GTM,GUATEMALA,Probability to receive funding,By technology,Energy efficiency,Later stage,2017,0,Percentage,0.583333313
GTM,GUATEMALA,Probability to receive funding,By technology,Energy efficiency,Later stage,2018,0,Percentage,0.583333313
GTM,GUATEMALA,Probability to receive funding,By technology,Energy efficiency,Later stage,2019,0,Percentage,0.583333313
GTM,GUATEMALA,Probability to receive funding,By technology,Energy efficiency,Later stage,2020,0,Percentage,0.583333313
GTM,GUATEMALA,Probability to receive funding,By technology,Energy efficiency,Later stage,2021,0,Percentage,0.583333313
GTM,GUATEMALA,Probability to receive funding,By technology,Fossil fuels,Later stage,2015,0,Percentage,0.666666687
GTM,GUATEMALA,Probability to receive funding,By technology,Fossil fuels,Later stage,2016,0,Percentage,0.666666687
GTM,GUATEMALA,Probability to receive funding,By technology,Fossil fuels,Later stage,2017,0,Percentage,0.666666687
GTM,GUATEMALA,Probability to receive funding,By technology,Fossil fuels,Later stage,2018,0,Percentage,0.666666687
GTM,GUATEMALA,Probability to receive funding,By technology,Fossil fuels,Later stage,2019,0,Percentage,0.666666687
GTM,GUATEMALA,Probability to receive funding,By technology,Fossil fuels,Later stage,2020,0,Percentage,0.666666687
GTM,GUATEMALA,Probability to receive funding,By technology,Fossil fuels,Later stage,2021,0,Percentage,0.666666687
GTM,GUATEMALA,Probability to receive funding,By technology,Grid,Later stage,2015,0,Percentage,1
GTM,GUATEMALA,Probability to receive funding,By technology,Grid,Later stage,2016,0,Percentage,1
GTM,GUATEMALA,Probability to receive funding,By technology,Grid,Later stage,2017,0,Percentage,1
GTM,GUATEMALA,Probability to receive funding,By technology,Grid,Later stage,2018,0,Percentage,1
GTM,GUATEMALA,Probability to receive funding,By technology,Grid,Later stage,2019,0,Percentage,1
GTM,GUATEMALA,Probability to receive funding,By technology,Grid,Later stage,2020,0,Percentage,1
GTM,GUATEMALA,Probability to receive funding,By technology,Grid,Later stage,2021,0,Percentage,1
GTM,GUATEMALA,Probability to receive funding,By technology,Non-clean energy,Later stage,2021,0,Percentage,4
GTM,GUATEMALA,Probability to receive funding,By technology,Other energy,Later stage,2015,0,Percentage,1.333333373
GTM,GUATEMALA,Probability to receive funding,By technology,Other energy,Later stage,2016,0,Percentage,1.583333373
GTM,GUATEMALA,Probability to receive funding,By technology,Other energy,Later stage,2017,0,Percentage,1.583333373
GTM,GUATEMALA,Probability to receive funding,By technology,Other energy,Later stage,2018,0,Percentage,1.583333373
GTM,GUATEMALA,Probability to receive funding,By technology,Other energy,Later stage,2019,0,Percentage,1.583333373
GTM,GUATEMALA,Probability to receive funding,By technology,Other energy,Later stage,2020,0,Percentage,1.583333373
GTM,GUATEMALA,Probability to receive funding,By technology,Other energy,Later stage,2021,0,Percentage,1.583333373
GTM,GUATEMALA,Probability to receive funding,By technology,Other renewables,Later stage,2015,0,Percentage,0.333333343
GTM,GUATEMALA,Probability to receive funding,By technology,Other renewables,Later stage,2016,0,Percentage,0.833333313
GTM,GUATEMALA,Probability to receive funding,By technology,Other renewables,Later stage,2017,0,Percentage,0.833333313
GTM,GUATEMALA,Probability to receive funding,By technology,Other renewables,Later stage,2018,0,Percentage,0.833333313
GTM,GUATEMALA,Probability to receive funding,By technology,Other renewables,Later stage,2019,0,Percentage,0.833333313
GTM,GUATEMALA,Probability to receive funding,By technology,Other renewables,Later stage,2020,0,Percentage,0.833333313
GTM,GUATEMALA,Probability to receive funding,By technology,Other renewables,Later stage,2021,0,Percentage,0.833333313
GTM,GUATEMALA,Probability to receive funding,By technology,Solar,Later stage,2015,0,Percentage,1.333333373
GTM,GUATEMALA,Probability to receive funding,By technology,Solar,Later stage,2016,0,Percentage,1.333333373
GTM,GUATEMALA,Probability to receive funding,By technology,Solar,Later stage,2017,0,Percentage,1.333333373
GTM,GUATEMALA,Probability to receive funding,By technology,Solar,Later stage,2018,0,Percentage,1.333333373
GTM,GUATEMALA,Probability to receive funding,By technology,Solar,Later stage,2019,0,Percentage,1.333333373
GTM,GUATEMALA,Probability to receive funding,By technology,Solar,Later stage,2020,0,Percentage,1.333333373
GTM,GUATEMALA,Probability to receive funding,By technology,Solar,Later stage,2021,0,Percentage,1.333333373
GGY,GUERNSEY,Probability to receive funding,"By sector (energy, green, digital)",Energy,Early stage,2021,0,Percentage,3
GGY,GUERNSEY,Probability to receive funding,"By sector (energy, green, digital)",Energy and non-digital,Early stage,2021,0,Percentage,3
GGY,GUERNSEY,Fundings of start-ups,"By sector (energy, green, digital)",Non-energy,Early stage,2017,105638.9375,USD,1
GGY,GUERNSEY,Fundings of start-ups,"By sector (energy, green, digital)",Non-energy,Early stage,2018,434086.25,USD,1
GGY,GUERNSEY,Fundings of start-ups,"By sector (energy, green, digital)",Non-energy,Early stage,2020,129090.9063,USD,1
GGY,GUERNSEY,Probability to receive funding,"By sector (energy, green, digital)",Non-energy,Early stage,2021,3.571428537,Percentage,56
GGY,GUERNSEY,Fundings of start-ups,"By sector (energy, green, digital)",Non-energy,Early stage,2022,2.845205545,Years,56
GGY,GUERNSEY,Probability to receive funding,"By sector (energy, green, digital)",Energy,Later stage,2021,0,Percentage,3
GGY,GUERNSEY,Probability to receive funding,"By sector (energy, green, digital)",Energy and non-digital,Later stage,2021,0,Percentage,3
GGY,GUERNSEY,Probability to receive funding,"By sector (energy, green, digital)",Non-energy,Later stage,2021,3.571428537,Percentage,56
GGY,GUERNSEY,Fundings of start-ups,"By sector (energy, green, digital)",Non-energy,Later stage,2022,2.90136981,Years,56
GGY,GUERNSEY,Probability to receive funding,By technology,Clean energy,Early stage,2021,0,Percentage,2
GGY,GUERNSEY,Probability to receive funding,By technology,Fossil fuels,Early stage,2015,0,Percentage,0.5
GGY,GUERNSEY,Probability to receive funding,By technology,Fossil fuels,Early stage,2016,0,Percentage,0.5
GGY,GUERNSEY,Probability to receive funding,By technology,Fossil fuels,Early stage,2017,0,Percentage,0.5
GGY,GUERNSEY,Probability to receive funding,By technology,Fossil fuels,Early stage,2018,0,Percentage,0.5
GGY,GUERNSEY,Probability to receive funding,By technology,Fossil fuels,Early stage,2019,0,Percentage,0.5
GGY,GUERNSEY,Probability to receive funding,By technology,Fossil fuels,Early stage,2020,0,Percentage,0.5
GGY,GUERNSEY,Probability to receive funding,By technology,Fossil fuels,Early stage,2021,0,Percentage,0.5
GGY,GUERNSEY,Probability to receive funding,By technology,Non-clean energy,Early stage,2021,0,Percentage,1
GGY,GUERNSEY,Probability to receive funding,By technology,Other energy,Early stage,2015,0,Percentage,1
GGY,GUERNSEY,Probability to receive funding,By technology,Other energy,Early stage,2016,0,Percentage,1
GGY,GUERNSEY,Probability to receive funding,By technology,Other energy,Early stage,2017,0,Percentage,1
GGY,GUERNSEY,Probability to receive funding,By technology,Other energy,Early stage,2018,0,Percentage,1
GGY,GUERNSEY,Probability to receive funding,By technology,Other energy,Early stage,2019,0,Percentage,1
GGY,GUERNSEY,Probability to receive funding,By technology,Other energy,Early stage,2020,0,Percentage,1
GGY,GUERNSEY,Probability to receive funding,By technology,Other energy,Early stage,2021,0,Percentage,1
GGY,GUERNSEY,Probability to receive funding,By technology,Other renewables,Early stage,2015,0,Percentage,0.833333313
GGY,GUERNSEY,Probability to receive funding,By technology,Other renewables,Early stage,2016,0,Percentage,0.833333313
GGY,GUERNSEY,Probability to receive funding,By technology,Other renewables,Early stage,2017,0,Percentage,0.833333313
GGY,GUERNSEY,Probability to receive funding,By technology,Other renewables,Early stage,2018,0,Percentage,0.833333313
GGY,GUERNSEY,Probability to receive funding,By technology,Other renewables,Early stage,2019,0,Percentage,0.833333313
GGY,GUERNSEY,Probability to receive funding,By technology,Other renewables,Early stage,2020,0,Percentage,0.833333313
GGY,GUERNSEY,Probability to receive funding,By technology,Other renewables,Early stage,2021,0,Percentage,0.833333313
GGY,GUERNSEY,Probability to receive funding,By technology,Solar,Early stage,2015,0,Percentage,0.333333343
GGY,GUERNSEY,Probability to receive funding,By technology,Solar,Early stage,2016,0,Percentage,0.333333343
GGY,GUERNSEY,Probability to receive funding,By technology,Solar,Early stage,2017,0,Percentage,0.333333343
GGY,GUERNSEY,Probability to receive funding,By technology,Solar,Early stage,2018,0,Percentage,0.333333343
GGY,GUERNSEY,Probability to receive funding,By technology,Solar,Early stage,2019,0,Percentage,0.333333343
GGY,GUERNSEY,Probability to receive funding,By technology,Solar,Early stage,2020,0,Percentage,0.333333343
GGY,GUERNSEY,Probability to receive funding,By technology,Solar,Early stage,2021,0,Percentage,0.333333343
GGY,GUERNSEY,Probability to receive funding,By technology,Wind,Early stage,2015,0,Percentage,0.333333343
GGY,GUERNSEY,Probability to receive funding,By technology,Wind,Early stage,2016,0,Percentage,0.333333343
GGY,GUERNSEY,Probability to receive funding,By technology,Wind,Early stage,2017,0,Percentage,0.333333343
GGY,GUERNSEY,Probability to receive funding,By technology,Wind,Early stage,2018,0,Percentage,0.333333343
GGY,GUERNSEY,Probability to receive funding,By technology,Wind,Early stage,2019,0,Percentage,0.333333343
GGY,GUERNSEY,Probability to receive funding,By technology,Wind,Early stage,2020,0,Percentage,0.333333343
GGY,GUERNSEY,Probability to receive funding,By technology,Wind,Early stage,2021,0,Percentage,0.333333343
GGY,GUERNSEY,Probability to receive funding,By technology,Clean energy,Later stage,2021,0,Percentage,2
GGY,GUERNSEY,Probability to receive funding,By technology,Fossil fuels,Later stage,2015,0,Percentage,0.5
GGY,GUERNSEY,Probability to receive funding,By technology,Fossil fuels,Later stage,2016,0,Percentage,0.5
GGY,GUERNSEY,Probability to receive funding,By technology,Fossil fuels,Later stage,2017,0,Percentage,0.5
GGY,GUERNSEY,Probability to receive funding,By technology,Fossil fuels,Later stage,2018,0,Percentage,0.5
GGY,GUERNSEY,Probability to receive funding,By technology,Fossil fuels,Later stage,2019,0,Percentage,0.5
GGY,GUERNSEY,Probability to receive funding,By technology,Fossil fuels,Later stage,2020,0,Percentage,0.5
GGY,GUERNSEY,Probability to receive funding,By technology,Fossil fuels,Later stage,2021,0,Percentage,0.5
GGY,GUERNSEY,Probability to receive funding,By technology,Non-clean energy,Later stage,2021,0,Percentage,1
GGY,GUERNSEY,Probability to receive funding,By technology,Other energy,Later stage,2015,0,Percentage,1
GGY,GUERNSEY,Probability to receive funding,By technology,Other energy,Later stage,2016,0,Percentage,1
GGY,GUERNSEY,Probability to receive funding,By technology,Other energy,Later stage,2017,0,Percentage,1
GGY,GUERNSEY,Probability to receive funding,By technology,Other energy,Later stage,2018,0,Percentage,1
GGY,GUERNSEY,Probability to receive funding,By technology,Other energy,Later stage,2019,0,Percentage,1
GGY,GUERNSEY,Probability to receive funding,By technology,Other energy,Later stage,2020,0,Percentage,1
GGY,GUERNSEY,Probability to receive funding,By technology,Other energy,Later stage,2021,0,Percentage,1
GGY,GUERNSEY,Probability to receive funding,By technology,Other renewables,Later stage,2015,0,Percentage,0.833333313
GGY,GUERNSEY,Probability to receive funding,By technology,Other renewables,Later stage,2016,0,Percentage,0.833333313
GGY,GUERNSEY,Probability to receive funding,By technology,Other renewables,Later stage,2017,0,Percentage,0.833333313
GGY,GUERNSEY,Probability to receive funding,By technology,Other renewables,Later stage,2018,0,Percentage,0.833333313
GGY,GUERNSEY,Probability to receive funding,By technology,Other renewables,Later stage,2019,0,Percentage,0.833333313
GGY,GUERNSEY,Probability to receive funding,By technology,Other renewables,Later stage,2020,0,Percentage,0.833333313
GGY,GUERNSEY,Probability to receive funding,By technology,Other renewables,Later stage,2021,0,Percentage,0.833333313
GGY,GUERNSEY,Probability to receive funding,By technology,Solar,Later stage,2015,0,Percentage,0.333333343
GGY,GUERNSEY,Probability to receive funding,By technology,Solar,Later stage,2016,0,Percentage,0.333333343
GGY,GUERNSEY,Probability to receive funding,By technology,Solar,Later stage,2017,0,Percentage,0.333333343
GGY,GUERNSEY,Probability to receive funding,By technology,Solar,Later stage,2018,0,Percentage,0.333333343
GGY,GUERNSEY,Probability to receive funding,By technology,Solar,Later stage,2019,0,Percentage,0.333333343
GGY,GUERNSEY,Probability to receive funding,By technology,Solar,Later stage,2020,0,Percentage,0.333333343
GGY,GUERNSEY,Probability to receive funding,By technology,Solar,Later stage,2021,0,Percentage,0.333333343
GGY,GUERNSEY,Probability to receive funding,By technology,Wind,Later stage,2015,0,Percentage,0.333333343
GGY,GUERNSEY,Probability to receive funding,By technology,Wind,Later stage,2016,0,Percentage,0.333333343
GGY,GUERNSEY,Probability to receive funding,By technology,Wind,Later stage,2017,0,Percentage,0.333333343
GGY,GUERNSEY,Probability to receive funding,By technology,Wind,Later stage,2018,0,Percentage,0.333333343
GGY,GUERNSEY,Probability to receive funding,By technology,Wind,Later stage,2019,0,Percentage,0.333333343
GGY,GUERNSEY,Probability to receive funding,By technology,Wind,Later stage,2020,0,Percentage,0.333333343
GGY,GUERNSEY,Probability to receive funding,By technology,Wind,Later stage,2021,0,Percentage,0.333333343
GIN,GUINEA,Probability to receive funding,"By sector (energy, green, digital)",Energy,Early stage,2021,0,Percentage,1
GIN,GUINEA,Probability to receive funding,"By sector (energy, green, digital)",Energy and non-digital,Early stage,2021,0,Percentage,1
GIN,GUINEA,Probability to receive funding,"By sector (energy, green, digital)",Non-energy,Early stage,2021,0,Percentage,12
GIN,GUINEA,Probability to receive funding,"By sector (energy, green, digital)",Energy,Later stage,2021,0,Percentage,1
GIN,GUINEA,Probability to receive funding,"By sector (energy, green, digital)",Energy and non-digital,Later stage,2021,0,Percentage,1
GIN,GUINEA,Probability to receive funding,"By sector (energy, green, digital)",Non-energy,Later stage,2021,0,Percentage,12
GIN,GUINEA,Probability to receive funding,By technology,Clean energy,Early stage,2021,0,Percentage,1
GIN,GUINEA,Probability to receive funding,By technology,Other energy,Early stage,2015,0,Percentage,1
GIN,GUINEA,Probability to receive funding,By technology,Other energy,Early stage,2016,0,Percentage,1
GIN,GUINEA,Probability to receive funding,By technology,Other energy,Early stage,2017,0,Percentage,1
GIN,GUINEA,Probability to receive funding,By technology,Other energy,Early stage,2018,0,Percentage,1
GIN,GUINEA,Probability to receive funding,By technology,Other energy,Early stage,2019,0,Percentage,1
GIN,GUINEA,Probability to receive funding,By technology,Other energy,Early stage,2020,0,Percentage,1
GIN,GUINEA,Probability to receive funding,By technology,Other energy,Early stage,2021,0,Percentage,1
GIN,GUINEA,Probability to receive funding,By technology,Clean energy,Later stage,2021,0,Percentage,1
GIN,GUINEA,Probability to receive funding,By technology,Other energy,Later stage,2015,0,Percentage,1
GIN,GUINEA,Probability to receive funding,By technology,Other energy,Later stage,2016,0,Percentage,1
GIN,GUINEA,Probability to receive funding,By technology,Other energy,Later stage,2017,0,Percentage,1
GIN,GUINEA,Probability to receive funding,By technology,Other energy,Later stage,2018,0,Percentage,1
GIN,GUINEA,Probability to receive funding,By technology,Other energy,Later stage,2019,0,Percentage,1
GIN,GUINEA,Probability to receive funding,By technology,Other energy,Later stage,2020,0,Percentage,1
GIN,GUINEA,Probability to receive funding,By technology,Other energy,Later stage,2021,0,Percentage,1
GNB,GUINEA-BISSAU,Probability to receive funding,"By sector (energy, green, digital)",Non-energy,Early stage,2021,0,Percentage,1
GNB,GUINEA-BISSAU,Probability to receive funding,"By sector (energy, green, digital)",Non-energy,Later stage,2021,0,Percentage,1
GUY,GUYANA,Probability to receive funding,"By sector (energy, green, digital)",Energy,Early stage,2021,0,Percentage,1
GUY,GUYANA,Probability to receive funding,"By sector (energy, green, digital)",Energy and non-digital,Early stage,2021,0,Percentage,1
GUY,GUYANA,Probability to receive funding,"By sector (energy, green, digital)",Non-energy,Early stage,2021,12.5,Percentage,8
GUY,GUYANA,Fundings of start-ups,"By sector (energy, green, digital)",Non-energy,Early stage,2021,514492.75,USD,1
GUY,GUYANA,Fundings of start-ups,"By sector (energy, green, digital)",Non-energy,Early stage,2022,3.753424644,Years,8
GUY,GUYANA,Probability to receive funding,"By sector (energy, green, digital)",Energy,Later stage,2021,0,Percentage,1
GUY,GUYANA,Probability to receive funding,"By sector (energy, green, digital)",Energy and non-digital,Later stage,2021,0,Percentage,1
GUY,GUYANA,Probability to receive funding,"By sector (energy, green, digital)",Non-energy,Later stage,2021,0,Percentage,8
GUY,GUYANA,Probability to receive funding,By technology,Fossil fuels,Early stage,2016,0,Percentage,0.5
GUY,GUYANA,Probability to receive funding,By technology,Fossil fuels,Early stage,2017,0,Percentage,0.5
GUY,GUYANA,Probability to receive funding,By technology,Fossil fuels,Early stage,2018,0,Percentage,0.5
GUY,GUYANA,Probability to receive funding,By technology,Fossil fuels,Early stage,2019,0,Percentage,0.5
GUY,GUYANA,Probability to receive funding,By technology,Fossil fuels,Early stage,2020,0,Percentage,0.5
GUY,GUYANA,Probability to receive funding,By technology,Fossil fuels,Early stage,2021,0,Percentage,0.5
GUY,GUYANA,Probability to receive funding,By technology,Non-clean energy,Early stage,2021,0,Percentage,1
GUY,GUYANA,Probability to receive funding,By technology,Other energy,Early stage,2016,0,Percentage,0.5
GUY,GUYANA,Probability to receive funding,By technology,Other energy,Early stage,2017,0,Percentage,0.5
GUY,GUYANA,Probability to receive funding,By technology,Other energy,Early stage,2018,0,Percentage,0.5
GUY,GUYANA,Probability to receive funding,By technology,Other energy,Early stage,2019,0,Percentage,0.5
GUY,GUYANA,Probability to receive funding,By technology,Other energy,Early stage,2020,0,Percentage,0.5
GUY,GUYANA,Probability to receive funding,By technology,Other energy,Early stage,2021,0,Percentage,0.5
GUY,GUYANA,Probability to receive funding,By technology,Fossil fuels,Later stage,2016,0,Percentage,0.5
GUY,GUYANA,Probability to receive funding,By technology,Fossil fuels,Later stage,2017,0,Percentage,0.5
GUY,GUYANA,Probability to receive funding,By technology,Fossil fuels,Later stage,2018,0,Percentage,0.5
GUY,GUYANA,Probability to receive funding,By technology,Fossil fuels,Later stage,2019,0,Percentage,0.5
GUY,GUYANA,Probability to receive funding,By technology,Fossil fuels,Later stage,2020,0,Percentage,0.5
GUY,GUYANA,Probability to receive funding,By technology,Fossil fuels,Later stage,2021,0,Percentage,0.5
GUY,GUYANA,Probability to receive funding,By technology,Non-clean energy,Later stage,2021,0,Percentage,1
GUY,GUYANA,Probability to receive funding,By technology,Other energy,Later stage,2016,0,Percentage,0.5
GUY,GUYANA,Probability to receive funding,By technology,Other energy,Later stage,2017,0,Percentage,0.5
GUY,GUYANA,Probability to receive funding,By technology,Other energy,Later stage,2018,0,Percentage,0.5
GUY,GUYANA,Probability to receive funding,By technology,Other energy,Later stage,2019,0,Percentage,0.5
GUY,GUYANA,Probability to receive funding,By technology,Other energy,Later stage,2020,0,Percentage,0.5
GUY,GUYANA,Probability to receive funding,By technology,Other energy,Later stage,2021,0,Percentage,0.5
HTI,HAITI,Probability to receive funding,"By sector (energy, green, digital)",Energy,Early stage,2021,50,Percentage,2
HTI,HAITI,Fundings of start-ups,"By sector (energy, green, digital)",Energy,Early stage,2022,7.142465591,Years,2
HTI,HAITI,Probability to receive funding,"By sector (energy, green, digital)",Energy and digital,Early stage,2021,100,Percentage,1
HTI,HAITI,Fundings of start-ups,"By sector (energy, green, digital)",Energy and digital,Early stage,2022,7.142465591,Years,1
HTI,HAITI,Probability to receive funding,"By sector (energy, green, digital)",Energy and non-digital,Early stage,2021,0,Percentage,1
HTI,HAITI,Fundings of start-ups,"By sector (energy, green, digital)",Non-energy,Early stage,2015,294198.9063,USD,1
HTI,HAITI,Fundings of start-ups,"By sector (energy, green, digital)",Non-energy,Early stage,2017,113297.875,USD,1
HTI,HAITI,Fundings of start-ups,"By sector (energy, green, digital)",Non-energy,Early stage,2020,161363.6406,USD,1
HTI,HAITI,Probability to receive funding,"By sector (energy, green, digital)",Non-energy,Early stage,2021,16.66666603,Percentage,12
HTI,HAITI,Fundings of start-ups,"By sector (energy, green, digital)",Non-energy,Early stage,2022,1.064383507,Years,12
HTI,HAITI,Probability to receive funding,"By sector (energy, green, digital)",Energy,Later stage,2021,0,Percentage,2
HTI,HAITI,Probability to receive funding,"By sector (energy, green, digital)",Energy and digital,Later stage,2021,0,Percentage,1
HTI,HAITI,Probability to receive funding,"By sector (energy, green, digital)",Energy and non-digital,Later stage,2021,0,Percentage,1
HTI,HAITI,Probability to receive funding,"By sector (energy, green, digital)",Non-energy,Later stage,2021,8.333333015,Percentage,12
HTI,HAITI,Fundings of start-ups,"By sector (energy, green, digital)",Non-energy,Later stage,2022,2.328767061,Years,12
HTI,HAITI,Probability to receive funding,By technology,Clean energy,Early stage,2021,0,Percentage,1
HTI,HAITI,Probability to receive funding,By technology,Energy efficiency,Early stage,2015,100,Percentage,1
HTI,HAITI,Probability to receive funding,By technology,Energy efficiency,Early stage,2016,100,Percentage,1
HTI,HAITI,Probability to receive funding,By technology,Energy efficiency,Early stage,2017,100,Percentage,1
HTI,HAITI,Probability to receive funding,By technology,Energy efficiency,Early stage,2018,100,Percentage,1
HTI,HAITI,Probability to receive funding,By technology,Energy efficiency,Early stage,2019,100,Percentage,1
HTI,HAITI,Probability to receive funding,By technology,Energy efficiency,Early stage,2020,100,Percentage,1
HTI,HAITI,Probability to receive funding,By technology,Energy efficiency,Early stage,2021,100,Percentage,1
HTI,HAITI,Probability to receive funding,By technology,Grid,Early stage,2015,0,Percentage,0.5
HTI,HAITI,Probability to receive funding,By technology,Grid,Early stage,2016,0,Percentage,0.5
HTI,HAITI,Probability to receive funding,By technology,Grid,Early stage,2017,0,Percentage,0.5
HTI,HAITI,Probability to receive funding,By technology,Grid,Early stage,2018,0,Percentage,0.5
HTI,HAITI,Probability to receive funding,By technology,Grid,Early stage,2019,0,Percentage,0.5
HTI,HAITI,Probability to receive funding,By technology,Grid,Early stage,2020,0,Percentage,0.5
HTI,HAITI,Probability to receive funding,By technology,Grid,Early stage,2021,0,Percentage,0.5
HTI,HAITI,Probability to receive funding,By technology,Non-clean energy,Early stage,2021,100,Percentage,1
HTI,HAITI,Fundings of start-ups,By technology,Non-clean energy,Early stage,2022,7.142465591,Years,1
HTI,HAITI,Probability to receive funding,By technology,Other renewables,Early stage,2015,0,Percentage,0.5
HTI,HAITI,Probability to receive funding,By technology,Other renewables,Early stage,2016,0,Percentage,0.5
HTI,HAITI,Probability to receive funding,By technology,Other renewables,Early stage,2017,0,Percentage,0.5
HTI,HAITI,Probability to receive funding,By technology,Other renewables,Early stage,2018,0,Percentage,0.5
HTI,HAITI,Probability to receive funding,By technology,Other renewables,Early stage,2019,0,Percentage,0.5
HTI,HAITI,Probability to receive funding,By technology,Other renewables,Early stage,2020,0,Percentage,0.5
HTI,HAITI,Probability to receive funding,By technology,Other renewables,Early stage,2021,0,Percentage,0.5
HTI,HAITI,Probability to receive funding,By technology,Clean energy,Later stage,2021,0,Percentage,1
HTI,HAITI,Probability to receive funding,By technology,Energy efficiency,Later stage,2015,0,Percentage,1
HTI,HAITI,Probability to receive funding,By technology,Energy efficiency,Later stage,2016,0,Percentage,1
HTI,HAITI,Probability to receive funding,By technology,Energy efficiency,Later stage,2017,0,Percentage,1
HTI,HAITI,Probability to receive funding,By technology,Energy efficiency,Later stage,2018,0,Percentage,1
HTI,HAITI,Probability to receive funding,By technology,Energy efficiency,Later stage,2019,0,Percentage,1
HTI,HAITI,Probability to receive funding,By technology,Energy efficiency,Later stage,2020,0,Percentage,1
HTI,HAITI,Probability to receive funding,By technology,Energy efficiency,Later stage,2021,0,Percentage,1
HTI,HAITI,Probability to receive funding,By technology,Grid,Later stage,2015,0,Percentage,0.5
HTI,HAITI,Probability to receive funding,By technology,Grid,Later stage,2016,0,Percentage,0.5
HTI,HAITI,Probability to receive funding,By technology,Grid,Later stage,2017,0,Percentage,0.5
HTI,HAITI,Probability to receive funding,By technology,Grid,Later stage,2018,0,Percentage,0.5
HTI,HAITI,Probability to receive funding,By technology,Grid,Later stage,2019,0,Percentage,0.5
HTI,HAITI,Probability to receive funding,By technology,Grid,Later stage,2020,0,Percentage,0.5
HTI,HAITI,Probability to receive funding,By technology,Grid,Later stage,2021,0,Percentage,0.5
HTI,HAITI,Probability to receive funding,By technology,Non-clean energy,Later stage,2021,0,Percentage,1
HTI,HAITI,Probability to receive funding,By technology,Other renewables,Later stage,2015,0,Percentage,0.5
HTI,HAITI,Probability to receive funding,By technology,Other renewables,Later stage,2016,0,Percentage,0.5
HTI,HAITI,Probability to receive funding,By technology,Other renewables,Later stage,2017,0,Percentage,0.5
HTI,HAITI,Probability to receive funding,By technology,Other renewables,Later stage,2018,0,Percentage,0.5
HTI,HAITI,Probability to receive funding,By technology,Other renewables,Later stage,2019,0,Percentage,0.5
HTI,HAITI,Probability to receive funding,By technology,Other renewables,Later stage,2020,0,Percentage,0.5
HTI,HAITI,Probability to receive funding,By technology,Other renewables,Later stage,2021,0,Percentage,0.5
HND,HONDURAS,Probability to receive funding,"By sector (energy, green, digital)",Energy,Early stage,2021,0,Percentage,2
HND,HONDURAS,Probability to receive funding,"By sector (energy, green, digital)",Energy and digital,Early stage,2021,0,Percentage,2
HND,HONDURAS,Fundings of start-ups,"By sector (energy, green, digital)",Non-energy,Early stage,2013,1041067.438,USD,1
HND,HONDURAS,Fundings of start-ups,"By sector (energy, green, digital)",Non-energy,Early stage,2014,5295.580078,USD,1
HND,HONDURAS,Fundings of start-ups,"By sector (energy, green, digital)",Non-energy,Early stage,2018,44375,USD,2
HND,HONDURAS,Fundings of start-ups,"By sector (energy, green, digital)",Non-energy,Early stage,2019,271683.6875,USD,1
HND,HONDURAS,Probability to receive funding,"By sector (energy, green, digital)",Non-energy,Early stage,2021,11.11111069,Percentage,45
HND,HONDURAS,Fundings of start-ups,"By sector (energy, green, digital)",Non-energy,Early stage,2021,2057971,USD,1
HND,HONDURAS,Fundings of start-ups,"By sector (energy, green, digital)",Non-energy,Early stage,2022,2.535890341,Years,45
HND,HONDURAS,Probability to receive funding,"By sector (energy, green, digital)",Energy,Later stage,2021,0,Percentage,2
HND,HONDURAS,Probability to receive funding,"By sector (energy, green, digital)",Energy and digital,Later stage,2021,0,Percentage,2
HND,HONDURAS,Probability to receive funding,"By sector (energy, green, digital)",Non-energy,Later stage,2021,0,Percentage,45
HND,HONDURAS,Probability to receive funding,By technology,Clean energy,Early stage,2021,0,Percentage,1
HND,HONDURAS,Probability to receive funding,By technology,Energy efficiency,Early stage,2015,0,Percentage,0.666666687
HND,HONDURAS,Probability to receive funding,By technology,Energy efficiency,Early stage,2016,0,Percentage,0.666666687
HND,HONDURAS,Probability to receive funding,By technology,Energy efficiency,Early stage,2017,0,Percentage,0.666666687
HND,HONDURAS,Probability to receive funding,By technology,Energy efficiency,Early stage,2018,0,Percentage,0.666666687
HND,HONDURAS,Probability to receive funding,By technology,Energy efficiency,Early stage,2019,0,Percentage,0.666666687
HND,HONDURAS,Probability to receive funding,By technology,Energy efficiency,Early stage,2020,0,Percentage,0.666666687
HND,HONDURAS,Probability to receive funding,By technology,Energy efficiency,Early stage,2021,0,Percentage,0.666666687
HND,HONDURAS,Probability to receive funding,By technology,Grid,Early stage,2015,0,Percentage,1
HND,HONDURAS,Probability to receive funding,By technology,Grid,Early stage,2016,0,Percentage,1
HND,HONDURAS,Probability to receive funding,By technology,Grid,Early stage,2017,0,Percentage,1
HND,HONDURAS,Probability to receive funding,By technology,Grid,Early stage,2018,0,Percentage,1
HND,HONDURAS,Probability to receive funding,By technology,Grid,Early stage,2019,0,Percentage,1
HND,HONDURAS,Probability to receive funding,By technology,Grid,Early stage,2020,0,Percentage,1
HND,HONDURAS,Probability to receive funding,By technology,Grid,Early stage,2021,0,Percentage,1
HND,HONDURAS,Probability to receive funding,By technology,Non-clean energy,Early stage,2021,0,Percentage,1
HND,HONDURAS,Probability to receive funding,By technology,Other energy,Early stage,2015,0,Percentage,0.333333343
HND,HONDURAS,Probability to receive funding,By technology,Other energy,Early stage,2016,0,Percentage,0.333333343
HND,HONDURAS,Probability to receive funding,By technology,Other energy,Early stage,2017,0,Percentage,0.333333343
HND,HONDURAS,Probability to receive funding,By technology,Other energy,Early stage,2018,0,Percentage,0.333333343
HND,HONDURAS,Probability to receive funding,By technology,Other energy,Early stage,2019,0,Percentage,0.333333343
HND,HONDURAS,Probability to receive funding,By technology,Other energy,Early stage,2020,0,Percentage,0.333333343
HND,HONDURAS,Probability to receive funding,By technology,Other energy,Early stage,2021,0,Percentage,0.333333343
HND,HONDURAS,Probability to receive funding,By technology,Clean energy,Later stage,2021,0,Percentage,1
HND,HONDURAS,Probability to receive funding,By technology,Energy efficiency,Later stage,2015,0,Percentage,0.666666687
HND,HONDURAS,Probability to receive funding,By technology,Energy efficiency,Later stage,2016,0,Percentage,0.666666687
HND,HONDURAS,Probability to receive funding,By technology,Energy efficiency,Later stage,2017,0,Percentage,0.666666687
HND,HONDURAS,Probability to receive funding,By technology,Energy efficiency,Later stage,2018,0,Percentage,0.666666687
HND,HONDURAS,Probability to receive funding,By technology,Energy efficiency,Later stage,2019,0,Percentage,0.666666687
HND,HONDURAS,Probability to receive funding,By technology,Energy efficiency,Later stage,2020,0,Percentage,0.666666687
HND,HONDURAS,Probability to receive funding,By technology,Energy efficiency,Later stage,2021,0,Percentage,0.666666687
HND,HONDURAS,Probability to receive funding,By technology,Grid,Later stage,2015,0,Percentage,1
HND,HONDURAS,Probability to receive funding,By technology,Grid,Later stage,2016,0,Percentage,1
HND,HONDURAS,Probability to receive funding,By technology,Grid,Later stage,2017,0,Percentage,1
HND,HONDURAS,Probability to receive funding,By technology,Grid,Later stage,2018,0,Percentage,1
HND,HONDURAS,Probability to receive funding,By technology,Grid,Later stage,2019,0,Percentage,1
HND,HONDURAS,Probability to receive funding,By technology,Grid,Later stage,2020,0,Percentage,1
HND,HONDURAS,Probability to receive funding,By technology,Grid,Later stage,2021,0,Percentage,1
HND,HONDURAS,Probability to receive funding,By technology,Non-clean energy,Later stage,2021,0,Percentage,1
HND,HONDURAS,Probability to receive funding,By technology,Other energy,Later stage,2015,0,Percentage,0.333333343
HND,HONDURAS,Probability to receive funding,By technology,Other energy,Later stage,2016,0,Percentage,0.333333343
HND,HONDURAS,Probability to receive funding,By technology,Other energy,Later stage,2017,0,Percentage,0.333333343
HND,HONDURAS,Probability to receive funding,By technology,Other energy,Later stage,2018,0,Percentage,0.333333343
HND,HONDURAS,Probability to receive funding,By technology,Other energy,Later stage,2019,0,Percentage,0.333333343
HND,HONDURAS,Probability to receive funding,By technology,Other energy,Later stage,2020,0,Percentage,0.333333343
HND,HONDURAS,Probability to receive funding,By technology,Other energy,Later stage,2021,0,Percentage,0.333333343
HKG,HONG KONG (CHINA),Fundings of start-ups,"By sector (energy, green, digital)",Energy,Early stage,2012,60511364,USD,1
HKG,HONG KONG (CHINA),Fundings of start-ups,"By sector (energy, green, digital)",Energy,Early stage,2013,254593.6406,USD,2
HKG,HONG KONG (CHINA),Fundings of start-ups,"By sector (energy, green, digital)",Energy,Early stage,2014,14709.94434,USD,1
HKG,HONG KONG (CHINA),Fundings of start-ups,"By sector (energy, green, digital)",Energy,Early stage,2015,422111.875,USD,1
HKG,HONG KONG (CHINA),Fundings of start-ups,"By sector (energy, green, digital)",Energy,Early stage,2016,115760.8672,USD,1
HKG,HONG KONG (CHINA),Fundings of start-ups,"By sector (energy, green, digital)",Energy,Early stage,2017,335709.5313,USD,1
HKG,HONG KONG (CHINA),Fundings of start-ups,"By sector (energy, green, digital)",Energy,Early stage,2018,17361718,USD,3
HKG,HONG KONG (CHINA),Fundings of start-ups,"By sector (energy, green, digital)",Energy,Early stage,2019,2802210.5,USD,4
HKG,HONG KONG (CHINA),Fundings of start-ups,"By sector (energy, green, digital)",Energy,Early stage,2020,21526984,USD,4
HKG,HONG KONG (CHINA),Probability to receive funding,"By sector (energy, green, digital)",Energy,Early stage,2021,11.11111069,Percentage,108
HKG,HONG KONG (CHINA),Fundings of start-ups,"By sector (energy, green, digital)",Energy,Early stage,2021,30869566,USD,1
HKG,HONG KONG (CHINA),Fundings of start-ups,"By sector (energy, green, digital)",Energy,Early stage,2022,3.229389906,Years,108
HKG,HONG KONG (CHINA),Fundings of start-ups,"By sector (energy, green, digital)",Energy,Early stage,2022,60000000,USD,1
HKG,HONG KONG (CHINA),Fundings of start-ups,"By sector (energy, green, digital)",Energy and digital,Early stage,2014,14709.94434,USD,1
HKG,HONG KONG (CHINA),Fundings of start-ups,"By sector (energy, green, digital)",Energy and digital,Early stage,2018,17361718,USD,3
HKG,HONG KONG (CHINA),Fundings of start-ups,"By sector (energy, green, digital)",Energy and digital,Early stage,2019,1717040.875,USD,2
HKG,HONG KONG (CHINA),Probability to receive funding,"By sector (energy, green, digital)",Energy and digital,Early stage,2021,10.63829803,Percentage,47
HKG,HONG KONG (CHINA),Fundings of start-ups,"By sector (energy, green, digital)",Energy and digital,Early stage,2021,30869566,USD,1
HKG,HONG KONG (CHINA),Fundings of start-ups,"By sector (energy, green, digital)",Energy and digital,Early stage,2022,2.578082085,Years,47
HKG,HONG KONG (CHINA),Fundings of start-ups,"By sector (energy, green, digital)",Energy and digital,Early stage,2022,60000000,USD,1
HKG,HONG KONG (CHINA),Fundings of start-ups,"By sector (energy, green, digital)",Energy and non-digital,Early stage,2012,60511364,USD,1
HKG,HONG KONG (CHINA),Fundings of start-ups,"By sector (energy, green, digital)",Energy and non-digital,Early stage,2013,254593.6406,USD,2
HKG,HONG KONG (CHINA),Fundings of start-ups,"By sector (energy, green, digital)",Energy and non-digital,Early stage,2015,422111.875,USD,1
HKG,HONG KONG (CHINA),Fundings of start-ups,"By sector (energy, green, digital)",Energy and non-digital,Early stage,2016,115760.8672,USD,1
HKG,HONG KONG (CHINA),Fundings of start-ups,"By sector (energy, green, digital)",Energy and non-digital,Early stage,2017,335709.5313,USD,1
HKG,HONG KONG (CHINA),Fundings of start-ups,"By sector (energy, green, digital)",Energy and non-digital,Early stage,2019,1085169.75,USD,2
HKG,HONG KONG (CHINA),Fundings of start-ups,"By sector (energy, green, digital)",Energy and non-digital,Early stage,2020,21526984,USD,4
HKG,HONG KONG (CHINA),Probability to receive funding,"By sector (energy, green, digital)",Energy and non-digital,Early stage,2021,11.47540951,Percentage,61
HKG,HONG KONG (CHINA),Fundings of start-ups,"By sector (energy, green, digital)",Energy and non-digital,Early stage,2022,3.772146225,Years,61
HKG,HONG KONG (CHINA),Fundings of start-ups,"By sector (energy, green, digital)",Non-energy,Early stage,2000,8229545.5,USD,1
HKG,HONG KONG (CHINA),Fundings of start-ups,"By sector (energy, green, digital)",Non-energy,Early stage,2001,20079.94922,USD,1
HKG,HONG KONG (CHINA),Fundings of start-ups,"By sector (energy, green, digital)",Non-energy,Early stage,2002,763114.1875,USD,1
HKG,HONG KONG (CHINA),Fundings of start-ups,"By sector (energy, green, digital)",Non-energy,Early stage,2003,110276592,USD,1
HKG,HONG KONG (CHINA),Fundings of start-ups,"By sector (energy, green, digital)",Non-energy,Early stage,2005,86486576,USD,2
HKG,HONG KONG (CHINA),Fundings of start-ups,"By sector (energy, green, digital)",Non-energy,Early stage,2006,8492338,USD,3
HKG,HONG KONG (CHINA),Fundings of start-ups,"By sector (energy, green, digital)",Non-energy,Early stage,2007,30476416,USD,3
HKG,HONG KONG (CHINA),Fundings of start-ups,"By sector (energy, green, digital)",Non-energy,Early stage,2008,37436364,USD,2
HKG,HONG KONG (CHINA),Fundings of start-ups,"By sector (energy, green, digital)",Non-energy,Early stage,2009,70470832,USD,9
HKG,HONG KONG (CHINA),Fundings of start-ups,"By sector (energy, green, digital)",Non-energy,Early stage,2010,56123724,USD,7
HKG,HONG KONG (CHINA),Fundings of start-ups,"By sector (energy, green, digital)",Non-energy,Early stage,2011,65412356,USD,8
HKG,HONG KONG (CHINA),Fundings of start-ups,"By sector (energy, green, digital)",Non-energy,Early stage,2012,61927936,USD,18
HKG,HONG KONG (CHINA),Fundings of start-ups,"By sector (energy, green, digital)",Non-energy,Early stage,2013,17408972,USD,23
HKG,HONG KONG (CHINA),Fundings of start-ups,"By sector (energy, green, digital)",Non-energy,Early stage,2014,326860640,USD,100
HKG,HONG KONG (CHINA),Fundings of start-ups,"By sector (energy, green, digital)",Non-energy,Early stage,2015,367974400,USD,87
HKG,HONG KONG (CHINA),Fundings of start-ups,"By sector (energy, green, digital)",Non-energy,Early stage,2016,419298848,USD,53
HKG,HONG KONG (CHINA),Fundings of start-ups,"By sector (energy, green, digital)",Non-energy,Early stage,2017,1218718336,USD,70
HKG,HONG KONG (CHINA),Fundings of start-ups,"By sector (energy, green, digital)",Non-energy,Early stage,2018,585275072,USD,71
HKG,HONG KONG (CHINA),Fundings of start-ups,"By sector (energy, green, digital)",Non-energy,Early stage,2019,265248624,USD,55
HKG,HONG KONG (CHINA),Fundings of start-ups,"By sector (energy, green, digital)",Non-energy,Early stage,2020,595488064,USD,49
HKG,HONG KONG (CHINA),Probability to receive funding,"By sector (energy, green, digital)",Non-energy,Early stage,2021,11.25284767,Percentage,4390
HKG,HONG KONG (CHINA),Fundings of start-ups,"By sector (energy, green, digital)",Non-energy,Early stage,2021,1377413632,USD,82
HKG,HONG KONG (CHINA),Fundings of start-ups,"By sector (energy, green, digital)",Non-energy,Early stage,2022,1.863226175,Years,4399
HKG,HONG KONG (CHINA),Fundings of start-ups,"By sector (energy, green, digital)",Non-energy,Early stage,2022,782208832,USD,47
HKG,HONG KONG (CHINA),Fundings of start-ups,"By sector (energy, green, digital)",Energy,Later stage,2020,21515.15234,USD,1
HKG,HONG KONG (CHINA),Probability to receive funding,"By sector (energy, green, digital)",Energy,Later stage,2021,5.555555344,Percentage,108
HKG,HONG KONG (CHINA),Fundings of start-ups,"By sector (energy, green, digital)",Energy,Later stage,2021,5144927.5,USD,1
HKG,HONG KONG (CHINA),Fundings of start-ups,"By sector (energy, green, digital)",Energy,Later stage,2022,8.267123222,Years,108
HKG,HONG KONG (CHINA),Probability to receive funding,"By sector (energy, green, digital)",Energy and digital,Later stage,2021,2.127659559,Percentage,47
HKG,HONG KONG (CHINA),Fundings of start-ups,"By sector (energy, green, digital)",Energy and digital,Later stage,2022,8.386301041,Years,47
HKG,HONG KONG (CHINA),Fundings of start-ups,"By sector (energy, green, digital)",Energy and non-digital,Later stage,2020,21515.15234,USD,1
HKG,HONG KONG (CHINA),Probability to receive funding,"By sector (energy, green, digital)",Energy and non-digital,Later stage,2021,8.196721077,Percentage,61
HKG,HONG KONG (CHINA),Fundings of start-ups,"By sector (energy, green, digital)",Energy and non-digital,Later stage,2021,5144927.5,USD,1
HKG,HONG KONG (CHINA),Fundings of start-ups,"By sector (energy, green, digital)",Energy and non-digital,Later stage,2022,8.24328804,Years,61
HKG,HONG KONG (CHINA),Fundings of start-ups,"By sector (energy, green, digital)",Non-energy,Later stage,2009,21268146,USD,2
HKG,HONG KONG (CHINA),Fundings of start-ups,"By sector (energy, green, digital)",Non-energy,Later stage,2010,38263472,USD,1
HKG,HONG KONG (CHINA),Fundings of start-ups,"By sector (energy, green, digital)",Non-energy,Later stage,2012,1210227.25,USD,1
HKG,HONG KONG (CHINA),Fundings of start-ups,"By sector (energy, green, digital)",Non-energy,Later stage,2013,658146.0625,USD,1
HKG,HONG KONG (CHINA),Fundings of start-ups,"By sector (energy, green, digital)",Non-energy,Later stage,2015,5174313.5,USD,2
HKG,HONG KONG (CHINA),Fundings of start-ups,"By sector (energy, green, digital)",Non-energy,Later stage,2016,116498192,USD,3
HKG,HONG KONG (CHINA),Fundings of start-ups,"By sector (energy, green, digital)",Non-energy,Later stage,2017,279052672,USD,4
HKG,HONG KONG (CHINA),Fundings of start-ups,"By sector (energy, green, digital)",Non-energy,Later stage,2018,2844596736,USD,9
HKG,HONG KONG (CHINA),Fundings of start-ups,"By sector (energy, green, digital)",Non-energy,Later stage,2019,804122240,USD,11
HKG,HONG KONG (CHINA),Fundings of start-ups,"By sector (energy, green, digital)",Non-energy,Later stage,2020,597206848,USD,4
HKG,HONG KONG (CHINA),Fundings of start-ups,"By sector (energy, green, digital)",Non-energy,Later stage,2021,2268284160,USD,12
HKG,HONG KONG (CHINA),Probability to receive funding,"By sector (energy, green, digital)",Non-energy,Later stage,2021,1.753986359,Percentage,4390
HKG,HONG KONG (CHINA),Fundings of start-ups,"By sector (energy, green, digital)",Non-energy,Later stage,2022,4.178971767,Years,4399
HKG,HONG KONG (CHINA),Fundings of start-ups,"By sector (energy, green, digital)",Non-energy,Later stage,2022,181000000,USD,5
HKG,HONG KONG (CHINA),Fundings of start-ups,By technology,Electric mobility,all,2013,97381.08594,USD,0.5
HKG,HONG KONG (CHINA),Fundings of start-ups,By technology,Electric mobility,all,2015,211055.9375,USD,0.5
HKG,HONG KONG (CHINA),Fundings of start-ups,By technology,Electric mobility,all,2016,115760.8672,USD,1
HKG,HONG KONG (CHINA),Fundings of start-ups,By technology,Electric mobility,all,2017,167854.7656,USD,0.5
HKG,HONG KONG (CHINA),Fundings of start-ups,By technology,Energy efficiency,all,2014,14709.94434,USD,1
HKG,HONG KONG (CHINA),Fundings of start-ups,By technology,Energy efficiency,all,2019,156275.7031,USD,2
HKG,HONG KONG (CHINA),Fundings of start-ups,By technology,Energy storage and batteries,all,2013,97381.08594,USD,0.5
HKG,HONG KONG (CHINA),Fundings of start-ups,By technology,Energy storage and batteries,all,2015,211055.9375,USD,0.5
HKG,HONG KONG (CHINA),Fundings of start-ups,By technology,Energy storage and batteries,all,2017,167854.7656,USD,0.5
HKG,HONG KONG (CHINA),Fundings of start-ups,By technology,Energy storage and batteries,all,2018,8320312.5,USD,0.5
HKG,HONG KONG (CHINA),Fundings of start-ups,By technology,Energy storage and batteries,all,2019,512699.6875,USD,0.5
HKG,HONG KONG (CHINA),Fundings of start-ups,By technology,Energy storage and batteries,all,2022,30000000,USD,0.5
HKG,HONG KONG (CHINA),Fundings of start-ups,By technology,Fossil fuels,all,2012,12102273,USD,0.200000003
HKG,HONG KONG (CHINA),Fundings of start-ups,By technology,Fossil fuels,all,2020,15060606,USD,1
HKG,HONG KONG (CHINA),Fundings of start-ups,By technology,Fossil fuels,all,2021,5144927.5,USD,1
HKG,HONG KONG (CHINA),Fundings of start-ups,By technology,Other energy,all,2012,12102273,USD,0.200000003
HKG,HONG KONG (CHINA),Fundings of start-ups,By technology,Other energy,all,2018,8320312.5,USD,0.5
HKG,HONG KONG (CHINA),Fundings of start-ups,By technology,Other energy,all,2019,542584.875,USD,1
HKG,HONG KONG (CHINA),Fundings of start-ups,By technology,Other energy,all,2020,16674.24219,USD,1.5
HKG,HONG KONG (CHINA),Fundings of start-ups,By technology,Other energy,all,2022,30000000,USD,0.5
HKG,HONG KONG (CHINA),Fundings of start-ups,By technology,Other renewables,all,2011,37151.16406,USD,0.5
HKG,HONG KONG (CHINA),Fundings of start-ups,By technology,Other renewables,all,2012,24204546,USD,0.400000006
HKG,HONG KONG (CHINA),Fundings of start-ups,By technology,Other renewables,all,2013,29915.73047,USD,0.5
HKG,HONG KONG (CHINA),Fundings of start-ups,By technology,Other renewables,all,2018,721093.75,USD,2
HKG,HONG KONG (CHINA),Fundings of start-ups,By technology,Other renewables,all,2019,1659987.25,USD,1.5
HKG,HONG KONG (CHINA),Fundings of start-ups,By technology,Other renewables,all,2020,6471219.5,USD,2.5
HKG,HONG KONG (CHINA),Fundings of start-ups,By technology,Other renewables,all,2021,30869566,USD,1
HKG,HONG KONG (CHINA),Fundings of start-ups,By technology,Solar,all,2011,37151.16406,USD,0.5
HKG,HONG KONG (CHINA),Fundings of start-ups,By technology,Solar,all,2012,12102273,USD,0.200000003
HKG,HONG KONG (CHINA),Fundings of start-ups,By technology,Solar,all,2013,29915.73047,USD,0.5
HKG,HONG KONG (CHINA),Fundings of start-ups,By technology,Clean energy,Early stage,2012,60511364,USD,1
HKG,HONG KONG (CHINA),Fundings of start-ups,By technology,Clean energy,Early stage,2013,254593.6406,USD,2
HKG,HONG KONG (CHINA),Fundings of start-ups,By technology,Clean energy,Early stage,2015,422111.875,USD,1
HKG,HONG KONG (CHINA),Fundings of start-ups,By technology,Clean energy,Early stage,2016,115760.8672,USD,1
HKG,HONG KONG (CHINA),Fundings of start-ups,By technology,Clean energy,Early stage,2017,335709.5313,USD,1
HKG,HONG KONG (CHINA),Fundings of start-ups,By technology,Clean energy,Early stage,2018,721093.75,USD,2
HKG,HONG KONG (CHINA),Fundings of start-ups,By technology,Clean energy,Early stage,2019,1689872.5,USD,2
HKG,HONG KONG (CHINA),Fundings of start-ups,By technology,Clean energy,Early stage,2020,6466379,USD,3
HKG,HONG KONG (CHINA),Fundings of start-ups,By technology,Clean energy,Early stage,2021,30869566,USD,1
HKG,HONG KONG (CHINA),Probability to receive funding,By technology,Clean energy,Early stage,2021,16.66666603,Percentage,42
HKG,HONG KONG (CHINA),Fundings of start-ups,By technology,Clean energy,Early stage,2022,2.919178009,Years,42
HKG,HONG KONG (CHINA),Probability to receive funding,By technology,Electric mobility,Early stage,2015,0,Percentage,1
HKG,HONG KONG (CHINA),Probability to receive funding,By technology,Electric mobility,Early stage,2016,50,Percentage,2
HKG,HONG KONG (CHINA),Probability to receive funding,By technology,Electric mobility,Early stage,2017,25,Percentage,4
HKG,HONG KONG (CHINA),Probability to receive funding,By technology,Electric mobility,Early stage,2018,33.33333206,Percentage,4.5
HKG,HONG KONG (CHINA),Probability to receive funding,By technology,Electric mobility,Early stage,2019,31.03448296,Percentage,4.833333492
HKG,HONG KONG (CHINA),Probability to receive funding,By technology,Electric mobility,Early stage,2020,31.03448296,Percentage,4.833333492
HKG,HONG KONG (CHINA),Probability to receive funding,By technology,Electric mobility,Early stage,2021,25.7142849,Percentage,5.833333492
HKG,HONG KONG (CHINA),Probability to receive funding,By technology,Energy efficiency,Early stage,2015,4.05405426,Percentage,24.66666603
HKG,HONG KONG (CHINA),Probability to receive funding,By technology,Energy efficiency,Early stage,2016,3.614457846,Percentage,27.66666603
HKG,HONG KONG (CHINA),Probability to receive funding,By technology,Energy efficiency,Early stage,2017,3.370786428,Percentage,29.66666603
HKG,HONG KONG (CHINA),Probability to receive funding,By technology,Energy efficiency,Early stage,2018,3.15789485,Percentage,31.66666603
HKG,HONG KONG (CHINA),Probability to receive funding,By technology,Energy efficiency,Early stage,2019,5.769230843,Percentage,34.66666794
HKG,HONG KONG (CHINA),Probability to receive funding,By technology,Energy efficiency,Early stage,2020,5.769230843,Percentage,34.66666794
HKG,HONG KONG (CHINA),Probability to receive funding,By technology,Energy efficiency,Early stage,2021,5.769230843,Percentage,34.66666794
HKG,HONG KONG (CHINA),Fundings of start-ups,By technology,Energy efficiency,Early stage,2022,3.250684977,Years,34.66666794
HKG,HONG KONG (CHINA),Probability to receive funding,By technology,Energy storage and batteries,Early stage,2015,0,Percentage,4.916666508
HKG,HONG KONG (CHINA),Probability to receive funding,By technology,Energy storage and batteries,Early stage,2016,0,Percentage,4.916666508
HKG,HONG KONG (CHINA),Probability to receive funding,By technology,Energy storage and batteries,Early stage,2017,9.230769157,Percentage,5.416666508
HKG,HONG KONG (CHINA),Probability to receive funding,By technology,Energy storage and batteries,Early stage,2018,23.37662315,Percentage,6.416666508
HKG,HONG KONG (CHINA),Probability to receive funding,By technology,Energy storage and batteries,Early stage,2019,22.22222137,Percentage,6.75
HKG,HONG KONG (CHINA),Probability to receive funding,By technology,Energy storage and batteries,Early stage,2020,22.22222137,Percentage,6.75
HKG,HONG KONG (CHINA),Probability to receive funding,By technology,Energy storage and batteries,Early stage,2021,22.22222137,Percentage,6.75
HKG,HONG KONG (CHINA),Probability to receive funding,By technology,Fossil fuels,Early stage,2015,10.16949177,Percentage,9.833333015
HKG,HONG KONG (CHINA),Probability to receive funding,By technology,Fossil fuels,Early stage,2016,9.523809433,Percentage,10.5
HKG,HONG KONG (CHINA),Probability to receive funding,By technology,Fossil fuels,Early stage,2017,9.523809433,Percentage,10.5
HKG,HONG KONG (CHINA),Probability to receive funding,By technology,Fossil fuels,Early stage,2018,9.090909004,Percentage,11
HKG,HONG KONG (CHINA),Probability to receive funding,By technology,Fossil fuels,Early stage,2019,9.090909004,Percentage,11
HKG,HONG KONG (CHINA),Probability to receive funding,By technology,Fossil fuels,Early stage,2020,9.090909004,Percentage,11
HKG,HONG KONG (CHINA),Probability to receive funding,By technology,Fossil fuels,Early stage,2021,9.090909004,Percentage,11
HKG,HONG KONG (CHINA),Fundings of start-ups,By technology,Fossil fuels,Early stage,2022,8.813698769,Years,11
HKG,HONG KONG (CHINA),Probability to receive funding,By technology,Grid,Early stage,2015,0,Percentage,5.333333492
HKG,HONG KONG (CHINA),Probability to receive funding,By technology,Grid,Early stage,2016,0,Percentage,5.333333492
HKG,HONG KONG (CHINA),Probability to receive funding,By technology,Grid,Early stage,2017,0,Percentage,5.333333492
HKG,HONG KONG (CHINA),Probability to receive funding,By technology,Grid,Early stage,2018,0,Percentage,5.333333492
HKG,HONG KONG (CHINA),Probability to receive funding,By technology,Grid,Early stage,2019,0,Percentage,5.333333492
HKG,HONG KONG (CHINA),Probability to receive funding,By technology,Grid,Early stage,2020,0,Percentage,5.333333492
HKG,HONG KONG (CHINA),Probability to receive funding,By technology,Grid,Early stage,2021,0,Percentage,5.333333492
HKG,HONG KONG (CHINA),Fundings of start-ups,By technology,Non-clean energy,Early stage,2014,14709.94434,USD,1
HKG,HONG KONG (CHINA),Fundings of start-ups,By technology,Non-clean energy,Early stage,2018,16640625,USD,1
HKG,HONG KONG (CHINA),Fundings of start-ups,By technology,Non-clean energy,Early stage,2019,1112338.125,USD,2
HKG,HONG KONG (CHINA),Fundings of start-ups,By technology,Non-clean energy,Early stage,2020,15060606,USD,1
HKG,HONG KONG (CHINA),Probability to receive funding,By technology,Non-clean energy,Early stage,2021,7.575757504,Percentage,66
HKG,HONG KONG (CHINA),Fundings of start-ups,By technology,Non-clean energy,Early stage,2022,3.601643801,Years,66
HKG,HONG KONG (CHINA),Fundings of start-ups,By technology,Non-clean energy,Early stage,2022,60000000,USD,1
HKG,HONG KONG (CHINA),Probability to receive funding,By technology,Other energy,Early stage,2015,0,Percentage,16.66666603
HKG,HONG KONG (CHINA),Probability to receive funding,By technology,Other energy,Early stage,2016,0,Percentage,17
HKG,HONG KONG (CHINA),Probability to receive funding,By technology,Other energy,Early stage,2017,2.857142925,Percentage,17.5
HKG,HONG KONG (CHINA),Probability to receive funding,By technology,Other energy,Early stage,2018,5.405405521,Percentage,18.5
HKG,HONG KONG (CHINA),Probability to receive funding,By technology,Other energy,Early stage,2019,7.894736767,Percentage,19
HKG,HONG KONG (CHINA),Probability to receive funding,By technology,Other energy,Early stage,2020,7.894736767,Percentage,19
HKG,HONG KONG (CHINA),Probability to receive funding,By technology,Other energy,Early stage,2021,7.894736767,Percentage,19
HKG,HONG KONG (CHINA),Fundings of start-ups,By technology,Other energy,Early stage,2022,0.922374427,Years,19
HKG,HONG KONG (CHINA),Probability to receive funding,By technology,Other renewables,Early stage,2015,20.97902107,Percentage,11.91666698
HKG,HONG KONG (CHINA),Probability to receive funding,By technology,Other renewables,Early stage,2016,19.35483932,Percentage,12.91666698
HKG,HONG KONG (CHINA),Probability to receive funding,By technology,Other renewables,Early stage,2017,19.35483932,Percentage,12.91666698
HKG,HONG KONG (CHINA),Probability to receive funding,By technology,Other renewables,Early stage,2018,25.14970016,Percentage,13.91666698
HKG,HONG KONG (CHINA),Probability to receive funding,By technology,Other renewables,Early stage,2019,27.11864471,Percentage,14.75
HKG,HONG KONG (CHINA),Probability to receive funding,By technology,Other renewables,Early stage,2020,27.11864471,Percentage,14.75
HKG,HONG KONG (CHINA),Probability to receive funding,By technology,Other renewables,Early stage,2021,27.11864471,Percentage,14.75
HKG,HONG KONG (CHINA),Fundings of start-ups,By technology,Other renewables,Early stage,2022,4.006849289,Years,14.75
HKG,HONG KONG (CHINA),Probability to receive funding,By technology,Solar,Early stage,2015,9.375,Percentage,5.333333492
HKG,HONG KONG (CHINA),Probability to receive funding,By technology,Solar,Early stage,2016,9.375,Percentage,5.333333492
HKG,HONG KONG (CHINA),Probability to receive funding,By technology,Solar,Early stage,2017,9.375,Percentage,5.333333492
HKG,HONG KONG (CHINA),Probability to receive funding,By technology,Solar,Early stage,2018,9.375,Percentage,5.333333492
HKG,HONG KONG (CHINA),Probability to receive funding,By technology,Solar,Early stage,2019,9.375,Percentage,5.333333492
HKG,HONG KONG (CHINA),Probability to receive funding,By technology,Solar,Early stage,2020,9.375,Percentage,5.333333492
HKG,HONG KONG (CHINA),Probability to receive funding,By technology,Solar,Early stage,2021,9.375,Percentage,5.333333492
HKG,HONG KONG (CHINA),Probability to receive funding,By technology,Wind,Early stage,2015,0,Percentage,0.333333343
HKG,HONG KONG (CHINA),Probability to receive funding,By technology,Wind,Early stage,2016,0,Percentage,0.333333343
HKG,HONG KONG (CHINA),Probability to receive funding,By technology,Wind,Early stage,2017,0,Percentage,0.333333343
HKG,HONG KONG (CHINA),Probability to receive funding,By technology,Wind,Early stage,2018,0,Percentage,0.333333343
HKG,HONG KONG (CHINA),Probability to receive funding,By technology,Wind,Early stage,2019,0,Percentage,0.333333343
HKG,HONG KONG (CHINA),Probability to receive funding,By technology,Wind,Early stage,2020,0,Percentage,0.333333343
HKG,HONG KONG (CHINA),Probability to receive funding,By technology,Wind,Early stage,2021,0,Percentage,0.333333343
HKG,HONG KONG (CHINA),Fundings of start-ups,By technology,Clean energy,Later stage,2020,21515.15234,USD,1
HKG,HONG KONG (CHINA),Probability to receive funding,By technology,Clean energy,Later stage,2021,9.523809433,Percentage,42
HKG,HONG KONG (CHINA),Fundings of start-ups,By technology,Clean energy,Later stage,2022,7.689725876,Years,42
HKG,HONG KONG (CHINA),Probability to receive funding,By technology,Electric mobility,Later stage,2015,50,Percentage,1
HKG,HONG KONG (CHINA),Probability to receive funding,By technology,Electric mobility,Later stage,2016,25,Percentage,2
HKG,HONG KONG (CHINA),Probability to receive funding,By technology,Electric mobility,Later stage,2017,12.5,Percentage,4
HKG,HONG KONG (CHINA),Probability to receive funding,By technology,Electric mobility,Later stage,2018,11.11111069,Percentage,4.5
HKG,HONG KONG (CHINA),Probability to receive funding,By technology,Electric mobility,Later stage,2019,10.34482765,Percentage,4.833333492
HKG,HONG KONG (CHINA),Probability to receive funding,By technology,Electric mobility,Later stage,2020,10.34482765,Percentage,4.833333492
HKG,HONG KONG (CHINA),Probability to receive funding,By technology,Electric mobility,Later stage,2021,8.571428299,Percentage,5.833333492
HKG,HONG KONG (CHINA),Probability to receive funding,By technology,Energy efficiency,Later stage,2015,5.405405521,Percentage,24.66666603
HKG,HONG KONG (CHINA),Probability to receive funding,By technology,Energy efficiency,Later stage,2016,4.819277287,Percentage,27.66666603
HKG,HONG KONG (CHINA),Probability to receive funding,By technology,Energy efficiency,Later stage,2017,4.494381905,Percentage,29.66666603
HKG,HONG KONG (CHINA),Probability to receive funding,By technology,Energy efficiency,Later stage,2018,4.210526466,Percentage,31.66666603
HKG,HONG KONG (CHINA),Probability to receive funding,By technology,Energy efficiency,Later stage,2019,3.846153736,Percentage,34.66666794
HKG,HONG KONG (CHINA),Probability to receive funding,By technology,Energy efficiency,Later stage,2020,3.846153736,Percentage,34.66666794
HKG,HONG KONG (CHINA),Probability to receive funding,By technology,Energy efficiency,Later stage,2021,3.846153736,Percentage,34.66666794
HKG,HONG KONG (CHINA),Fundings of start-ups,By technology,Energy efficiency,Later stage,2022,9.389040947,Years,34.66666794
HKG,HONG KONG (CHINA),Probability to receive funding,By technology,Energy storage and batteries,Later stage,2015,0,Percentage,4.916666508
HKG,HONG KONG (CHINA),Probability to receive funding,By technology,Energy storage and batteries,Later stage,2016,0,Percentage,4.916666508
HKG,HONG KONG (CHINA),Probability to receive funding,By technology,Energy storage and batteries,Later stage,2017,0,Percentage,5.416666508
HKG,HONG KONG (CHINA),Probability to receive funding,By technology,Energy storage and batteries,Later stage,2018,0,Percentage,6.416666508
HKG,HONG KONG (CHINA),Probability to receive funding,By technology,Energy storage and batteries,Later stage,2019,0,Percentage,6.75
HKG,HONG KONG (CHINA),Probability to receive funding,By technology,Energy storage and batteries,Later stage,2020,0,Percentage,6.75
HKG,HONG KONG (CHINA),Probability to receive funding,By technology,Energy storage and batteries,Later stage,2021,0,Percentage,6.75
HKG,HONG KONG (CHINA),Probability to receive funding,By technology,Fossil fuels,Later stage,2015,10.16949177,Percentage,9.833333015
HKG,HONG KONG (CHINA),Probability to receive funding,By technology,Fossil fuels,Later stage,2016,9.523809433,Percentage,10.5
HKG,HONG KONG (CHINA),Probability to receive funding,By technology,Fossil fuels,Later stage,2017,9.523809433,Percentage,10.5
HKG,HONG KONG (CHINA),Probability to receive funding,By technology,Fossil fuels,Later stage,2018,9.090909004,Percentage,11
HKG,HONG KONG (CHINA),Probability to receive funding,By technology,Fossil fuels,Later stage,2019,9.090909004,Percentage,11
HKG,HONG KONG (CHINA),Probability to receive funding,By technology,Fossil fuels,Later stage,2020,9.090909004,Percentage,11
HKG,HONG KONG (CHINA),Probability to receive funding,By technology,Fossil fuels,Later stage,2021,9.090909004,Percentage,11
HKG,HONG KONG (CHINA),Fundings of start-ups,By technology,Fossil fuels,Later stage,2022,10.45753384,Years,11
HKG,HONG KONG (CHINA),Probability to receive funding,By technology,Grid,Later stage,2015,0,Percentage,5.333333492
HKG,HONG KONG (CHINA),Probability to receive funding,By technology,Grid,Later stage,2016,0,Percentage,5.333333492
HKG,HONG KONG (CHINA),Probability to receive funding,By technology,Grid,Later stage,2017,0,Percentage,5.333333492
HKG,HONG KONG (CHINA),Probability to receive funding,By technology,Grid,Later stage,2018,0,Percentage,5.333333492
HKG,HONG KONG (CHINA),Probability to receive funding,By technology,Grid,Later stage,2019,0,Percentage,5.333333492
HKG,HONG KONG (CHINA),Probability to receive funding,By technology,Grid,Later stage,2020,0,Percentage,5.333333492
HKG,HONG KONG (CHINA),Probability to receive funding,By technology,Grid,Later stage,2021,0,Percentage,5.333333492
HKG,HONG KONG (CHINA),Fundings of start-ups,By technology,Non-clean energy,Later stage,2021,5144927.5,USD,1
HKG,HONG KONG (CHINA),Probability to receive funding,By technology,Non-clean energy,Later stage,2021,3.030303001,Percentage,66
HKG,HONG KONG (CHINA),Fundings of start-ups,By technology,Non-clean energy,Later stage,2022,9.421917915,Years,66
HKG,HONG KONG (CHINA),Probability to receive funding,By technology,Other energy,Later stage,2015,7,Percentage,16.66666603
HKG,HONG KONG (CHINA),Probability to receive funding,By technology,Other energy,Later stage,2016,6.862745285,Percentage,17
HKG,HONG KONG (CHINA),Probability to receive funding,By technology,Other energy,Later stage,2017,6.666666508,Percentage,17.5
HKG,HONG KONG (CHINA),Probability to receive funding,By technology,Other energy,Later stage,2018,6.306306362,Percentage,18.5
HKG,HONG KONG (CHINA),Probability to receive funding,By technology,Other energy,Later stage,2019,8.771929741,Percentage,19
HKG,HONG KONG (CHINA),Probability to receive funding,By technology,Other energy,Later stage,2020,8.771929741,Percentage,19
HKG,HONG KONG (CHINA),Probability to receive funding,By technology,Other energy,Later stage,2021,8.771929741,Percentage,19
HKG,HONG KONG (CHINA),Fundings of start-ups,By technology,Other energy,Later stage,2022,7.082465649,Years,19
HKG,HONG KONG (CHINA),Probability to receive funding,By technology,Other renewables,Later stage,2015,8.391608238,Percentage,11.91666698
HKG,HONG KONG (CHINA),Probability to receive funding,By technology,Other renewables,Later stage,2016,7.741935253,Percentage,12.91666698
HKG,HONG KONG (CHINA),Probability to receive funding,By technology,Other renewables,Later stage,2017,7.741935253,Percentage,12.91666698
HKG,HONG KONG (CHINA),Probability to receive funding,By technology,Other renewables,Later stage,2018,7.185628891,Percentage,13.91666698
HKG,HONG KONG (CHINA),Probability to receive funding,By technology,Other renewables,Later stage,2019,10.16949177,Percentage,14.75
HKG,HONG KONG (CHINA),Probability to receive funding,By technology,Other renewables,Later stage,2020,10.16949177,Percentage,14.75
HKG,HONG KONG (CHINA),Probability to receive funding,By technology,Other renewables,Later stage,2021,10.16949177,Percentage,14.75
HKG,HONG KONG (CHINA),Fundings of start-ups,By technology,Other renewables,Later stage,2022,7.257838726,Years,14.75
HKG,HONG KONG (CHINA),Probability to receive funding,By technology,Solar,Later stage,2015,0,Percentage,5.333333492
HKG,HONG KONG (CHINA),Probability to receive funding,By technology,Solar,Later stage,2016,0,Percentage,5.333333492
HKG,HONG KONG (CHINA),Probability to receive funding,By technology,Solar,Later stage,2017,0,Percentage,5.333333492
HKG,HONG KONG (CHINA),Probability to receive funding,By technology,Solar,Later stage,2018,0,Percentage,5.333333492
HKG,HONG KONG (CHINA),Probability to receive funding,By technology,Solar,Later stage,2019,0,Percentage,5.333333492
HKG,HONG KONG (CHINA),Probability to receive funding,By technology,Solar,Later stage,2020,0,Percentage,5.333333492
HKG,HONG KONG (CHINA),Probability to receive funding,By technology,Solar,Later stage,2021,0,Percentage,5.333333492
HKG,HONG KONG (CHINA),Probability to receive funding,By technology,Wind,Later stage,2015,0,Percentage,0.333333343
HKG,HONG KONG (CHINA),Probability to receive funding,By technology,Wind,Later stage,2016,0,Percentage,0.333333343
HKG,HONG KONG (CHINA),Probability to receive funding,By technology,Wind,Later stage,2017,0,Percentage,0.333333343
HKG,HONG KONG (CHINA),Probability to receive funding,By technology,Wind,Later stage,2018,0,Percentage,0.333333343
HKG,HONG KONG (CHINA),Probability to receive funding,By technology,Wind,Later stage,2019,0,Percentage,0.333333343
HKG,HONG KONG (CHINA),Probability to receive funding,By technology,Wind,Later stage,2020,0,Percentage,0.333333343
HKG,HONG KONG (CHINA),Probability to receive funding,By technology,Wind,Later stage,2021,0,Percentage,0.333333343
HUN,HUNGARY,Fundings of start-ups,"By sector (energy, green, digital)",Energy,Early stage,2013,717977.5,USD,1
HUN,HUNGARY,Fundings of start-ups,"By sector (energy, green, digital)",Energy,Early stage,2015,1767612.875,USD,4
HUN,HUNGARY,Fundings of start-ups,"By sector (energy, green, digital)",Energy,Early stage,2017,1442600.25,USD,4
HUN,HUNGARY,Fundings of start-ups,"By sector (energy, green, digital)",Energy,Early stage,2018,332812.5,USD,1
HUN,HUNGARY,Fundings of start-ups,"By sector (energy, green, digital)",Energy,Early stage,2019,1456721.125,USD,2
HUN,HUNGARY,Fundings of start-ups,"By sector (energy, green, digital)",Energy,Early stage,2020,1724814.875,USD,4
HUN,HUNGARY,Probability to receive funding,"By sector (energy, green, digital)",Energy,Early stage,2021,17.30769157,Percentage,52
HUN,HUNGARY,Fundings of start-ups,"By sector (energy, green, digital)",Energy,Early stage,2021,3952903.5,USD,2
HUN,HUNGARY,Fundings of start-ups,"By sector (energy, green, digital)",Energy,Early stage,2022,2.581126213,Years,52
HUN,HUNGARY,Fundings of start-ups,"By sector (energy, green, digital)",Energy and digital,Early stage,2013,717977.5,USD,1
HUN,HUNGARY,Fundings of start-ups,"By sector (energy, green, digital)",Energy and digital,Early stage,2015,1767612.875,USD,4
HUN,HUNGARY,Fundings of start-ups,"By sector (energy, green, digital)",Energy and digital,Early stage,2017,1442600.25,USD,4
HUN,HUNGARY,Fundings of start-ups,"By sector (energy, green, digital)",Energy and digital,Early stage,2018,332812.5,USD,1
HUN,HUNGARY,Fundings of start-ups,"By sector (energy, green, digital)",Energy and digital,Early stage,2019,803738.125,USD,1
HUN,HUNGARY,Fundings of start-ups,"By sector (energy, green, digital)",Energy and digital,Early stage,2020,1391693.625,USD,3
HUN,HUNGARY,Probability to receive funding,"By sector (energy, green, digital)",Energy and digital,Early stage,2021,34.78260803,Percentage,23
HUN,HUNGARY,Fundings of start-ups,"By sector (energy, green, digital)",Energy and digital,Early stage,2021,3952903.5,USD,2
HUN,HUNGARY,Fundings of start-ups,"By sector (energy, green, digital)",Energy and digital,Early stage,2022,2.347945213,Years,23
HUN,HUNGARY,Fundings of start-ups,"By sector (energy, green, digital)",Energy and non-digital,Early stage,2019,652983,USD,1
HUN,HUNGARY,Fundings of start-ups,"By sector (energy, green, digital)",Energy and non-digital,Early stage,2020,333121.25,USD,1
HUN,HUNGARY,Probability to receive funding,"By sector (energy, green, digital)",Energy and non-digital,Early stage,2021,3.448275805,Percentage,29
HUN,HUNGARY,Fundings of start-ups,"By sector (energy, green, digital)",Energy and non-digital,Early stage,2022,4.446575165,Years,29
HUN,HUNGARY,Fundings of start-ups,"By sector (energy, green, digital)",Non-energy,Early stage,2005,5537123.5,USD,1
HUN,HUNGARY,Fundings of start-ups,"By sector (energy, green, digital)",Non-energy,Early stage,2006,4149350.75,USD,1
HUN,HUNGARY,Fundings of start-ups,"By sector (energy, green, digital)",Non-energy,Early stage,2007,8259824,USD,2
HUN,HUNGARY,Fundings of start-ups,"By sector (energy, green, digital)",Non-energy,Early stage,2009,1272804.875,USD,3
HUN,HUNGARY,Fundings of start-ups,"By sector (energy, green, digital)",Non-energy,Early stage,2010,2959964,USD,3
HUN,HUNGARY,Fundings of start-ups,"By sector (energy, green, digital)",Non-energy,Early stage,2011,6987099.5,USD,5
HUN,HUNGARY,Fundings of start-ups,"By sector (energy, green, digital)",Non-energy,Early stage,2012,3748038.75,USD,8
HUN,HUNGARY,Fundings of start-ups,"By sector (energy, green, digital)",Non-energy,Early stage,2013,6278955,USD,12
HUN,HUNGARY,Fundings of start-ups,"By sector (energy, green, digital)",Non-energy,Early stage,2014,18199074,USD,17
HUN,HUNGARY,Fundings of start-ups,"By sector (energy, green, digital)",Non-energy,Early stage,2015,15991845,USD,20
HUN,HUNGARY,Fundings of start-ups,"By sector (energy, green, digital)",Non-energy,Early stage,2016,17840310,USD,20
HUN,HUNGARY,Fundings of start-ups,"By sector (energy, green, digital)",Non-energy,Early stage,2017,30017218,USD,75
HUN,HUNGARY,Fundings of start-ups,"By sector (energy, green, digital)",Non-energy,Early stage,2018,24808306,USD,67
HUN,HUNGARY,Fundings of start-ups,"By sector (energy, green, digital)",Non-energy,Early stage,2019,80765360,USD,68
HUN,HUNGARY,Fundings of start-ups,"By sector (energy, green, digital)",Non-energy,Early stage,2020,51778776,USD,65
HUN,HUNGARY,Probability to receive funding,"By sector (energy, green, digital)",Non-energy,Early stage,2021,12.5,Percentage,1960
HUN,HUNGARY,Fundings of start-ups,"By sector (energy, green, digital)",Non-energy,Early stage,2021,48545724,USD,34
HUN,HUNGARY,Fundings of start-ups,"By sector (energy, green, digital)",Non-energy,Early stage,2022,1.422746658,Years,1965
HUN,HUNGARY,Fundings of start-ups,"By sector (energy, green, digital)",Non-energy,Early stage,2022,114131168,USD,8
HUN,HUNGARY,Probability to receive funding,"By sector (energy, green, digital)",Energy,Later stage,2021,0,Percentage,52
HUN,HUNGARY,Probability to receive funding,"By sector (energy, green, digital)",Energy and digital,Later stage,2021,0,Percentage,23
HUN,HUNGARY,Probability to receive funding,"By sector (energy, green, digital)",Energy and non-digital,Later stage,2021,0,Percentage,29
HUN,HUNGARY,Fundings of start-ups,"By sector (energy, green, digital)",Non-energy,Later stage,2008,5938182,USD,1
HUN,HUNGARY,Fundings of start-ups,"By sector (energy, green, digital)",Non-energy,Later stage,2010,4145209.5,USD,2
HUN,HUNGARY,Fundings of start-ups,"By sector (energy, green, digital)",Non-energy,Later stage,2017,2558266,USD,2
HUN,HUNGARY,Fundings of start-ups,"By sector (energy, green, digital)",Non-energy,Later stage,2018,42156248,USD,1
HUN,HUNGARY,Fundings of start-ups,"By sector (energy, green, digital)",Non-energy,Later stage,2020,29065964,USD,4
HUN,HUNGARY,Fundings of start-ups,"By sector (energy, green, digital)",Non-energy,Later stage,2021,63076812,USD,2
HUN,HUNGARY,Probability to receive funding,"By sector (energy, green, digital)",Non-energy,Later stage,2021,0.867346942,Percentage,1960
HUN,HUNGARY,Fundings of start-ups,"By sector (energy, green, digital)",Non-energy,Later stage,2022,20000000,USD,1
HUN,HUNGARY,Fundings of start-ups,"By sector (energy, green, digital)",Non-energy,Later stage,2022,6.038678646,Years,1965
HUN,HUNGARY,Fundings of start-ups,By technology,Electric mobility,all,2018,91738.65625,USD,1
HUN,HUNGARY,Fundings of start-ups,By technology,Electric mobility,all,2019,652983,USD,1
HUN,HUNGARY,Fundings of start-ups,By technology,Electric mobility,all,2020,333121.25,USD,1
HUN,HUNGARY,Fundings of start-ups,By technology,Energy efficiency,all,2013,717977.5,USD,1
HUN,HUNGARY,Fundings of start-ups,By technology,Energy efficiency,all,2015,1767612.875,USD,4
HUN,HUNGARY,Fundings of start-ups,By technology,Energy efficiency,all,2017,1442600.25,USD,4
HUN,HUNGARY,Fundings of start-ups,By technology,Energy efficiency,all,2018,332812.5,USD,1
HUN,HUNGARY,Fundings of start-ups,By technology,Energy efficiency,all,2019,803738.125,USD,1
HUN,HUNGARY,Fundings of start-ups,By technology,Energy efficiency,all,2020,1008638.25,USD,2.400000095
HUN,HUNGARY,Fundings of start-ups,By technology,Energy efficiency,all,2021,3952903.5,USD,2
HUN,HUNGARY,Fundings of start-ups,By technology,Other energy,all,2020,127685.1094,USD,0.200000003
HUN,HUNGARY,Fundings of start-ups,By technology,Other renewables,all,2020,127685.1094,USD,0.200000003
HUN,HUNGARY,Fundings of start-ups,By technology,Solar,all,2020,127685.1094,USD,0.200000003
HUN,HUNGARY,Fundings of start-ups,By technology,Clean energy,Early stage,2019,652983,USD,1
HUN,HUNGARY,Fundings of start-ups,By technology,Clean energy,Early stage,2020,971546.8125,USD,2
HUN,HUNGARY,Probability to receive funding,By technology,Clean energy,Early stage,2021,15.78947353,Percentage,19
HUN,HUNGARY,Fundings of start-ups,By technology,Clean energy,Early stage,2022,4.147945404,Years,19
HUN,HUNGARY,Probability to receive funding,By technology,Electric mobility,Early stage,2015,16.66666603,Percentage,6
HUN,HUNGARY,Probability to receive funding,By technology,Electric mobility,Early stage,2016,16.66666603,Percentage,6
HUN,HUNGARY,Probability to receive funding,By technology,Electric mobility,Early stage,2017,14.28571415,Percentage,7
HUN,HUNGARY,Probability to receive funding,By technology,Electric mobility,Early stage,2018,14.28571415,Percentage,7
HUN,HUNGARY,Probability to receive funding,By technology,Electric mobility,Early stage,2019,14.28571415,Percentage,7
HUN,HUNGARY,Probability to receive funding,By technology,Electric mobility,Early stage,2020,14.28571415,Percentage,7
HUN,HUNGARY,Probability to receive funding,By technology,Electric mobility,Early stage,2021,14.28571415,Percentage,7
HUN,HUNGARY,Probability to receive funding,By technology,Energy efficiency,Early stage,2015,21.05263138,Percentage,20.89999962
HUN,HUNGARY,Probability to receive funding,By technology,Energy efficiency,Early stage,2016,20.09132385,Percentage,21.89999962
HUN,HUNGARY,Probability to receive funding,By technology,Energy efficiency,Early stage,2017,23.58078575,Percentage,22.89999962
HUN,HUNGARY,Probability to receive funding,By technology,Energy efficiency,Early stage,2018,26.77824211,Percentage,23.89999962
HUN,HUNGARY,Probability to receive funding,By technology,Energy efficiency,Early stage,2019,26.77824211,Percentage,23.89999962
HUN,HUNGARY,Probability to receive funding,By technology,Energy efficiency,Early stage,2020,26.77824211,Percentage,23.89999962
HUN,HUNGARY,Probability to receive funding,By technology,Energy efficiency,Early stage,2021,26.77824211,Percentage,23.89999962
HUN,HUNGARY,Probability to receive funding,By technology,Energy storage and batteries,Early stage,2015,0,Percentage,1
HUN,HUNGARY,Probability to receive funding,By technology,Energy storage and batteries,Early stage,2016,0,Percentage,1
HUN,HUNGARY,Probability to receive funding,By technology,Energy storage and batteries,Early stage,2017,0,Percentage,2.5
HUN,HUNGARY,Probability to receive funding,By technology,Energy storage and batteries,Early stage,2018,0,Percentage,2.5
HUN,HUNGARY,Probability to receive funding,By technology,Energy storage and batteries,Early stage,2019,0,Percentage,2.5
HUN,HUNGARY,Probability to receive funding,By technology,Energy storage and batteries,Early stage,2020,28.5714283,Percentage,3.5
HUN,HUNGARY,Probability to receive funding,By technology,Energy storage and batteries,Early stage,2021,28.5714283,Percentage,3.5
HUN,HUNGARY,Probability to receive funding,By technology,Fossil fuels,Early stage,2015,0,Percentage,1
HUN,HUNGARY,Probability to receive funding,By technology,Fossil fuels,Early stage,2016,0,Percentage,1
HUN,HUNGARY,Probability to receive funding,By technology,Fossil fuels,Early stage,2017,0,Percentage,1
HUN,HUNGARY,Probability to receive funding,By technology,Fossil fuels,Early stage,2018,0,Percentage,1
HUN,HUNGARY,Probability to receive funding,By technology,Fossil fuels,Early stage,2019,0,Percentage,1
HUN,HUNGARY,Probability to receive funding,By technology,Fossil fuels,Early stage,2020,0,Percentage,1
HUN,HUNGARY,Probability to receive funding,By technology,Fossil fuels,Early stage,2021,0,Percentage,1
HUN,HUNGARY,Probability to receive funding,By technology,Grid,Early stage,2015,0,Percentage,2
HUN,HUNGARY,Probability to receive funding,By technology,Grid,Early stage,2016,0,Percentage,2
HUN,HUNGARY,Probability to receive funding,By technology,Grid,Early stage,2017,0,Percentage,2
HUN,HUNGARY,Probability to receive funding,By technology,Grid,Early stage,2018,0,Percentage,2
HUN,HUNGARY,Probability to receive funding,By technology,Grid,Early stage,2019,0,Percentage,2.5
HUN,HUNGARY,Probability to receive funding,By technology,Grid,Early stage,2020,0,Percentage,2.5
HUN,HUNGARY,Probability to receive funding,By technology,Grid,Early stage,2021,0,Percentage,2.5
HUN,HUNGARY,Fundings of start-ups,By technology,Non-clean energy,Early stage,2013,717977.5,USD,1
HUN,HUNGARY,Fundings of start-ups,By technology,Non-clean energy,Early stage,2015,1767612.875,USD,4
HUN,HUNGARY,Fundings of start-ups,By technology,Non-clean energy,Early stage,2017,1442600.25,USD,4
HUN,HUNGARY,Fundings of start-ups,By technology,Non-clean energy,Early stage,2018,332812.5,USD,1
HUN,HUNGARY,Fundings of start-ups,By technology,Non-clean energy,Early stage,2019,803738.125,USD,1
HUN,HUNGARY,Fundings of start-ups,By technology,Non-clean energy,Early stage,2020,753268.0625,USD,2
HUN,HUNGARY,Probability to receive funding,By technology,Non-clean energy,Early stage,2021,18.18181801,Percentage,33
HUN,HUNGARY,Fundings of start-ups,By technology,Non-clean energy,Early stage,2021,3952903.5,USD,2
HUN,HUNGARY,Fundings of start-ups,By technology,Non-clean energy,Early stage,2022,1.797716856,Years,33
HUN,HUNGARY,Probability to receive funding,By technology,Other energy,Early stage,2015,2.255639076,Percentage,8.866666794
HUN,HUNGARY,Probability to receive funding,By technology,Other energy,Early stage,2016,2.255639076,Percentage,8.866666794
HUN,HUNGARY,Probability to receive funding,By technology,Other energy,Early stage,2017,2.255639076,Percentage,8.866666794
HUN,HUNGARY,Probability to receive funding,By technology,Other energy,Early stage,2018,2.255639076,Percentage,8.866666794
HUN,HUNGARY,Probability to receive funding,By technology,Other energy,Early stage,2019,2.135231256,Percentage,9.366666794
HUN,HUNGARY,Probability to receive funding,By technology,Other energy,Early stage,2020,2.135231256,Percentage,9.366666794
HUN,HUNGARY,Probability to receive funding,By technology,Other energy,Early stage,2021,2.135231256,Percentage,9.366666794
HUN,HUNGARY,Probability to receive funding,By technology,Other renewables,Early stage,2015,11.76470566,Percentage,1.700000048
HUN,HUNGARY,Probability to receive funding,By technology,Other renewables,Early stage,2016,11.76470566,Percentage,1.700000048
HUN,HUNGARY,Probability to receive funding,By technology,Other renewables,Early stage,2017,9.090909004,Percentage,2.200000048
HUN,HUNGARY,Probability to receive funding,By technology,Other renewables,Early stage,2018,9.090909004,Percentage,2.200000048
HUN,HUNGARY,Probability to receive funding,By technology,Other renewables,Early stage,2019,9.090909004,Percentage,2.200000048
HUN,HUNGARY,Probability to receive funding,By technology,Other renewables,Early stage,2020,9.090909004,Percentage,2.200000048
HUN,HUNGARY,Probability to receive funding,By technology,Other renewables,Early stage,2021,9.090909004,Percentage,2.200000048
HUN,HUNGARY,Probability to receive funding,By technology,Solar,Early stage,2015,13.04347801,Percentage,1.533333302
HUN,HUNGARY,Probability to receive funding,By technology,Solar,Early stage,2016,13.04347801,Percentage,1.533333302
HUN,HUNGARY,Probability to receive funding,By technology,Solar,Early stage,2017,13.04347801,Percentage,1.533333302
HUN,HUNGARY,Probability to receive funding,By technology,Solar,Early stage,2018,13.04347801,Percentage,1.533333302
HUN,HUNGARY,Probability to receive funding,By technology,Solar,Early stage,2019,13.04347801,Percentage,1.533333302
HUN,HUNGARY,Probability to receive funding,By technology,Solar,Early stage,2020,13.04347801,Percentage,1.533333302
HUN,HUNGARY,Probability to receive funding,By technology,Solar,Early stage,2021,13.04347801,Percentage,1.533333302
HUN,HUNGARY,Probability to receive funding,By technology,Clean energy,Later stage,2021,0,Percentage,19
HUN,HUNGARY,Probability to receive funding,By technology,Electric mobility,Later stage,2015,0,Percentage,6
HUN,HUNGARY,Probability to receive funding,By technology,Electric mobility,Later stage,2016,0,Percentage,6
HUN,HUNGARY,Probability to receive funding,By technology,Electric mobility,Later stage,2017,0,Percentage,7
HUN,HUNGARY,Probability to receive funding,By technology,Electric mobility,Later stage,2018,0,Percentage,7
HUN,HUNGARY,Probability to receive funding,By technology,Electric mobility,Later stage,2019,0,Percentage,7
HUN,HUNGARY,Probability to receive funding,By technology,Electric mobility,Later stage,2020,0,Percentage,7
HUN,HUNGARY,Probability to receive funding,By technology,Electric mobility,Later stage,2021,0,Percentage,7
HUN,HUNGARY,Probability to receive funding,By technology,Energy efficiency,Later stage,2015,0,Percentage,20.89999962
HUN,HUNGARY,Probability to receive funding,By technology,Energy efficiency,Later stage,2016,0,Percentage,21.89999962
HUN,HUNGARY,Probability to receive funding,By technology,Energy efficiency,Later stage,2017,0,Percentage,22.89999962
HUN,HUNGARY,Probability to receive funding,By technology,Energy efficiency,Later stage,2018,0,Percentage,23.89999962
HUN,HUNGARY,Probability to receive funding,By technology,Energy efficiency,Later stage,2019,0,Percentage,23.89999962
HUN,HUNGARY,Probability to receive funding,By technology,Energy efficiency,Later stage,2020,0,Percentage,23.89999962
HUN,HUNGARY,Probability to receive funding,By technology,Energy efficiency,Later stage,2021,0,Percentage,23.89999962
HUN,HUNGARY,Probability to receive funding,By technology,Energy storage and batteries,Later stage,2015,0,Percentage,1
HUN,HUNGARY,Probability to receive funding,By technology,Energy storage and batteries,Later stage,2016,0,Percentage,1
HUN,HUNGARY,Probability to receive funding,By technology,Energy storage and batteries,Later stage,2017,0,Percentage,2.5
HUN,HUNGARY,Probability to receive funding,By technology,Energy storage and batteries,Later stage,2018,0,Percentage,2.5
HUN,HUNGARY,Probability to receive funding,By technology,Energy storage and batteries,Later stage,2019,0,Percentage,2.5
HUN,HUNGARY,Probability to receive funding,By technology,Energy storage and batteries,Later stage,2020,0,Percentage,3.5
HUN,HUNGARY,Probability to receive funding,By technology,Energy storage and batteries,Later stage,2021,0,Percentage,3.5
HUN,HUNGARY,Probability to receive funding,By technology,Fossil fuels,Later stage,2015,0,Percentage,1
HUN,HUNGARY,Probability to receive funding,By technology,Fossil fuels,Later stage,2016,0,Percentage,1
HUN,HUNGARY,Probability to receive funding,By technology,Fossil fuels,Later stage,2017,0,Percentage,1
HUN,HUNGARY,Probability to receive funding,By technology,Fossil fuels,Later stage,2018,0,Percentage,1
HUN,HUNGARY,Probability to receive funding,By technology,Fossil fuels,Later stage,2019,0,Percentage,1
HUN,HUNGARY,Probability to receive funding,By technology,Fossil fuels,Later stage,2020,0,Percentage,1
HUN,HUNGARY,Probability to receive funding,By technology,Fossil fuels,Later stage,2021,0,Percentage,1
HUN,HUNGARY,Probability to receive funding,By technology,Grid,Later stage,2015,0,Percentage,2
HUN,HUNGARY,Probability to receive funding,By technology,Grid,Later stage,2016,0,Percentage,2
HUN,HUNGARY,Probability to receive funding,By technology,Grid,Later stage,2017,0,Percentage,2
HUN,HUNGARY,Probability to receive funding,By technology,Grid,Later stage,2018,0,Percentage,2
HUN,HUNGARY,Probability to receive funding,By technology,Grid,Later stage,2019,0,Percentage,2.5
HUN,HUNGARY,Probability to receive funding,By technology,Grid,Later stage,2020,0,Percentage,2.5
HUN,HUNGARY,Probability to receive funding,By technology,Grid,Later stage,2021,0,Percentage,2.5
HUN,HUNGARY,Probability to receive funding,By technology,Non-clean energy,Later stage,2021,0,Percentage,33
HUN,HUNGARY,Probability to receive funding,By technology,Other energy,Later stage,2015,0,Percentage,8.866666794
HUN,HUNGARY,Probability to receive funding,By technology,Other energy,Later stage,2016,0,Percentage,8.866666794
HUN,HUNGARY,Probability to receive funding,By technology,Other energy,Later stage,2017,0,Percentage,8.866666794
HUN,HUNGARY,Probability to receive funding,By technology,Other energy,Later stage,2018,0,Percentage,8.866666794
HUN,HUNGARY,Probability to receive funding,By technology,Other energy,Later stage,2019,0,Percentage,9.366666794
HUN,HUNGARY,Probability to receive funding,By technology,Other energy,Later stage,2020,0,Percentage,9.366666794
HUN,HUNGARY,Probability to receive funding,By technology,Other energy,Later stage,2021,0,Percentage,9.366666794
HUN,HUNGARY,Probability to receive funding,By technology,Other renewables,Later stage,2015,0,Percentage,1.700000048
HUN,HUNGARY,Probability to receive funding,By technology,Other renewables,Later stage,2016,0,Percentage,1.700000048
HUN,HUNGARY,Probability to receive funding,By technology,Other renewables,Later stage,2017,0,Percentage,2.200000048
HUN,HUNGARY,Probability to receive funding,By technology,Other renewables,Later stage,2018,0,Percentage,2.200000048
HUN,HUNGARY,Probability to receive funding,By technology,Other renewables,Later stage,2019,0,Percentage,2.200000048
HUN,HUNGARY,Probability to receive funding,By technology,Other renewables,Later stage,2020,0,Percentage,2.200000048
HUN,HUNGARY,Probability to receive funding,By technology,Other renewables,Later stage,2021,0,Percentage,2.200000048
HUN,HUNGARY,Probability to receive funding,By technology,Solar,Later stage,2015,0,Percentage,1.533333302
HUN,HUNGARY,Probability to receive funding,By technology,Solar,Later stage,2016,0,Percentage,1.533333302
HUN,HUNGARY,Probability to receive funding,By technology,Solar,Later stage,2017,0,Percentage,1.533333302
HUN,HUNGARY,Probability to receive funding,By technology,Solar,Later stage,2018,0,Percentage,1.533333302
HUN,HUNGARY,Probability to receive funding,By technology,Solar,Later stage,2019,0,Percentage,1.533333302
HUN,HUNGARY,Probability to receive funding,By technology,Solar,Later stage,2020,0,Percentage,1.533333302
HUN,HUNGARY,Probability to receive funding,By technology,Solar,Later stage,2021,0,Percentage,1.533333302
ISL,ICELAND,Fundings of start-ups,"By sector (energy, green, digital)",Energy,Early stage,2015,46098.61328,USD,1
ISL,ICELAND,Fundings of start-ups,"By sector (energy, green, digital)",Energy,Early stage,2016,439891.3125,USD,1
ISL,ICELAND,Fundings of start-ups,"By sector (energy, green, digital)",Energy,Early stage,2019,461862.25,USD,1
ISL,ICELAND,Probability to receive funding,"By sector (energy, green, digital)",Energy,Early stage,2021,13.63636398,Percentage,22
ISL,ICELAND,Fundings of start-ups,"By sector (energy, green, digital)",Energy,Early stage,2022,3.06210041,Years,22
ISL,ICELAND,Fundings of start-ups,"By sector (energy, green, digital)",Energy and digital,Early stage,2016,439891.3125,USD,1
ISL,ICELAND,Probability to receive funding,"By sector (energy, green, digital)",Energy and digital,Early stage,2021,14.28571415,Percentage,7
ISL,ICELAND,Fundings of start-ups,"By sector (energy, green, digital)",Energy and digital,Early stage,2022,1.112328768,Years,7
ISL,ICELAND,Fundings of start-ups,"By sector (energy, green, digital)",Energy and non-digital,Early stage,2015,46098.61328,USD,1
ISL,ICELAND,Fundings of start-ups,"By sector (energy, green, digital)",Energy and non-digital,Early stage,2019,461862.25,USD,1
ISL,ICELAND,Probability to receive funding,"By sector (energy, green, digital)",Energy and non-digital,Early stage,2021,13.33333302,Percentage,15
ISL,ICELAND,Fundings of start-ups,"By sector (energy, green, digital)",Energy and non-digital,Early stage,2022,4.036986351,Years,15
ISL,ICELAND,Fundings of start-ups,"By sector (energy, green, digital)",Non-energy,Early stage,2006,691558.4375,USD,1
ISL,ICELAND,Fundings of start-ups,"By sector (energy, green, digital)",Non-energy,Early stage,2009,1249686.625,USD,1
ISL,ICELAND,Fundings of start-ups,"By sector (energy, green, digital)",Non-energy,Early stage,2010,573952.125,USD,1
ISL,ICELAND,Fundings of start-ups,"By sector (energy, green, digital)",Non-energy,Early stage,2011,1263215.125,USD,2
ISL,ICELAND,Fundings of start-ups,"By sector (energy, green, digital)",Non-energy,Early stage,2012,1752409.125,USD,5
ISL,ICELAND,Fundings of start-ups,"By sector (energy, green, digital)",Non-energy,Early stage,2013,39037428,USD,8
ISL,ICELAND,Fundings of start-ups,"By sector (energy, green, digital)",Non-energy,Early stage,2014,3608055.25,USD,5
ISL,ICELAND,Fundings of start-ups,"By sector (energy, green, digital)",Non-energy,Early stage,2015,19681920,USD,13
ISL,ICELAND,Fundings of start-ups,"By sector (energy, green, digital)",Non-energy,Early stage,2016,24297616,USD,12
ISL,ICELAND,Fundings of start-ups,"By sector (energy, green, digital)",Non-energy,Early stage,2017,7636276.5,USD,6
ISL,ICELAND,Fundings of start-ups,"By sector (energy, green, digital)",Non-energy,Early stage,2018,50227788,USD,11
ISL,ICELAND,Fundings of start-ups,"By sector (energy, green, digital)",Non-energy,Early stage,2019,51167484,USD,16
ISL,ICELAND,Fundings of start-ups,"By sector (energy, green, digital)",Non-energy,Early stage,2020,69283752,USD,12
ISL,ICELAND,Fundings of start-ups,"By sector (energy, green, digital)",Non-energy,Early stage,2021,47956244,USD,11
ISL,ICELAND,Probability to receive funding,"By sector (energy, green, digital)",Non-energy,Early stage,2021,19.94818687,Percentage,386
ISL,ICELAND,Fundings of start-ups,"By sector (energy, green, digital)",Non-energy,Early stage,2022,2.821135044,Years,387
ISL,ICELAND,Fundings of start-ups,"By sector (energy, green, digital)",Non-energy,Early stage,2022,127882488,USD,15
ISL,ICELAND,Probability to receive funding,"By sector (energy, green, digital)",Energy,Later stage,2021,13.63636398,Percentage,22
ISL,ICELAND,Fundings of start-ups,"By sector (energy, green, digital)",Energy,Later stage,2022,8.473059654,Years,22
ISL,ICELAND,Probability to receive funding,"By sector (energy, green, digital)",Energy and digital,Later stage,2021,14.28571415,Percentage,7
ISL,ICELAND,Fundings of start-ups,"By sector (energy, green, digital)",Energy and digital,Later stage,2022,6.002739906,Years,7
ISL,ICELAND,Probability to receive funding,"By sector (energy, green, digital)",Energy and non-digital,Later stage,2021,13.33333302,Percentage,15
ISL,ICELAND,Fundings of start-ups,"By sector (energy, green, digital)",Energy and non-digital,Later stage,2022,9.708219528,Years,15
ISL,ICELAND,Fundings of start-ups,"By sector (energy, green, digital)",Non-energy,Later stage,2016,1519654.25,USD,1
ISL,ICELAND,Fundings of start-ups,"By sector (energy, green, digital)",Non-energy,Later stage,2017,1163808.25,USD,1
ISL,ICELAND,Fundings of start-ups,"By sector (energy, green, digital)",Non-energy,Later stage,2018,16115346,USD,5
ISL,ICELAND,Fundings of start-ups,"By sector (energy, green, digital)",Non-energy,Later stage,2019,30886016,USD,3
ISL,ICELAND,Fundings of start-ups,"By sector (energy, green, digital)",Non-energy,Later stage,2020,10798278,USD,3
ISL,ICELAND,Probability to receive funding,"By sector (energy, green, digital)",Non-energy,Later stage,2021,6.735751152,Percentage,386
ISL,ICELAND,Fundings of start-ups,"By sector (energy, green, digital)",Non-energy,Later stage,2021,112468112,USD,3
ISL,ICELAND,Fundings of start-ups,"By sector (energy, green, digital)",Non-energy,Later stage,2022,68000000,USD,3
ISL,ICELAND,Fundings of start-ups,"By sector (energy, green, digital)",Non-energy,Later stage,2022,7.206849098,Years,387
ISL,ICELAND,Fundings of start-ups,By technology,Other energy,all,2016,315448.375,USD,1
ISL,ICELAND,Fundings of start-ups,By technology,Other renewables,all,2012,288795.3125,USD,1
ISL,ICELAND,Fundings of start-ups,By technology,Other renewables,all,2015,836149.75,USD,4
ISL,ICELAND,Fundings of start-ups,By technology,Other renewables,all,2016,449307.2813,USD,2
ISL,ICELAND,Fundings of start-ups,By technology,Other renewables,all,2017,67372.57813,USD,1
ISL,ICELAND,Fundings of start-ups,By technology,Other renewables,all,2019,461862.25,USD,1
ISL,ICELAND,Fundings of start-ups,By technology,Clean energy,Early stage,2015,46098.61328,USD,1
ISL,ICELAND,Fundings of start-ups,By technology,Clean energy,Early stage,2016,439891.3125,USD,1
ISL,ICELAND,Fundings of start-ups,By technology,Clean energy,Early stage,2019,461862.25,USD,1
ISL,ICELAND,Probability to receive funding,By technology,Clean energy,Early stage,2021,23.07692337,Percentage,13
ISL,ICELAND,Fundings of start-ups,By technology,Clean energy,Early stage,2022,3.06210041,Years,13
ISL,ICELAND,Probability to receive funding,By technology,Energy efficiency,Early stage,2015,0,Percentage,0.833333313
ISL,ICELAND,Probability to receive funding,By technology,Energy efficiency,Early stage,2016,0,Percentage,0.833333313
ISL,ICELAND,Probability to receive funding,By technology,Energy efficiency,Early stage,2017,0,Percentage,0.833333313
ISL,ICELAND,Probability to receive funding,By technology,Energy efficiency,Early stage,2018,0,Percentage,0.833333313
ISL,ICELAND,Probability to receive funding,By technology,Energy efficiency,Early stage,2019,0,Percentage,0.833333313
ISL,ICELAND,Probability to receive funding,By technology,Energy efficiency,Early stage,2020,0,Percentage,0.833333313
ISL,ICELAND,Probability to receive funding,By technology,Energy efficiency,Early stage,2021,0,Percentage,0.833333313
ISL,ICELAND,Probability to receive funding,By technology,Energy storage and batteries,Early stage,2015,0,Percentage,0.333333343
ISL,ICELAND,Probability to receive funding,By technology,Energy storage and batteries,Early stage,2016,0,Percentage,0.333333343
ISL,ICELAND,Probability to receive funding,By technology,Energy storage and batteries,Early stage,2017,0,Percentage,0.333333343
ISL,ICELAND,Probability to receive funding,By technology,Energy storage and batteries,Early stage,2018,0,Percentage,0.333333343
ISL,ICELAND,Probability to receive funding,By technology,Energy storage and batteries,Early stage,2019,0,Percentage,0.333333343
ISL,ICELAND,Probability to receive funding,By technology,Energy storage and batteries,Early stage,2020,0,Percentage,0.333333343
ISL,ICELAND,Probability to receive funding,By technology,Energy storage and batteries,Early stage,2021,0,Percentage,0.333333343
ISL,ICELAND,Probability to receive funding,By technology,Fossil fuels,Early stage,2015,0,Percentage,2.666666746
ISL,ICELAND,Probability to receive funding,By technology,Fossil fuels,Early stage,2016,0,Percentage,2.666666746
ISL,ICELAND,Probability to receive funding,By technology,Fossil fuels,Early stage,2017,0,Percentage,2.666666746
ISL,ICELAND,Probability to receive funding,By technology,Fossil fuels,Early stage,2018,0,Percentage,2.666666746
ISL,ICELAND,Probability to receive funding,By technology,Fossil fuels,Early stage,2019,0,Percentage,2.666666746
ISL,ICELAND,Probability to receive funding,By technology,Fossil fuels,Early stage,2020,0,Percentage,2.666666746
ISL,ICELAND,Probability to receive funding,By technology,Fossil fuels,Early stage,2021,0,Percentage,2.666666746
ISL,ICELAND,Probability to receive funding,By technology,Grid,Early stage,2015,0,Percentage,0.333333343
ISL,ICELAND,Probability to receive funding,By technology,Grid,Early stage,2016,0,Percentage,0.333333343
ISL,ICELAND,Probability to receive funding,By technology,Grid,Early stage,2017,0,Percentage,0.333333343
ISL,ICELAND,Probability to receive funding,By technology,Grid,Early stage,2018,0,Percentage,0.333333343
ISL,ICELAND,Probability to receive funding,By technology,Grid,Early stage,2019,0,Percentage,0.333333343
ISL,ICELAND,Probability to receive funding,By technology,Grid,Early stage,2020,0,Percentage,0.333333343
ISL,ICELAND,Probability to receive funding,By technology,Grid,Early stage,2021,0,Percentage,0.333333343
ISL,ICELAND,Probability to receive funding,By technology,Hydrogen and fuel cells,Early stage,2015,0,Percentage,0.5
ISL,ICELAND,Probability to receive funding,By technology,Hydrogen and fuel cells,Early stage,2016,0,Percentage,0.5
ISL,ICELAND,Probability to receive funding,By technology,Hydrogen and fuel cells,Early stage,2017,0,Percentage,0.5
ISL,ICELAND,Probability to receive funding,By technology,Hydrogen and fuel cells,Early stage,2018,0,Percentage,0.5
ISL,ICELAND,Probability to receive funding,By technology,Hydrogen and fuel cells,Early stage,2019,0,Percentage,0.5
ISL,ICELAND,Probability to receive funding,By technology,Hydrogen and fuel cells,Early stage,2020,0,Percentage,0.5
ISL,ICELAND,Probability to receive funding,By technology,Hydrogen and fuel cells,Early stage,2021,0,Percentage,0.5
ISL,ICELAND,Probability to receive funding,By technology,Non-clean energy,Early stage,2021,0,Percentage,9
ISL,ICELAND,Probability to receive funding,By technology,Other energy,Early stage,2015,5.769230843,Percentage,8.666666985
ISL,ICELAND,Probability to receive funding,By technology,Other energy,Early stage,2016,5.769230843,Percentage,8.666666985
ISL,ICELAND,Probability to receive funding,By technology,Other energy,Early stage,2017,5.769230843,Percentage,8.666666985
ISL,ICELAND,Probability to receive funding,By technology,Other energy,Early stage,2018,5.769230843,Percentage,8.666666985
ISL,ICELAND,Probability to receive funding,By technology,Other energy,Early stage,2019,5.769230843,Percentage,8.666666985
ISL,ICELAND,Probability to receive funding,By technology,Other energy,Early stage,2020,5.769230843,Percentage,8.666666985
ISL,ICELAND,Probability to receive funding,By technology,Other energy,Early stage,2021,5.769230843,Percentage,8.666666985
ISL,ICELAND,Probability to receive funding,By technology,Other renewables,Early stage,2015,28.84615326,Percentage,8.666666985
ISL,ICELAND,Probability to receive funding,By technology,Other renewables,Early stage,2016,28.84615326,Percentage,8.666666985
ISL,ICELAND,Probability to receive funding,By technology,Other renewables,Early stage,2017,28.84615326,Percentage,8.666666985
ISL,ICELAND,Probability to receive funding,By technology,Other renewables,Early stage,2018,28.84615326,Percentage,8.666666985
ISL,ICELAND,Probability to receive funding,By technology,Other renewables,Early stage,2019,28.84615326,Percentage,8.666666985
ISL,ICELAND,Probability to receive funding,By technology,Other renewables,Early stage,2020,28.84615326,Percentage,8.666666985
ISL,ICELAND,Probability to receive funding,By technology,Other renewables,Early stage,2021,28.84615326,Percentage,8.666666985
ISL,ICELAND,Probability to receive funding,By technology,Clean energy,Later stage,2021,15.38461494,Percentage,13
ISL,ICELAND,Fundings of start-ups,By technology,Clean energy,Later stage,2022,9.164383888,Years,13
ISL,ICELAND,Probability to receive funding,By technology,Energy efficiency,Later stage,2015,60,Percentage,0.833333313
ISL,ICELAND,Probability to receive funding,By technology,Energy efficiency,Later stage,2016,60,Percentage,0.833333313
ISL,ICELAND,Probability to receive funding,By technology,Energy efficiency,Later stage,2017,60,Percentage,0.833333313
ISL,ICELAND,Probability to receive funding,By technology,Energy efficiency,Later stage,2018,60,Percentage,0.833333313
ISL,ICELAND,Probability to receive funding,By technology,Energy efficiency,Later stage,2019,60,Percentage,0.833333313
ISL,ICELAND,Probability to receive funding,By technology,Energy efficiency,Later stage,2020,60,Percentage,0.833333313
ISL,ICELAND,Probability to receive funding,By technology,Energy efficiency,Later stage,2021,60,Percentage,0.833333313
ISL,ICELAND,Probability to receive funding,By technology,Energy storage and batteries,Later stage,2015,0,Percentage,0.333333343
ISL,ICELAND,Probability to receive funding,By technology,Energy storage and batteries,Later stage,2016,0,Percentage,0.333333343
ISL,ICELAND,Probability to receive funding,By technology,Energy storage and batteries,Later stage,2017,0,Percentage,0.333333343
ISL,ICELAND,Probability to receive funding,By technology,Energy storage and batteries,Later stage,2018,0,Percentage,0.333333343
ISL,ICELAND,Probability to receive funding,By technology,Energy storage and batteries,Later stage,2019,0,Percentage,0.333333343
ISL,ICELAND,Probability to receive funding,By technology,Energy storage and batteries,Later stage,2020,0,Percentage,0.333333343
ISL,ICELAND,Probability to receive funding,By technology,Energy storage and batteries,Later stage,2021,0,Percentage,0.333333343
ISL,ICELAND,Probability to receive funding,By technology,Fossil fuels,Later stage,2015,0,Percentage,2.666666746
ISL,ICELAND,Probability to receive funding,By technology,Fossil fuels,Later stage,2016,0,Percentage,2.666666746
ISL,ICELAND,Probability to receive funding,By technology,Fossil fuels,Later stage,2017,0,Percentage,2.666666746
ISL,ICELAND,Probability to receive funding,By technology,Fossil fuels,Later stage,2018,0,Percentage,2.666666746
ISL,ICELAND,Probability to receive funding,By technology,Fossil fuels,Later stage,2019,0,Percentage,2.666666746
ISL,ICELAND,Probability to receive funding,By technology,Fossil fuels,Later stage,2020,0,Percentage,2.666666746
ISL,ICELAND,Probability to receive funding,By technology,Fossil fuels,Later stage,2021,0,Percentage,2.666666746
ISL,ICELAND,Probability to receive funding,By technology,Grid,Later stage,2015,100,Percentage,0.333333343
ISL,ICELAND,Probability to receive funding,By technology,Grid,Later stage,2016,100,Percentage,0.333333343
ISL,ICELAND,Probability to receive funding,By technology,Grid,Later stage,2017,100,Percentage,0.333333343
ISL,ICELAND,Probability to receive funding,By technology,Grid,Later stage,2018,100,Percentage,0.333333343
ISL,ICELAND,Probability to receive funding,By technology,Grid,Later stage,2019,100,Percentage,0.333333343
ISL,ICELAND,Probability to receive funding,By technology,Grid,Later stage,2020,100,Percentage,0.333333343
ISL,ICELAND,Probability to receive funding,By technology,Grid,Later stage,2021,100,Percentage,0.333333343
ISL,ICELAND,Probability to receive funding,By technology,Hydrogen and fuel cells,Later stage,2015,0,Percentage,0.5
ISL,ICELAND,Probability to receive funding,By technology,Hydrogen and fuel cells,Later stage,2016,0,Percentage,0.5
ISL,ICELAND,Probability to receive funding,By technology,Hydrogen and fuel cells,Later stage,2017,0,Percentage,0.5
ISL,ICELAND,Probability to receive funding,By technology,Hydrogen and fuel cells,Later stage,2018,0,Percentage,0.5
ISL,ICELAND,Probability to receive funding,By technology,Hydrogen and fuel cells,Later stage,2019,0,Percentage,0.5
ISL,ICELAND,Probability to receive funding,By technology,Hydrogen and fuel cells,Later stage,2020,0,Percentage,0.5
ISL,ICELAND,Probability to receive funding,By technology,Hydrogen and fuel cells,Later stage,2021,0,Percentage,0.5
ISL,ICELAND,Probability to receive funding,By technology,Non-clean energy,Later stage,2021,11.11111069,Percentage,9
ISL,ICELAND,Fundings of start-ups,By technology,Non-clean energy,Later stage,2022,7.090411186,Years,9
ISL,ICELAND,Probability to receive funding,By technology,Other energy,Later stage,2015,21.15384674,Percentage,8.666666985
ISL,ICELAND,Probability to receive funding,By technology,Other energy,Later stage,2016,21.15384674,Percentage,8.666666985
ISL,ICELAND,Probability to receive funding,By technology,Other energy,Later stage,2017,21.15384674,Percentage,8.666666985
ISL,ICELAND,Probability to receive funding,By technology,Other energy,Later stage,2018,21.15384674,Percentage,8.666666985
ISL,ICELAND,Probability to receive funding,By technology,Other energy,Later stage,2019,21.15384674,Percentage,8.666666985
ISL,ICELAND,Probability to receive funding,By technology,Other energy,Later stage,2020,21.15384674,Percentage,8.666666985
ISL,ICELAND,Probability to receive funding,By technology,Other energy,Later stage,2021,21.15384674,Percentage,8.666666985
ISL,ICELAND,Probability to receive funding,By technology,Other renewables,Later stage,2015,3.846153736,Percentage,8.666666985
ISL,ICELAND,Probability to receive funding,By technology,Other renewables,Later stage,2016,3.846153736,Percentage,8.666666985
ISL,ICELAND,Probability to receive funding,By technology,Other renewables,Later stage,2017,3.846153736,Percentage,8.666666985
ISL,ICELAND,Probability to receive funding,By technology,Other renewables,Later stage,2018,3.846153736,Percentage,8.666666985
ISL,ICELAND,Probability to receive funding,By technology,Other renewables,Later stage,2019,3.846153736,Percentage,8.666666985
ISL,ICELAND,Probability to receive funding,By technology,Other renewables,Later stage,2020,3.846153736,Percentage,8.666666985
ISL,ICELAND,Probability to receive funding,By technology,Other renewables,Later stage,2021,3.846153736,Percentage,8.666666985
IND,INDIA,Fundings of start-ups,"By sector (energy, green, digital)",Energy,Early stage,2008,164694176,USD,4
IND,INDIA,Fundings of start-ups,"By sector (energy, green, digital)",Energy,Early stage,2010,43747904,USD,5
IND,INDIA,Fundings of start-ups,"By sector (energy, green, digital)",Energy,Early stage,2011,123837.2109,USD,1
IND,INDIA,Fundings of start-ups,"By sector (energy, green, digital)",Energy,Early stage,2012,381818.2188,USD,2
IND,INDIA,Fundings of start-ups,"By sector (energy, green, digital)",Energy,Early stage,2013,29437.07813,USD,1
IND,INDIA,Fundings of start-ups,"By sector (energy, green, digital)",Energy,Early stage,2014,3185132.5,USD,6
IND,INDIA,Fundings of start-ups,"By sector (energy, green, digital)",Energy,Early stage,2015,43740412,USD,18
IND,INDIA,Fundings of start-ups,"By sector (energy, green, digital)",Energy,Early stage,2016,76933864,USD,14
IND,INDIA,Fundings of start-ups,"By sector (energy, green, digital)",Energy,Early stage,2017,10647240,USD,15
IND,INDIA,Fundings of start-ups,"By sector (energy, green, digital)",Energy,Early stage,2018,139130208,USD,24
IND,INDIA,Fundings of start-ups,"By sector (energy, green, digital)",Energy,Early stage,2019,392891232,USD,29
IND,INDIA,Fundings of start-ups,"By sector (energy, green, digital)",Energy,Early stage,2020,68245256,USD,24
IND,INDIA,Fundings of start-ups,"By sector (energy, green, digital)",Energy,Early stage,2021,192516064,USD,52
IND,INDIA,Probability to receive funding,"By sector (energy, green, digital)",Energy,Early stage,2021,17.20977592,Percentage,982
IND,INDIA,Fundings of start-ups,"By sector (energy, green, digital)",Energy,Early stage,2022,330501632,USD,41
IND,INDIA,Fundings of start-ups,"By sector (energy, green, digital)",Energy,Early stage,2022,2.812090874,Years,990
IND,INDIA,Fundings of start-ups,"By sector (energy, green, digital)",Energy and digital,Early stage,2008,1342545.5,USD,1
IND,INDIA,Fundings of start-ups,"By sector (energy, green, digital)",Energy and digital,Early stage,2011,123837.2109,USD,1
IND,INDIA,Fundings of start-ups,"By sector (energy, green, digital)",Energy and digital,Early stage,2013,29437.07813,USD,1
IND,INDIA,Fundings of start-ups,"By sector (energy, green, digital)",Energy and digital,Early stage,2014,70607.73438,USD,2
IND,INDIA,Fundings of start-ups,"By sector (energy, green, digital)",Energy and digital,Early stage,2015,15294812,USD,9
IND,INDIA,Fundings of start-ups,"By sector (energy, green, digital)",Energy and digital,Early stage,2016,42787204,USD,9
IND,INDIA,Fundings of start-ups,"By sector (energy, green, digital)",Energy and digital,Early stage,2017,2287479.5,USD,5
IND,INDIA,Fundings of start-ups,"By sector (energy, green, digital)",Energy and digital,Early stage,2018,45793364,USD,13
IND,INDIA,Fundings of start-ups,"By sector (energy, green, digital)",Energy and digital,Early stage,2019,32336172,USD,13
IND,INDIA,Fundings of start-ups,"By sector (energy, green, digital)",Energy and digital,Early stage,2020,34939820,USD,10
IND,INDIA,Probability to receive funding,"By sector (energy, green, digital)",Energy and digital,Early stage,2021,23.14814758,Percentage,324
IND,INDIA,Fundings of start-ups,"By sector (energy, green, digital)",Energy and digital,Early stage,2021,83139384,USD,21
IND,INDIA,Fundings of start-ups,"By sector (energy, green, digital)",Energy and digital,Early stage,2022,95176144,USD,13
IND,INDIA,Fundings of start-ups,"By sector (energy, green, digital)",Energy and digital,Early stage,2022,2.571566105,Years,329
IND,INDIA,Fundings of start-ups,"By sector (energy, green, digital)",Energy and non-digital,Early stage,2008,163351632,USD,3
IND,INDIA,Fundings of start-ups,"By sector (energy, green, digital)",Energy and non-digital,Early stage,2010,43747904,USD,5
IND,INDIA,Fundings of start-ups,"By sector (energy, green, digital)",Energy and non-digital,Early stage,2012,381818.2188,USD,2
IND,INDIA,Fundings of start-ups,"By sector (energy, green, digital)",Energy and non-digital,Early stage,2014,3114524.75,USD,4
IND,INDIA,Fundings of start-ups,"By sector (energy, green, digital)",Energy and non-digital,Early stage,2015,28445602,USD,9
IND,INDIA,Fundings of start-ups,"By sector (energy, green, digital)",Energy and non-digital,Early stage,2016,34146656,USD,5
IND,INDIA,Fundings of start-ups,"By sector (energy, green, digital)",Energy and non-digital,Early stage,2017,8359760.5,USD,10
IND,INDIA,Fundings of start-ups,"By sector (energy, green, digital)",Energy and non-digital,Early stage,2018,93336840,USD,11
IND,INDIA,Fundings of start-ups,"By sector (energy, green, digital)",Energy and non-digital,Early stage,2019,360555040,USD,16
IND,INDIA,Fundings of start-ups,"By sector (energy, green, digital)",Energy and non-digital,Early stage,2020,33305436,USD,14
IND,INDIA,Fundings of start-ups,"By sector (energy, green, digital)",Energy and non-digital,Early stage,2021,109376672,USD,31
IND,INDIA,Probability to receive funding,"By sector (energy, green, digital)",Energy and non-digital,Early stage,2021,14.28571415,Percentage,658
IND,INDIA,Fundings of start-ups,"By sector (energy, green, digital)",Energy and non-digital,Early stage,2022,3.003476143,Years,661
IND,INDIA,Fundings of start-ups,"By sector (energy, green, digital)",Energy and non-digital,Early stage,2022,235325504,USD,28
IND,INDIA,Fundings of start-ups,"By sector (energy, green, digital)",Non-energy,Early stage,2000,116519008,USD,7
IND,INDIA,Fundings of start-ups,"By sector (energy, green, digital)",Non-energy,Early stage,2001,93822568,USD,7
IND,INDIA,Fundings of start-ups,"By sector (energy, green, digital)",Non-energy,Early stage,2002,29102282,USD,5
IND,INDIA,Fundings of start-ups,"By sector (energy, green, digital)",Non-energy,Early stage,2003,9063830,USD,3
IND,INDIA,Fundings of start-ups,"By sector (energy, green, digital)",Non-energy,Early stage,2004,91119928,USD,8
IND,INDIA,Fundings of start-ups,"By sector (energy, green, digital)",Non-energy,Early stage,2005,179049424,USD,11
IND,INDIA,Fundings of start-ups,"By sector (energy, green, digital)",Non-energy,Early stage,2006,162035680,USD,25
IND,INDIA,Fundings of start-ups,"By sector (energy, green, digital)",Non-energy,Early stage,2007,249962672,USD,40
IND,INDIA,Fundings of start-ups,"By sector (energy, green, digital)",Non-energy,Early stage,2008,289446816,USD,47
IND,INDIA,Fundings of start-ups,"By sector (energy, green, digital)",Non-energy,Early stage,2009,94852336,USD,22
IND,INDIA,Fundings of start-ups,"By sector (energy, green, digital)",Non-energy,Early stage,2010,167015520,USD,47
IND,INDIA,Fundings of start-ups,"By sector (energy, green, digital)",Non-energy,Early stage,2011,510125920,USD,95
IND,INDIA,Fundings of start-ups,"By sector (energy, green, digital)",Non-energy,Early stage,2012,419537248,USD,135
IND,INDIA,Fundings of start-ups,"By sector (energy, green, digital)",Non-energy,Early stage,2013,705506688,USD,231
IND,INDIA,Fundings of start-ups,"By sector (energy, green, digital)",Non-energy,Early stage,2014,723688384,USD,327
IND,INDIA,Fundings of start-ups,"By sector (energy, green, digital)",Non-energy,Early stage,2015,2536011264,USD,691
IND,INDIA,Fundings of start-ups,"By sector (energy, green, digital)",Non-energy,Early stage,2016,1688436992,USD,731
IND,INDIA,Fundings of start-ups,"By sector (energy, green, digital)",Non-energy,Early stage,2017,1672037760,USD,613
IND,INDIA,Fundings of start-ups,"By sector (energy, green, digital)",Non-energy,Early stage,2018,1960049024,USD,623
IND,INDIA,Fundings of start-ups,"By sector (energy, green, digital)",Non-energy,Early stage,2019,3046845184,USD,680
IND,INDIA,Fundings of start-ups,"By sector (energy, green, digital)",Non-energy,Early stage,2020,2051503360,USD,634
IND,INDIA,Probability to receive funding,"By sector (energy, green, digital)",Non-energy,Early stage,2021,9.818435669,Percentage,48633
IND,INDIA,Fundings of start-ups,"By sector (energy, green, digital)",Non-energy,Early stage,2021,5662238208,USD,1006
IND,INDIA,Fundings of start-ups,"By sector (energy, green, digital)",Non-energy,Early stage,2022,5134115840,USD,726
IND,INDIA,Fundings of start-ups,"By sector (energy, green, digital)",Non-energy,Early stage,2022,2.136202574,Years,49191
IND,INDIA,Fundings of start-ups,"By sector (energy, green, digital)",Energy,Later stage,2006,27662338,USD,1
IND,INDIA,Fundings of start-ups,"By sector (energy, green, digital)",Energy,Later stage,2009,1298780.5,USD,1
IND,INDIA,Fundings of start-ups,"By sector (energy, green, digital)",Energy,Later stage,2011,16841860,USD,1
IND,INDIA,Fundings of start-ups,"By sector (energy, green, digital)",Energy,Later stage,2012,10407955,USD,1
IND,INDIA,Fundings of start-ups,"By sector (energy, green, digital)",Energy,Later stage,2013,11966292,USD,1
IND,INDIA,Fundings of start-ups,"By sector (energy, green, digital)",Energy,Later stage,2014,17651934,USD,1
IND,INDIA,Fundings of start-ups,"By sector (energy, green, digital)",Energy,Later stage,2016,3183424,USD,2
IND,INDIA,Fundings of start-ups,"By sector (energy, green, digital)",Energy,Later stage,2017,2892521.75,USD,2
IND,INDIA,Fundings of start-ups,"By sector (energy, green, digital)",Energy,Later stage,2018,128677512,USD,3
IND,INDIA,Fundings of start-ups,"By sector (energy, green, digital)",Energy,Later stage,2019,164980592,USD,4
IND,INDIA,Fundings of start-ups,"By sector (energy, green, digital)",Energy,Later stage,2020,227210752,USD,2
IND,INDIA,Probability to receive funding,"By sector (energy, green, digital)",Energy,Later stage,2021,8.859470367,Percentage,982
IND,INDIA,Fundings of start-ups,"By sector (energy, green, digital)",Energy,Later stage,2021,1095839744,USD,13
IND,INDIA,Fundings of start-ups,"By sector (energy, green, digital)",Energy,Later stage,2022,461254304,USD,6
IND,INDIA,Fundings of start-ups,"By sector (energy, green, digital)",Energy,Later stage,2022,4.761864185,Years,990
IND,INDIA,Fundings of start-ups,"By sector (energy, green, digital)",Energy and digital,Later stage,2016,3183424,USD,2
IND,INDIA,Fundings of start-ups,"By sector (energy, green, digital)",Energy and digital,Later stage,2018,56568140,USD,2
IND,INDIA,Fundings of start-ups,"By sector (energy, green, digital)",Energy and digital,Later stage,2019,109557128,USD,3
IND,INDIA,Fundings of start-ups,"By sector (energy, green, digital)",Energy and digital,Later stage,2020,215151520,USD,1
IND,INDIA,Fundings of start-ups,"By sector (energy, green, digital)",Energy and digital,Later stage,2021,681837632,USD,4
IND,INDIA,Probability to receive funding,"By sector (energy, green, digital)",Energy and digital,Later stage,2021,6.172839642,Percentage,324
IND,INDIA,Fundings of start-ups,"By sector (energy, green, digital)",Energy and digital,Later stage,2022,6925035,USD,1
IND,INDIA,Fundings of start-ups,"By sector (energy, green, digital)",Energy and digital,Later stage,2022,4.935616493,Years,329
IND,INDIA,Fundings of start-ups,"By sector (energy, green, digital)",Energy and non-digital,Later stage,2006,27662338,USD,1
IND,INDIA,Fundings of start-ups,"By sector (energy, green, digital)",Energy and non-digital,Later stage,2009,1298780.5,USD,1
IND,INDIA,Fundings of start-ups,"By sector (energy, green, digital)",Energy and non-digital,Later stage,2011,16841860,USD,1
IND,INDIA,Fundings of start-ups,"By sector (energy, green, digital)",Energy and non-digital,Later stage,2012,10407955,USD,1
IND,INDIA,Fundings of start-ups,"By sector (energy, green, digital)",Energy and non-digital,Later stage,2013,11966292,USD,1
IND,INDIA,Fundings of start-ups,"By sector (energy, green, digital)",Energy and non-digital,Later stage,2014,17651934,USD,1
IND,INDIA,Fundings of start-ups,"By sector (energy, green, digital)",Energy and non-digital,Later stage,2017,2892521.75,USD,2
IND,INDIA,Fundings of start-ups,"By sector (energy, green, digital)",Energy and non-digital,Later stage,2018,72109376,USD,1
IND,INDIA,Fundings of start-ups,"By sector (energy, green, digital)",Energy and non-digital,Later stage,2019,55423468,USD,1
IND,INDIA,Fundings of start-ups,"By sector (energy, green, digital)",Energy and non-digital,Later stage,2020,12059242,USD,1
IND,INDIA,Probability to receive funding,"By sector (energy, green, digital)",Energy and non-digital,Later stage,2021,10.18237114,Percentage,658
IND,INDIA,Fundings of start-ups,"By sector (energy, green, digital)",Energy and non-digital,Later stage,2021,414002144,USD,9
IND,INDIA,Fundings of start-ups,"By sector (energy, green, digital)",Energy and non-digital,Later stage,2022,4.709998131,Years,661
IND,INDIA,Fundings of start-ups,"By sector (energy, green, digital)",Energy and non-digital,Later stage,2022,454329280,USD,5
IND,INDIA,Fundings of start-ups,"By sector (energy, green, digital)",Non-energy,Later stage,2000,40340908,USD,1
IND,INDIA,Fundings of start-ups,"By sector (energy, green, digital)",Non-energy,Later stage,2002,38586956,USD,1
IND,INDIA,Fundings of start-ups,"By sector (energy, green, digital)",Non-energy,Later stage,2003,9788936,USD,1
IND,INDIA,Fundings of start-ups,"By sector (energy, green, digital)",Non-energy,Later stage,2004,13955172,USD,1
IND,INDIA,Fundings of start-ups,"By sector (energy, green, digital)",Non-energy,Later stage,2005,30591946,USD,2
IND,INDIA,Fundings of start-ups,"By sector (energy, green, digital)",Non-energy,Later stage,2006,31811688,USD,2
IND,INDIA,Fundings of start-ups,"By sector (energy, green, digital)",Non-energy,Later stage,2007,125522640,USD,8
IND,INDIA,Fundings of start-ups,"By sector (energy, green, digital)",Non-energy,Later stage,2008,141342928,USD,7
IND,INDIA,Fundings of start-ups,"By sector (energy, green, digital)",Non-energy,Later stage,2009,212673056,USD,7
IND,INDIA,Fundings of start-ups,"By sector (energy, green, digital)",Non-energy,Later stage,2010,175673344,USD,11
IND,INDIA,Fundings of start-ups,"By sector (energy, green, digital)",Non-energy,Later stage,2011,3114083328,USD,18
IND,INDIA,Fundings of start-ups,"By sector (energy, green, digital)",Non-energy,Later stage,2012,405897312,USD,17
IND,INDIA,Fundings of start-ups,"By sector (energy, green, digital)",Non-energy,Later stage,2013,890225216,USD,25
IND,INDIA,Fundings of start-ups,"By sector (energy, green, digital)",Non-energy,Later stage,2014,4531090432,USD,48
IND,INDIA,Fundings of start-ups,"By sector (energy, green, digital)",Non-energy,Later stage,2015,4763939328,USD,61
IND,INDIA,Fundings of start-ups,"By sector (energy, green, digital)",Non-energy,Later stage,2016,2462669568,USD,68
IND,INDIA,Fundings of start-ups,"By sector (energy, green, digital)",Non-energy,Later stage,2017,7727144960,USD,105
IND,INDIA,Fundings of start-ups,"By sector (energy, green, digital)",Non-energy,Later stage,2018,7189207040,USD,147
IND,INDIA,Fundings of start-ups,"By sector (energy, green, digital)",Non-energy,Later stage,2019,9464368128,USD,193
IND,INDIA,Fundings of start-ups,"By sector (energy, green, digital)",Non-energy,Later stage,2020,7820812800,USD,181
IND,INDIA,Fundings of start-ups,"By sector (energy, green, digital)",Non-energy,Later stage,2021,26299435008,USD,258
IND,INDIA,Probability to receive funding,"By sector (energy, green, digital)",Non-energy,Later stage,2021,2.274175882,Percentage,48633
IND,INDIA,Fundings of start-ups,"By sector (energy, green, digital)",Non-energy,Later stage,2022,10582652928,USD,149
IND,INDIA,Fundings of start-ups,"By sector (energy, green, digital)",Non-energy,Later stage,2022,5.196472168,Years,49191
IND,INDIA,Fundings of start-ups,By technology,Bioenergy,all,2010,1275449.125,USD,0.5
IND,INDIA,Fundings of start-ups,By technology,Bioenergy,all,2012,152152.7969,USD,0.5
IND,INDIA,Fundings of start-ups,By technology,Bioenergy,all,2015,3902289.5,USD,0.5
IND,INDIA,Fundings of start-ups,By technology,Bioenergy,all,2021,6181268,USD,0.833333313
IND,INDIA,Fundings of start-ups,By technology,Bioenergy,all,2022,4750000,USD,0.5
IND,INDIA,Fundings of start-ups,By technology,Electric mobility,all,2006,27662338,USD,1
IND,INDIA,Fundings of start-ups,By technology,Electric mobility,all,2008,30981818,USD,1
IND,INDIA,Fundings of start-ups,By technology,Electric mobility,all,2009,1298780.5,USD,1
IND,INDIA,Fundings of start-ups,By technology,Electric mobility,all,2014,647237.5625,USD,0.833333313
IND,INDIA,Fundings of start-ups,By technology,Electric mobility,all,2015,8494110,USD,2.5
IND,INDIA,Fundings of start-ups,By technology,Electric mobility,all,2016,18720028,USD,4
IND,INDIA,Fundings of start-ups,By technology,Electric mobility,all,2017,2500635.75,USD,5.25
IND,INDIA,Fundings of start-ups,By technology,Electric mobility,all,2018,44532096,USD,4.583333492
IND,INDIA,Fundings of start-ups,By technology,Electric mobility,all,2019,380607136,USD,11.66666698
IND,INDIA,Fundings of start-ups,By technology,Electric mobility,all,2020,47450008,USD,12.66666698
IND,INDIA,Fundings of start-ups,By technology,Electric mobility,all,2021,495477152,USD,34.16666794
IND,INDIA,Fundings of start-ups,By technology,Electric mobility,all,2022,606165760,USD,25.83333397
IND,INDIA,Fundings of start-ups,By technology,Energy efficiency,all,2008,671272.75,USD,0.5
IND,INDIA,Fundings of start-ups,By technology,Energy efficiency,all,2011,41279.07031,USD,0.333333343
IND,INDIA,Fundings of start-ups,By technology,Energy efficiency,all,2014,426241.25,USD,1.333333373
IND,INDIA,Fundings of start-ups,By technology,Energy efficiency,all,2015,416036.0625,USD,4
IND,INDIA,Fundings of start-ups,By technology,Energy efficiency,all,2016,1808763.625,USD,2.5
IND,INDIA,Fundings of start-ups,By technology,Energy efficiency,all,2017,2661968.25,USD,4.333333492
IND,INDIA,Fundings of start-ups,By technology,Energy efficiency,all,2018,31650276,USD,2
IND,INDIA,Fundings of start-ups,By technology,Energy efficiency,all,2019,11340602,USD,6.333333492
IND,INDIA,Fundings of start-ups,By technology,Energy efficiency,all,2020,10312233,USD,3.333333254
IND,INDIA,Fundings of start-ups,By technology,Energy efficiency,all,2021,49031736,USD,4.5
IND,INDIA,Fundings of start-ups,By technology,Energy efficiency,all,2022,4317265.5,USD,2.833333254
IND,INDIA,Fundings of start-ups,By technology,Energy storage and batteries,all,2014,58839.77734,USD,0.333333343
IND,INDIA,Fundings of start-ups,By technology,Energy storage and batteries,all,2017,1048005.313,USD,0.75
IND,INDIA,Fundings of start-ups,By technology,Energy storage and batteries,all,2018,37017172,USD,1.583333373
IND,INDIA,Fundings of start-ups,By technology,Energy storage and batteries,all,2020,1894887.125,USD,0.733333349
IND,INDIA,Fundings of start-ups,By technology,Energy storage and batteries,all,2021,14372354,USD,2.733333349
IND,INDIA,Fundings of start-ups,By technology,Energy storage and batteries,all,2022,21920704,USD,1.833333373
IND,INDIA,Fundings of start-ups,By technology,Fossil fuels,all,2015,1824033.125,USD,1.5
IND,INDIA,Fundings of start-ups,By technology,Fossil fuels,all,2016,302963.5625,USD,1
IND,INDIA,Fundings of start-ups,By technology,Fossil fuels,all,2018,2450382,USD,1
IND,INDIA,Fundings of start-ups,By technology,Fossil fuels,all,2019,1760510.25,USD,1
IND,INDIA,Fundings of start-ups,By technology,Fossil fuels,all,2020,2969531,USD,2
IND,INDIA,Fundings of start-ups,By technology,Fossil fuels,all,2021,3592911.75,USD,3
IND,INDIA,Fundings of start-ups,By technology,Fossil fuels,all,2022,4553188,USD,2.5
IND,INDIA,Fundings of start-ups,By technology,Grid,all,2015,9095453,USD,1
IND,INDIA,Fundings of start-ups,By technology,Grid,all,2016,39596004,USD,2
IND,INDIA,Fundings of start-ups,By technology,Grid,all,2018,64288280,USD,2
IND,INDIA,Fundings of start-ups,By technology,Grid,all,2019,156378992,USD,2
IND,INDIA,Fundings of start-ups,By technology,Grid,all,2020,217901040,USD,3
IND,INDIA,Fundings of start-ups,By technology,Grid,all,2021,898949696,USD,6.5
IND,INDIA,Fundings of start-ups,By technology,Grid,all,2022,18659424,USD,1.25
IND,INDIA,Fundings of start-ups,By technology,Other energy,all,2008,671272.75,USD,0.5
IND,INDIA,Fundings of start-ups,By technology,Other energy,all,2010,14933383,USD,1.916666627
IND,INDIA,Fundings of start-ups,By technology,Other energy,all,2011,5655232.5,USD,0.666666687
IND,INDIA,Fundings of start-ups,By technology,Other energy,all,2012,3647308.5,USD,1.166666627
IND,INDIA,Fundings of start-ups,By technology,Other energy,all,2013,4018201,USD,1.333333373
IND,INDIA,Fundings of start-ups,By technology,Other energy,all,2014,7745910,USD,1.416666627
IND,INDIA,Fundings of start-ups,By technology,Other energy,all,2015,8287912.5,USD,4.75
IND,INDIA,Fundings of start-ups,By technology,Other energy,all,2016,9809334,USD,3.75
IND,INDIA,Fundings of start-ups,By technology,Other energy,all,2017,17352174,USD,3.583333254
IND,INDIA,Fundings of start-ups,By technology,Other energy,all,2018,163135872,USD,7
IND,INDIA,Fundings of start-ups,By technology,Other energy,all,2019,42281152,USD,7.916666508
IND,INDIA,Fundings of start-ups,By technology,Other energy,all,2020,20948814,USD,2.950000048
IND,INDIA,Fundings of start-ups,By technology,Other energy,all,2021,181545120,USD,7.116666794
IND,INDIA,Fundings of start-ups,By technology,Other energy,all,2022,27323214,USD,5.583333492
IND,INDIA,Fundings of start-ups,By technology,Other renewables,all,2008,72665272,USD,1.5
IND,INDIA,Fundings of start-ups,By technology,Other renewables,all,2010,14008683,USD,1.666666627
IND,INDIA,Fundings of start-ups,By technology,Other renewables,all,2011,5655232.5,USD,0.666666687
IND,INDIA,Fundings of start-ups,By technology,Other renewables,all,2012,3520993.25,USD,1
IND,INDIA,Fundings of start-ups,By technology,Other renewables,all,2013,3988764,USD,0.333333343
IND,INDIA,Fundings of start-ups,By technology,Other renewables,all,2014,8825967,USD,1.333333373
IND,INDIA,Fundings of start-ups,By technology,Other renewables,all,2015,9320799,USD,2.75
IND,INDIA,Fundings of start-ups,By technology,Other renewables,all,2016,24405286,USD,2.5
IND,INDIA,Fundings of start-ups,By technology,Other renewables,all,2017,18550924,USD,3.25
IND,INDIA,Fundings of start-ups,By technology,Other renewables,all,2018,123688776,USD,6.916666508
IND,INDIA,Fundings of start-ups,By technology,Other renewables,all,2019,62881660,USD,5
IND,INDIA,Fundings of start-ups,By technology,Other renewables,all,2020,9563230,USD,3.566666603
IND,INDIA,Fundings of start-ups,By technology,Other renewables,all,2021,88242088,USD,4.983333111
IND,INDIA,Fundings of start-ups,By technology,Other renewables,all,2022,105121592,USD,6.5
IND,INDIA,Fundings of start-ups,By technology,Solar,all,2008,59704544,USD,0.5
IND,INDIA,Fundings of start-ups,By technology,Solar,all,2010,4602245.5,USD,0.583333313
IND,INDIA,Fundings of start-ups,By technology,Solar,all,2011,5613953.5,USD,0.333333343
IND,INDIA,Fundings of start-ups,By technology,Solar,all,2012,3469318.25,USD,0.333333343
IND,INDIA,Fundings of start-ups,By technology,Solar,all,2013,3988764,USD,0.333333343
IND,INDIA,Fundings of start-ups,By technology,Solar,all,2014,7840053.5,USD,2.75
IND,INDIA,Fundings of start-ups,By technology,Solar,all,2015,2914628.5,USD,1.75
IND,INDIA,Fundings of start-ups,By technology,Solar,all,2016,8627079,USD,1.25
IND,INDIA,Fundings of start-ups,By technology,Solar,all,2017,18965458,USD,2.833333254
IND,INDIA,Fundings of start-ups,By technology,Solar,all,2018,160709312,USD,5.916666508
IND,INDIA,Fundings of start-ups,By technology,Solar,all,2019,28140994,USD,3.083333254
IND,INDIA,Fundings of start-ups,By technology,Solar,all,2020,20542058,USD,2.75
IND,INDIA,Fundings of start-ups,By technology,Solar,all,2021,161474560,USD,3.166666746
IND,INDIA,Fundings of start-ups,By technology,Solar,all,2022,6089417.5,USD,1.166666627
IND,INDIA,Fundings of start-ups,By technology,Wind,all,2010,8928144,USD,0.333333343
IND,INDIA,Fundings of start-ups,By technology,Wind,all,2015,661947.5,USD,0.25
IND,INDIA,Probability to receive funding,By technology,Bioenergy,Early stage,2015,18.75,Percentage,2.666666746
IND,INDIA,Probability to receive funding,By technology,Bioenergy,Early stage,2016,16.66666603,Percentage,3
IND,INDIA,Probability to receive funding,By technology,Bioenergy,Early stage,2017,16.66666603,Percentage,3
IND,INDIA,Probability to receive funding,By technology,Bioenergy,Early stage,2018,22.72727203,Percentage,3.666666746
IND,INDIA,Probability to receive funding,By technology,Bioenergy,Early stage,2019,22.72727203,Percentage,3.666666746
IND,INDIA,Probability to receive funding,By technology,Bioenergy,Early stage,2020,22.72727203,Percentage,3.666666746
IND,INDIA,Probability to receive funding,By technology,Bioenergy,Early stage,2021,22.72727203,Percentage,3.666666746
IND,INDIA,Fundings of start-ups,By technology,Clean energy,Early stage,2008,164694176,USD,4
IND,INDIA,Fundings of start-ups,By technology,Clean energy,Early stage,2010,43747904,USD,5
IND,INDIA,Fundings of start-ups,By technology,Clean energy,Early stage,2011,123837.2109,USD,1
IND,INDIA,Fundings of start-ups,By technology,Clean energy,Early stage,2012,381818.2188,USD,2
IND,INDIA,Fundings of start-ups,By technology,Clean energy,Early stage,2013,29437.07813,USD,1
IND,INDIA,Fundings of start-ups,By technology,Clean energy,Early stage,2014,2526127,USD,3
IND,INDIA,Fundings of start-ups,By technology,Clean energy,Early stage,2015,28697986,USD,10
IND,INDIA,Fundings of start-ups,By technology,Clean energy,Early stage,2016,36224564,USD,9
IND,INDIA,Fundings of start-ups,By technology,Clean energy,Early stage,2017,10302239,USD,12
IND,INDIA,Fundings of start-ups,By technology,Clean energy,Early stage,2018,18023964,USD,19
IND,INDIA,Fundings of start-ups,By technology,Clean energy,Early stage,2019,385042912,USD,22
IND,INDIA,Fundings of start-ups,By technology,Clean energy,Early stage,2020,62855272,USD,21
IND,INDIA,Fundings of start-ups,By technology,Clean energy,Early stage,2021,146660864,USD,39
IND,INDIA,Probability to receive funding,By technology,Clean energy,Early stage,2021,23.69942284,Percentage,519
IND,INDIA,Fundings of start-ups,By technology,Clean energy,Early stage,2022,2.66987443,Years,525
IND,INDIA,Fundings of start-ups,By technology,Clean energy,Early stage,2022,309754304,USD,35
IND,INDIA,Probability to receive funding,By technology,Electric mobility,Early stage,2015,52.02864075,Percentage,17.45833397
IND,INDIA,Probability to receive funding,By technology,Electric mobility,Early stage,2016,44.78442383,Percentage,29.95833397
IND,INDIA,Probability to receive funding,By technology,Electric mobility,Early stage,2017,46.80850983,Percentage,48.95833206
IND,INDIA,Probability to receive funding,By technology,Electric mobility,Early stage,2018,40.72507477,Percentage,68.95833588
IND,INDIA,Probability to receive funding,By technology,Electric mobility,Early stage,2019,41.92815018,Percentage,91.625
IND,INDIA,Probability to receive funding,By technology,Electric mobility,Early stage,2020,45.15605927,Percentage,102.7916641
IND,INDIA,Probability to receive funding,By technology,Electric mobility,Early stage,2021,43.1680336,Percentage,116.7916641
IND,INDIA,Fundings of start-ups,By technology,Electric mobility,Early stage,2022,2.672332525,Years,116.7916641
IND,INDIA,Probability to receive funding,By technology,Energy efficiency,Early stage,2015,10.07294178,Percentage,95.96666718
IND,INDIA,Probability to receive funding,By technology,Energy efficiency,Early stage,2016,13.74670982,Percentage,113.9666672
IND,INDIA,Probability to receive funding,By technology,Energy efficiency,Early stage,2017,14.10647202,Percentage,134.3523865
IND,INDIA,Probability to receive funding,By technology,Energy efficiency,Early stage,2018,12.53582764,Percentage,151.1857147
IND,INDIA,Probability to receive funding,By technology,Energy efficiency,Early stage,2019,14.19632149,Percentage,162.8523865
IND,INDIA,Probability to receive funding,By technology,Energy efficiency,Early stage,2020,14.78156471,Percentage,166.5523834
IND,INDIA,Probability to receive funding,By technology,Energy efficiency,Early stage,2021,14.40673256,Percentage,170.8857117
IND,INDIA,Fundings of start-ups,By technology,Energy efficiency,Early stage,2022,2.52233386,Years,170.8857117
IND,INDIA,Probability to receive funding,By technology,Energy storage and batteries,Early stage,2015,9.49598217,Percentage,11.40833378
IND,INDIA,Probability to receive funding,By technology,Energy storage and batteries,Early stage,2016,12.43915653,Percentage,15.40833378
IND,INDIA,Probability to receive funding,By technology,Energy storage and batteries,Early stage,2017,15.71695614,Percentage,17.19404793
IND,INDIA,Probability to receive funding,By technology,Energy storage and batteries,Early stage,2018,16.68258095,Percentage,21.19404793
IND,INDIA,Probability to receive funding,By technology,Energy storage and batteries,Early stage,2019,20.96182251,Percentage,24.97738075
IND,INDIA,Probability to receive funding,By technology,Energy storage and batteries,Early stage,2020,23.38381577,Percentage,28.37738037
IND,INDIA,Probability to receive funding,By technology,Energy storage and batteries,Early stage,2021,23.38381577,Percentage,28.37738037
IND,INDIA,Fundings of start-ups,By technology,Energy storage and batteries,Early stage,2022,2.802293777,Years,28.37738037
IND,INDIA,Probability to receive funding,By technology,Fossil fuels,Early stage,2015,5.681818008,Percentage,44
IND,INDIA,Probability to receive funding,By technology,Fossil fuels,Early stage,2016,9.574467659,Percentage,47
IND,INDIA,Probability to receive funding,By technology,Fossil fuels,Early stage,2017,11.53846169,Percentage,52
IND,INDIA,Probability to receive funding,By technology,Fossil fuels,Early stage,2018,14.20118332,Percentage,56.33333206
IND,INDIA,Probability to receive funding,By technology,Fossil fuels,Early stage,2019,13.04347801,Percentage,61.33333206
IND,INDIA,Probability to receive funding,By technology,Fossil fuels,Early stage,2020,15.07537651,Percentage,66.33333588
IND,INDIA,Probability to receive funding,By technology,Fossil fuels,Early stage,2021,15.07537651,Percentage,66.33333588
IND,INDIA,Fundings of start-ups,By technology,Fossil fuels,Early stage,2022,2.791917801,Years,66.33333588
IND,INDIA,Probability to receive funding,By technology,Grid,Early stage,2015,2.941176414,Percentage,34
IND,INDIA,Probability to receive funding,By technology,Grid,Early stage,2016,2.777777672,Percentage,36
IND,INDIA,Probability to receive funding,By technology,Grid,Early stage,2017,3.184713364,Percentage,39.25
IND,INDIA,Probability to receive funding,By technology,Grid,Early stage,2018,3.052503109,Percentage,40.95000076
IND,INDIA,Probability to receive funding,By technology,Grid,Early stage,2019,4.122497082,Percentage,42.45000076
IND,INDIA,Probability to receive funding,By technology,Grid,Early stage,2020,5.154639244,Percentage,43.65000153
IND,INDIA,Probability to receive funding,By technology,Grid,Early stage,2021,5.03919363,Percentage,44.65000153
IND,INDIA,Fundings of start-ups,By technology,Grid,Early stage,2022,1.553120255,Years,43.65000153
IND,INDIA,Probability to receive funding,By technology,Hydrogen and fuel cells,Early stage,2015,0,Percentage,0.333333343
IND,INDIA,Probability to receive funding,By technology,Hydrogen and fuel cells,Early stage,2016,0,Percentage,0.333333343
IND,INDIA,Probability to receive funding,By technology,Hydrogen and fuel cells,Early stage,2017,0,Percentage,0.533333361
IND,INDIA,Probability to receive funding,By technology,Hydrogen and fuel cells,Early stage,2018,0,Percentage,0.533333361
IND,INDIA,Probability to receive funding,By technology,Hydrogen and fuel cells,Early stage,2019,0,Percentage,0.533333361
IND,INDIA,Probability to receive funding,By technology,Hydrogen and fuel cells,Early stage,2020,0,Percentage,0.533333361
IND,INDIA,Probability to receive funding,By technology,Hydrogen and fuel cells,Early stage,2021,48.38709641,Percentage,1.033333302
IND,INDIA,Fundings of start-ups,By technology,Non-clean energy,Early stage,2014,659005.5,USD,3
IND,INDIA,Fundings of start-ups,By technology,Non-clean energy,Early stage,2015,15042428,USD,8
IND,INDIA,Fundings of start-ups,By technology,Non-clean energy,Early stage,2016,40709296,USD,5
IND,INDIA,Fundings of start-ups,By technology,Non-clean energy,Early stage,2017,345001.0938,USD,3
IND,INDIA,Fundings of start-ups,By technology,Non-clean energy,Early stage,2018,121106240,USD,5
IND,INDIA,Fundings of start-ups,By technology,Non-clean energy,Early stage,2019,7848312,USD,7
IND,INDIA,Fundings of start-ups,By technology,Non-clean energy,Early stage,2020,5389985.5,USD,3
IND,INDIA,Fundings of start-ups,By technology,Non-clean energy,Early stage,2021,45855196,USD,13
IND,INDIA,Probability to receive funding,By technology,Non-clean energy,Early stage,2021,9.93520546,Percentage,463
IND,INDIA,Fundings of start-ups,By technology,Non-clean energy,Early stage,2022,3.186182261,Years,465
IND,INDIA,Fundings of start-ups,By technology,Non-clean energy,Early stage,2022,20747346,USD,6
IND,INDIA,Probability to receive funding,By technology,Nuclear,Early stage,2016,0,Percentage,1
IND,INDIA,Probability to receive funding,By technology,Nuclear,Early stage,2017,0,Percentage,1
IND,INDIA,Probability to receive funding,By technology,Nuclear,Early stage,2018,0,Percentage,1
IND,INDIA,Probability to receive funding,By technology,Nuclear,Early stage,2019,0,Percentage,1
IND,INDIA,Probability to receive funding,By technology,Nuclear,Early stage,2020,0,Percentage,1
IND,INDIA,Probability to receive funding,By technology,Nuclear,Early stage,2021,0,Percentage,1
IND,INDIA,Probability to receive funding,By technology,Other energy,Early stage,2015,10.18481445,Percentage,145.6416626
IND,INDIA,Probability to receive funding,By technology,Other energy,Early stage,2016,11.05718708,Percentage,166.5583344
IND,INDIA,Probability to receive funding,By technology,Other energy,Early stage,2017,11.0674963,Percentage,186.5178528
IND,INDIA,Probability to receive funding,By technology,Other energy,Early stage,2018,12.27150822,Percentage,200.1345215
IND,INDIA,Probability to receive funding,By technology,Other energy,Early stage,2019,12.27271938,Percentage,208.5345306
IND,INDIA,Probability to receive funding,By technology,Other energy,Early stage,2020,13.4430151,Percentage,214.1845245
IND,INDIA,Probability to receive funding,By technology,Other energy,Early stage,2021,13.49790192,Percentage,217.0178528
IND,INDIA,Fundings of start-ups,By technology,Other energy,Early stage,2022,2.866366148,Years,217.0178528
IND,INDIA,Probability to receive funding,By technology,Other renewables,Early stage,2015,9.910425186,Percentage,87.44999695
IND,INDIA,Probability to receive funding,By technology,Other renewables,Early stage,2016,11.91083908,Percentage,97.94999695
IND,INDIA,Probability to receive funding,By technology,Other renewables,Early stage,2017,12.29012299,Percentage,112.1690445
IND,INDIA,Probability to receive funding,By technology,Other renewables,Early stage,2018,13.80920219,Percentage,126.9857178
IND,INDIA,Probability to receive funding,By technology,Other renewables,Early stage,2019,14.1752758,Percentage,138.2857208
IND,INDIA,Probability to receive funding,By technology,Other renewables,Early stage,2020,14.05693913,Percentage,145.8523865
IND,INDIA,Probability to receive funding,By technology,Other renewables,Early stage,2021,14.02488708,Percentage,146.1857147
IND,INDIA,Fundings of start-ups,By technology,Other renewables,Early stage,2022,2.830198526,Years,145.1857147
IND,INDIA,Probability to receive funding,By technology,Solar,Early stage,2015,12.89884567,Percentage,85.92500305
IND,INDIA,Probability to receive funding,By technology,Solar,Early stage,2016,12.64849186,Percentage,97.5083313
IND,INDIA,Probability to receive funding,By technology,Solar,Early stage,2017,13.37284374,Percentage,109.6750031
IND,INDIA,Probability to receive funding,By technology,Solar,Early stage,2018,12.7121706,Percentage,115.375
IND,INDIA,Probability to receive funding,By technology,Solar,Early stage,2019,12.40353203,Percentage,119.8583298
IND,INDIA,Probability to receive funding,By technology,Solar,Early stage,2020,12.59821033,Percentage,121.9749985
IND,INDIA,Probability to receive funding,By technology,Solar,Early stage,2021,12.85010433,Percentage,123.4749985
IND,INDIA,Fundings of start-ups,By technology,Solar,Early stage,2022,3.507286549,Years,123.4749985
IND,INDIA,Probability to receive funding,By technology,Wind,Early stage,2015,14.05622482,Percentage,4.150000095
IND,INDIA,Probability to receive funding,By technology,Wind,Early stage,2016,10.9717865,Percentage,5.316666603
IND,INDIA,Probability to receive funding,By technology,Wind,Early stage,2017,9.186351776,Percentage,6.349999905
IND,INDIA,Probability to receive funding,By technology,Wind,Early stage,2018,8.728179932,Percentage,6.683333397
IND,INDIA,Probability to receive funding,By technology,Wind,Early stage,2019,8.474575996,Percentage,6.883333206
IND,INDIA,Probability to receive funding,By technology,Wind,Early stage,2020,8.235294342,Percentage,7.083333492
IND,INDIA,Probability to receive funding,By technology,Wind,Early stage,2021,14.28571415,Percentage,7.583333492
IND,INDIA,Fundings of start-ups,By technology,Wind,Early stage,2022,1.76691258,Years,7.583333492
IND,INDIA,Probability to receive funding,By technology,Bioenergy,Later stage,2015,0,Percentage,2.666666746
IND,INDIA,Probability to receive funding,By technology,Bioenergy,Later stage,2016,0,Percentage,3
IND,INDIA,Probability to receive funding,By technology,Bioenergy,Later stage,2017,0,Percentage,3
IND,INDIA,Probability to receive funding,By technology,Bioenergy,Later stage,2018,0,Percentage,3.666666746
IND,INDIA,Probability to receive funding,By technology,Bioenergy,Later stage,2019,0,Percentage,3.666666746
IND,INDIA,Probability to receive funding,By technology,Bioenergy,Later stage,2020,0,Percentage,3.666666746
IND,INDIA,Probability to receive funding,By technology,Bioenergy,Later stage,2021,0,Percentage,3.666666746
IND,INDIA,Fundings of start-ups,By technology,Clean energy,Later stage,2006,27662338,USD,1
IND,INDIA,Fundings of start-ups,By technology,Clean energy,Later stage,2009,1298780.5,USD,1
IND,INDIA,Fundings of start-ups,By technology,Clean energy,Later stage,2011,16841860,USD,1
IND,INDIA,Fundings of start-ups,By technology,Clean energy,Later stage,2012,10407955,USD,1
IND,INDIA,Fundings of start-ups,By technology,Clean energy,Later stage,2013,11966292,USD,1
IND,INDIA,Fundings of start-ups,By technology,Clean energy,Later stage,2014,17651934,USD,1
IND,INDIA,Fundings of start-ups,By technology,Clean energy,Later stage,2016,3183424,USD,2
IND,INDIA,Fundings of start-ups,By technology,Clean energy,Later stage,2017,2840248.5,USD,1
IND,INDIA,Fundings of start-ups,By technology,Clean energy,Later stage,2018,72109376,USD,1
IND,INDIA,Fundings of start-ups,By technology,Clean energy,Later stage,2019,56035448,USD,2
IND,INDIA,Fundings of start-ups,By technology,Clean energy,Later stage,2020,12059242,USD,1
IND,INDIA,Fundings of start-ups,By technology,Clean energy,Later stage,2021,304312288,USD,8
IND,INDIA,Probability to receive funding,By technology,Clean energy,Later stage,2021,10.98265934,Percentage,519
IND,INDIA,Fundings of start-ups,By technology,Clean energy,Later stage,2022,4.351501942,Years,525
IND,INDIA,Fundings of start-ups,By technology,Clean energy,Later stage,2022,461254304,USD,6
IND,INDIA,Probability to receive funding,By technology,Electric mobility,Later stage,2015,28.63961792,Percentage,17.45833397
IND,INDIA,Probability to receive funding,By technology,Electric mobility,Later stage,2016,24.47844315,Percentage,29.95833397
IND,INDIA,Probability to receive funding,By technology,Electric mobility,Later stage,2017,19.06382942,Percentage,48.95833206
IND,INDIA,Probability to receive funding,By technology,Electric mobility,Later stage,2018,16.43504524,Percentage,68.95833588
IND,INDIA,Probability to receive funding,By technology,Electric mobility,Later stage,2019,15.64347458,Percentage,91.625
IND,INDIA,Probability to receive funding,By technology,Electric mobility,Later stage,2020,13.94406128,Percentage,102.7916641
IND,INDIA,Probability to receive funding,By technology,Electric mobility,Later stage,2021,13.12879086,Percentage,116.7916641
IND,INDIA,Fundings of start-ups,By technology,Electric mobility,Later stage,2022,4.315515041,Years,116.7916641
IND,INDIA,Probability to receive funding,By technology,Energy efficiency,Later stage,2015,9.899271011,Percentage,95.96666718
IND,INDIA,Probability to receive funding,By technology,Energy efficiency,Later stage,2016,8.335770607,Percentage,113.9666672
IND,INDIA,Probability to receive funding,By technology,Energy efficiency,Later stage,2017,7.070957661,Percentage,134.3523865
IND,INDIA,Probability to receive funding,By technology,Energy efficiency,Later stage,2018,6.283662319,Percentage,151.1857147
IND,INDIA,Probability to receive funding,By technology,Energy efficiency,Later stage,2019,5.833503723,Percentage,162.8523865
IND,INDIA,Probability to receive funding,By technology,Energy efficiency,Later stage,2020,5.703911304,Percentage,166.5523834
IND,INDIA,Probability to receive funding,By technology,Energy efficiency,Later stage,2021,5.559270859,Percentage,170.8857117
IND,INDIA,Fundings of start-ups,By technology,Energy efficiency,Later stage,2022,6.624705791,Years,170.8857117
IND,INDIA,Probability to receive funding,By technology,Energy storage and batteries,Later stage,2015,23.37472534,Percentage,11.40833378
IND,INDIA,Probability to receive funding,By technology,Energy storage and batteries,Later stage,2016,25.9599781,Percentage,15.40833378
IND,INDIA,Probability to receive funding,By technology,Energy storage and batteries,Later stage,2017,26.1718483,Percentage,17.19404793
IND,INDIA,Probability to receive funding,By technology,Energy storage and batteries,Later stage,2018,21.2323761,Percentage,21.19404793
IND,INDIA,Probability to receive funding,By technology,Energy storage and batteries,Later stage,2019,18.0163002,Percentage,24.97738075
IND,INDIA,Probability to receive funding,By technology,Energy storage and batteries,Later stage,2020,15.85770035,Percentage,28.37738037
IND,INDIA,Probability to receive funding,By technology,Energy storage and batteries,Later stage,2021,15.85770035,Percentage,28.37738037
IND,INDIA,Fundings of start-ups,By technology,Energy storage and batteries,Later stage,2022,5.255504608,Years,28.37738037
IND,INDIA,Probability to receive funding,By technology,Fossil fuels,Later stage,2015,12.87878799,Percentage,44
IND,INDIA,Probability to receive funding,By technology,Fossil fuels,Later stage,2016,12.0567379,Percentage,47
IND,INDIA,Probability to receive funding,By technology,Fossil fuels,Later stage,2017,12.82051277,Percentage,52
IND,INDIA,Probability to receive funding,By technology,Fossil fuels,Later stage,2018,11.83431911,Percentage,56.33333206
IND,INDIA,Probability to receive funding,By technology,Fossil fuels,Later stage,2019,10.86956501,Percentage,61.33333206
IND,INDIA,Probability to receive funding,By technology,Fossil fuels,Later stage,2020,10.05025101,Percentage,66.33333588
IND,INDIA,Probability to receive funding,By technology,Fossil fuels,Later stage,2021,10.05025101,Percentage,66.33333588
IND,INDIA,Fundings of start-ups,By technology,Fossil fuels,Later stage,2022,4.896712303,Years,66.33333588
IND,INDIA,Probability to receive funding,By technology,Grid,Later stage,2015,11.27450943,Percentage,34
IND,INDIA,Probability to receive funding,By technology,Grid,Later stage,2016,10.64814854,Percentage,36
IND,INDIA,Probability to receive funding,By technology,Grid,Later stage,2017,9.766454697,Percentage,39.25
IND,INDIA,Probability to receive funding,By technology,Grid,Later stage,2018,9.849410057,Percentage,40.95000076
IND,INDIA,Probability to receive funding,By technology,Grid,Later stage,2019,9.501374245,Percentage,42.45000076
IND,INDIA,Probability to receive funding,By technology,Grid,Later stage,2020,9.240167618,Percentage,43.65000153
IND,INDIA,Probability to receive funding,By technology,Grid,Later stage,2021,9.033221245,Percentage,44.65000153
IND,INDIA,Fundings of start-ups,By technology,Grid,Later stage,2022,3.954149246,Years,43.65000153
IND,INDIA,Probability to receive funding,By technology,Hydrogen and fuel cells,Later stage,2015,0,Percentage,0.333333343
IND,INDIA,Probability to receive funding,By technology,Hydrogen and fuel cells,Later stage,2016,0,Percentage,0.333333343
IND,INDIA,Probability to receive funding,By technology,Hydrogen and fuel cells,Later stage,2017,0,Percentage,0.533333361
IND,INDIA,Probability to receive funding,By technology,Hydrogen and fuel cells,Later stage,2018,0,Percentage,0.533333361
IND,INDIA,Probability to receive funding,By technology,Hydrogen and fuel cells,Later stage,2019,0,Percentage,0.533333361
IND,INDIA,Probability to receive funding,By technology,Hydrogen and fuel cells,Later stage,2020,0,Percentage,0.533333361
IND,INDIA,Probability to receive funding,By technology,Hydrogen and fuel cells,Later stage,2021,0,Percentage,1.033333302
IND,INDIA,Fundings of start-ups,By technology,Non-clean energy,Later stage,2017,52273.37109,USD,1
IND,INDIA,Fundings of start-ups,By technology,Non-clean energy,Later stage,2018,56568140,USD,2
IND,INDIA,Fundings of start-ups,By technology,Non-clean energy,Later stage,2019,108945152,USD,2
IND,INDIA,Fundings of start-ups,By technology,Non-clean energy,Later stage,2020,215151520,USD,1
IND,INDIA,Probability to receive funding,By technology,Non-clean energy,Later stage,2021,6.479481697,Percentage,463
IND,INDIA,Fundings of start-ups,By technology,Non-clean energy,Later stage,2021,791527488,USD,5
IND,INDIA,Fundings of start-ups,By technology,Non-clean energy,Later stage,2022,5.541552544,Years,465
IND,INDIA,Probability to receive funding,By technology,Nuclear,Later stage,2016,0,Percentage,1
IND,INDIA,Probability to receive funding,By technology,Nuclear,Later stage,2017,0,Percentage,1
IND,INDIA,Probability to receive funding,By technology,Nuclear,Later stage,2018,0,Percentage,1
IND,INDIA,Probability to receive funding,By technology,Nuclear,Later stage,2019,0,Percentage,1
IND,INDIA,Probability to receive funding,By technology,Nuclear,Later stage,2020,0,Percentage,1
IND,INDIA,Probability to receive funding,By technology,Nuclear,Later stage,2021,0,Percentage,1
IND,INDIA,Probability to receive funding,By technology,Other energy,Later stage,2015,12.61085987,Percentage,145.6416626
IND,INDIA,Probability to receive funding,By technology,Other energy,Later stage,2016,12.12788296,Percentage,166.5583344
IND,INDIA,Probability to receive funding,By technology,Other energy,Later stage,2017,11.90234566,Percentage,186.5178528
IND,INDIA,Probability to receive funding,By technology,Other energy,Later stage,2018,11.1924715,Percentage,200.1345215
IND,INDIA,Probability to receive funding,By technology,Other energy,Later stage,2019,10.98139477,Percentage,208.5345306
IND,INDIA,Probability to receive funding,By technology,Other energy,Later stage,2020,11.08078861,Percentage,214.1845245
IND,INDIA,Probability to receive funding,By technology,Other energy,Later stage,2021,10.93612003,Percentage,217.0178528
IND,INDIA,Fundings of start-ups,By technology,Other energy,Later stage,2022,4.760720253,Years,217.0178528
IND,INDIA,Probability to receive funding,By technology,Other renewables,Later stage,2015,12.46426487,Percentage,87.44999695
IND,INDIA,Probability to receive funding,By technology,Other renewables,Later stage,2016,11.63859081,Percentage,97.94999695
IND,INDIA,Probability to receive funding,By technology,Other renewables,Later stage,2017,11.50049877,Percentage,112.1690445
IND,INDIA,Probability to receive funding,By technology,Other renewables,Later stage,2018,10.47361946,Percentage,126.9857178
IND,INDIA,Probability to receive funding,By technology,Other renewables,Later stage,2019,9.979338646,Percentage,138.2857208
IND,INDIA,Probability to receive funding,By technology,Other renewables,Later stage,2020,10.0329752,Percentage,145.8523865
IND,INDIA,Probability to receive funding,By technology,Other renewables,Later stage,2021,10.01009846,Percentage,146.1857147
IND,INDIA,Fundings of start-ups,By technology,Other renewables,Later stage,2022,3.792411089,Years,145.1857147
IND,INDIA,Probability to receive funding,By technology,Solar,Later stage,2015,8.573368073,Percentage,85.92500305
IND,INDIA,Probability to receive funding,By technology,Solar,Later stage,2016,7.554909706,Percentage,97.5083313
IND,INDIA,Probability to receive funding,By technology,Solar,Later stage,2017,6.716814995,Percentage,109.6750031
IND,INDIA,Probability to receive funding,By technology,Solar,Later stage,2018,6.558324337,Percentage,115.375
IND,INDIA,Probability to receive funding,By technology,Solar,Later stage,2019,6.313008308,Percentage,119.8583298
IND,INDIA,Probability to receive funding,By technology,Solar,Later stage,2020,6.476737022,Percentage,121.9749985
IND,INDIA,Probability to receive funding,By technology,Solar,Later stage,2021,6.398056507,Percentage,123.4749985
IND,INDIA,Fundings of start-ups,By technology,Solar,Later stage,2022,5.030587673,Years,123.4749985
IND,INDIA,Probability to receive funding,By technology,Wind,Later stage,2015,16.86746979,Percentage,4.150000095
IND,INDIA,Probability to receive funding,By technology,Wind,Later stage,2016,13.16614437,Percentage,5.316666603
IND,INDIA,Probability to receive funding,By technology,Wind,Later stage,2017,11.02362251,Percentage,6.349999905
IND,INDIA,Probability to receive funding,By technology,Wind,Later stage,2018,10.47381592,Percentage,6.683333397
IND,INDIA,Probability to receive funding,By technology,Wind,Later stage,2019,10.16949177,Percentage,6.883333206
IND,INDIA,Probability to receive funding,By technology,Wind,Later stage,2020,9.882352829,Percentage,7.083333492
IND,INDIA,Probability to receive funding,By technology,Wind,Later stage,2021,9.230769157,Percentage,7.583333492
IND,INDIA,Fundings of start-ups,By technology,Wind,Later stage,2022,6.726157665,Years,7.583333492
IDN,INDONESIA,Fundings of start-ups,"By sector (energy, green, digital)",Energy,Early stage,2019,1630102,USD,1
IDN,INDONESIA,Fundings of start-ups,"By sector (energy, green, digital)",Energy,Early stage,2020,12909091,USD,2
IDN,INDONESIA,Fundings of start-ups,"By sector (energy, green, digital)",Energy,Early stage,2021,47847828,USD,2
IDN,INDONESIA,Probability to receive funding,"By sector (energy, green, digital)",Energy,Early stage,2021,8,Percentage,75
IDN,INDONESIA,Fundings of start-ups,"By sector (energy, green, digital)",Energy,Early stage,2022,1.949902177,Years,76
IDN,INDONESIA,Fundings of start-ups,"By sector (energy, green, digital)",Energy,Early stage,2022,4559016,USD,1
IDN,INDONESIA,Fundings of start-ups,"By sector (energy, green, digital)",Energy and digital,Early stage,2019,1630102,USD,1
IDN,INDONESIA,Fundings of start-ups,"By sector (energy, green, digital)",Energy and digital,Early stage,2020,12371212,USD,1
IDN,INDONESIA,Probability to receive funding,"By sector (energy, green, digital)",Energy and digital,Early stage,2021,15,Percentage,20
IDN,INDONESIA,Fundings of start-ups,"By sector (energy, green, digital)",Energy and digital,Early stage,2021,22123188,USD,1
IDN,INDONESIA,Fundings of start-ups,"By sector (energy, green, digital)",Energy and digital,Early stage,2022,2.053881168,Years,20
IDN,INDONESIA,Fundings of start-ups,"By sector (energy, green, digital)",Energy and non-digital,Early stage,2020,537878.8125,USD,1
IDN,INDONESIA,Fundings of start-ups,"By sector (energy, green, digital)",Energy and non-digital,Early stage,2021,25724638,USD,1
IDN,INDONESIA,Probability to receive funding,"By sector (energy, green, digital)",Energy and non-digital,Early stage,2021,5.454545498,Percentage,55
IDN,INDONESIA,Fundings of start-ups,"By sector (energy, green, digital)",Energy and non-digital,Early stage,2022,1.871917844,Years,56
IDN,INDONESIA,Fundings of start-ups,"By sector (energy, green, digital)",Energy and non-digital,Early stage,2022,4559016,USD,1
IDN,INDONESIA,Fundings of start-ups,"By sector (energy, green, digital)",Non-energy,Early stage,2000,35500000,USD,1
IDN,INDONESIA,Fundings of start-ups,"By sector (energy, green, digital)",Non-energy,Early stage,2010,937455.0625,USD,4
IDN,INDONESIA,Fundings of start-ups,"By sector (energy, green, digital)",Non-energy,Early stage,2011,10147425,USD,6
IDN,INDONESIA,Fundings of start-ups,"By sector (energy, green, digital)",Non-energy,Early stage,2012,1360295.5,USD,5
IDN,INDONESIA,Fundings of start-ups,"By sector (energy, green, digital)",Non-energy,Early stage,2013,12308625,USD,10
IDN,INDONESIA,Fundings of start-ups,"By sector (energy, green, digital)",Non-energy,Early stage,2014,14642239,USD,16
IDN,INDONESIA,Fundings of start-ups,"By sector (energy, green, digital)",Non-energy,Early stage,2015,164769136,USD,32
IDN,INDONESIA,Fundings of start-ups,"By sector (energy, green, digital)",Non-energy,Early stage,2016,94210648,USD,49
IDN,INDONESIA,Fundings of start-ups,"By sector (energy, green, digital)",Non-energy,Early stage,2017,190876784,USD,47
IDN,INDONESIA,Fundings of start-ups,"By sector (energy, green, digital)",Non-energy,Early stage,2018,302177632,USD,49
IDN,INDONESIA,Fundings of start-ups,"By sector (energy, green, digital)",Non-energy,Early stage,2019,529830336,USD,72
IDN,INDONESIA,Fundings of start-ups,"By sector (energy, green, digital)",Non-energy,Early stage,2020,952515840,USD,65
IDN,INDONESIA,Probability to receive funding,"By sector (energy, green, digital)",Non-energy,Early stage,2021,10.55428982,Percentage,3951
IDN,INDONESIA,Fundings of start-ups,"By sector (energy, green, digital)",Non-energy,Early stage,2021,1943151232,USD,111
IDN,INDONESIA,Fundings of start-ups,"By sector (energy, green, digital)",Non-energy,Early stage,2022,1314095488,USD,90
IDN,INDONESIA,Fundings of start-ups,"By sector (energy, green, digital)",Non-energy,Early stage,2022,1.995946288,Years,4015
IDN,INDONESIA,Probability to receive funding,"By sector (energy, green, digital)",Energy,Later stage,2021,4,Percentage,75
IDN,INDONESIA,Fundings of start-ups,"By sector (energy, green, digital)",Energy,Later stage,2022,5.080821991,Years,76
IDN,INDONESIA,Probability to receive funding,"By sector (energy, green, digital)",Energy and digital,Later stage,2021,5,Percentage,20
IDN,INDONESIA,Fundings of start-ups,"By sector (energy, green, digital)",Energy and digital,Later stage,2022,1.915068507,Years,20
IDN,INDONESIA,Probability to receive funding,"By sector (energy, green, digital)",Energy and non-digital,Later stage,2021,3.636363745,Percentage,55
IDN,INDONESIA,Fundings of start-ups,"By sector (energy, green, digital)",Energy and non-digital,Later stage,2022,8.246575356,Years,56
IDN,INDONESIA,Fundings of start-ups,"By sector (energy, green, digital)",Non-energy,Later stage,2013,1435955,USD,1
IDN,INDONESIA,Fundings of start-ups,"By sector (energy, green, digital)",Non-energy,Later stage,2014,122318824,USD,2
IDN,INDONESIA,Fundings of start-ups,"By sector (energy, green, digital)",Non-energy,Later stage,2016,1003646720,USD,3
IDN,INDONESIA,Fundings of start-ups,"By sector (energy, green, digital)",Non-energy,Later stage,2017,1249240448,USD,3
IDN,INDONESIA,Fundings of start-ups,"By sector (energy, green, digital)",Non-energy,Later stage,2018,3982101504,USD,4
IDN,INDONESIA,Fundings of start-ups,"By sector (energy, green, digital)",Non-energy,Later stage,2019,421245536,USD,8
IDN,INDONESIA,Fundings of start-ups,"By sector (energy, green, digital)",Non-energy,Later stage,2020,2263555328,USD,7
IDN,INDONESIA,Probability to receive funding,"By sector (energy, green, digital)",Non-energy,Later stage,2021,1.948873758,Percentage,3951
IDN,INDONESIA,Fundings of start-ups,"By sector (energy, green, digital)",Non-energy,Later stage,2021,1056191872,USD,18
IDN,INDONESIA,Fundings of start-ups,"By sector (energy, green, digital)",Non-energy,Later stage,2022,1222330496,USD,20
IDN,INDONESIA,Fundings of start-ups,"By sector (energy, green, digital)",Non-energy,Later stage,2022,4.795267582,Years,4015
IDN,INDONESIA,Fundings of start-ups,By technology,Other energy,all,2019,815051,USD,0.5
IDN,INDONESIA,Fundings of start-ups,By technology,Other energy,all,2020,6454545.5,USD,1
IDN,INDONESIA,Fundings of start-ups,By technology,Other energy,all,2021,12862319,USD,0.5
IDN,INDONESIA,Fundings of start-ups,By technology,Other renewables,all,2019,815051,USD,0.5
IDN,INDONESIA,Fundings of start-ups,By technology,Other renewables,all,2020,6454545.5,USD,1
IDN,INDONESIA,Fundings of start-ups,By technology,Other renewables,all,2021,23923914,USD,1
IDN,INDONESIA,Fundings of start-ups,By technology,Solar,all,2021,11061594,USD,0.5
IDN,INDONESIA,Fundings of start-ups,By technology,Clean energy,Early stage,2019,1630102,USD,1
IDN,INDONESIA,Fundings of start-ups,By technology,Clean energy,Early stage,2020,12909091,USD,2
IDN,INDONESIA,Fundings of start-ups,By technology,Clean energy,Early stage,2021,47847828,USD,2
IDN,INDONESIA,Probability to receive funding,By technology,Clean energy,Early stage,2021,15.625,Percentage,32
IDN,INDONESIA,Fundings of start-ups,By technology,Clean energy,Early stage,2022,2.178082228,Years,33
IDN,INDONESIA,Fundings of start-ups,By technology,Clean energy,Early stage,2022,4559016,USD,1
IDN,INDONESIA,Probability to receive funding,By technology,Electric mobility,Early stage,2015,0,Percentage,1
IDN,INDONESIA,Probability to receive funding,By technology,Electric mobility,Early stage,2016,0,Percentage,1
IDN,INDONESIA,Probability to receive funding,By technology,Electric mobility,Early stage,2017,0,Percentage,1
IDN,INDONESIA,Probability to receive funding,By technology,Electric mobility,Early stage,2018,0,Percentage,1
IDN,INDONESIA,Probability to receive funding,By technology,Electric mobility,Early stage,2019,0,Percentage,1
IDN,INDONESIA,Probability to receive funding,By technology,Electric mobility,Early stage,2020,0,Percentage,1
IDN,INDONESIA,Probability to receive funding,By technology,Electric mobility,Early stage,2021,0,Percentage,3
IDN,INDONESIA,Probability to receive funding,By technology,Energy efficiency,Early stage,2015,0,Percentage,3.833333254
IDN,INDONESIA,Probability to receive funding,By technology,Energy efficiency,Early stage,2016,0,Percentage,6.333333492
IDN,INDONESIA,Probability to receive funding,By technology,Energy efficiency,Early stage,2017,12,Percentage,8.333333015
IDN,INDONESIA,Probability to receive funding,By technology,Energy efficiency,Early stage,2018,10.71428585,Percentage,9.333333015
IDN,INDONESIA,Probability to receive funding,By technology,Energy efficiency,Early stage,2019,10.71428585,Percentage,9.333333015
IDN,INDONESIA,Probability to receive funding,By technology,Energy efficiency,Early stage,2020,10.71428585,Percentage,9.333333015
IDN,INDONESIA,Probability to receive funding,By technology,Energy efficiency,Early stage,2021,10.71428585,Percentage,9.333333015
IDN,INDONESIA,Fundings of start-ups,By technology,Energy efficiency,Early stage,2022,0.580821931,Years,9.333333015
IDN,INDONESIA,Probability to receive funding,By technology,Energy storage and batteries,Early stage,2019,0,Percentage,0.5
IDN,INDONESIA,Probability to receive funding,By technology,Energy storage and batteries,Early stage,2020,0,Percentage,0.5
IDN,INDONESIA,Probability to receive funding,By technology,Energy storage and batteries,Early stage,2021,0,Percentage,0.5
IDN,INDONESIA,Probability to receive funding,By technology,Fossil fuels,Early stage,2015,0,Percentage,10.5
IDN,INDONESIA,Probability to receive funding,By technology,Fossil fuels,Early stage,2016,0,Percentage,11.5
IDN,INDONESIA,Probability to receive funding,By technology,Fossil fuels,Early stage,2017,0,Percentage,11.5
IDN,INDONESIA,Probability to receive funding,By technology,Fossil fuels,Early stage,2018,0,Percentage,12
IDN,INDONESIA,Probability to receive funding,By technology,Fossil fuels,Early stage,2019,0,Percentage,12
IDN,INDONESIA,Probability to receive funding,By technology,Fossil fuels,Early stage,2020,0,Percentage,12
IDN,INDONESIA,Probability to receive funding,By technology,Fossil fuels,Early stage,2021,0,Percentage,12
IDN,INDONESIA,Probability to receive funding,By technology,Grid,Early stage,2015,0,Percentage,4
IDN,INDONESIA,Probability to receive funding,By technology,Grid,Early stage,2016,0,Percentage,4
IDN,INDONESIA,Probability to receive funding,By technology,Grid,Early stage,2017,0,Percentage,4
IDN,INDONESIA,Probability to receive funding,By technology,Grid,Early stage,2018,0,Percentage,6
IDN,INDONESIA,Probability to receive funding,By technology,Grid,Early stage,2019,0,Percentage,7.25
IDN,INDONESIA,Probability to receive funding,By technology,Grid,Early stage,2020,0,Percentage,7.25
IDN,INDONESIA,Probability to receive funding,By technology,Grid,Early stage,2021,0,Percentage,7.25
IDN,INDONESIA,Probability to receive funding,By technology,Non-clean energy,Early stage,2021,2.325581312,Percentage,43
IDN,INDONESIA,Fundings of start-ups,By technology,Non-clean energy,Early stage,2022,0.580821931,Years,43
IDN,INDONESIA,Probability to receive funding,By technology,Other energy,Early stage,2015,0,Percentage,16.16666603
IDN,INDONESIA,Probability to receive funding,By technology,Other energy,Early stage,2016,2.955665112,Percentage,16.91666603
IDN,INDONESIA,Probability to receive funding,By technology,Other energy,Early stage,2017,5.020920277,Percentage,19.91666603
IDN,INDONESIA,Probability to receive funding,By technology,Other energy,Early stage,2018,4.743083,Percentage,21.08333397
IDN,INDONESIA,Probability to receive funding,By technology,Other energy,Early stage,2019,5.791505814,Percentage,21.58333397
IDN,INDONESIA,Probability to receive funding,By technology,Other energy,Early stage,2020,7.924528122,Percentage,22.08333397
IDN,INDONESIA,Probability to receive funding,By technology,Other energy,Early stage,2021,7.924528122,Percentage,22.08333397
IDN,INDONESIA,Probability to receive funding,By technology,Other renewables,Early stage,2015,0,Percentage,3
IDN,INDONESIA,Probability to receive funding,By technology,Other renewables,Early stage,2016,13.33333302,Percentage,3.75
IDN,INDONESIA,Probability to receive funding,By technology,Other renewables,Early stage,2017,17.39130402,Percentage,5.75
IDN,INDONESIA,Probability to receive funding,By technology,Other renewables,Early stage,2018,20.6896553,Percentage,7.25
IDN,INDONESIA,Probability to receive funding,By technology,Other renewables,Early stage,2019,20.5128212,Percentage,9.75
IDN,INDONESIA,Probability to receive funding,By technology,Other renewables,Early stage,2020,24.39024353,Percentage,10.25
IDN,INDONESIA,Probability to receive funding,By technology,Other renewables,Early stage,2021,24.39024353,Percentage,10.25
IDN,INDONESIA,Probability to receive funding,By technology,Solar,Early stage,2015,0,Percentage,2.5
IDN,INDONESIA,Probability to receive funding,By technology,Solar,Early stage,2016,0,Percentage,2.5
IDN,INDONESIA,Probability to receive funding,By technology,Solar,Early stage,2017,0,Percentage,2.5
IDN,INDONESIA,Probability to receive funding,By technology,Solar,Early stage,2018,15,Percentage,3.333333254
IDN,INDONESIA,Probability to receive funding,By technology,Solar,Early stage,2019,20.930233,Percentage,3.583333254
IDN,INDONESIA,Probability to receive funding,By technology,Solar,Early stage,2020,20.930233,Percentage,3.583333254
IDN,INDONESIA,Probability to receive funding,By technology,Solar,Early stage,2021,20.930233,Percentage,3.583333254
IDN,INDONESIA,Probability to receive funding,By technology,Clean energy,Later stage,2021,3.125,Percentage,32
IDN,INDONESIA,Fundings of start-ups,By technology,Clean energy,Later stage,2022,8.246575356,Years,33
IDN,INDONESIA,Probability to receive funding,By technology,Electric mobility,Later stage,2015,0,Percentage,1
IDN,INDONESIA,Probability to receive funding,By technology,Electric mobility,Later stage,2016,0,Percentage,1
IDN,INDONESIA,Probability to receive funding,By technology,Electric mobility,Later stage,2017,0,Percentage,1
IDN,INDONESIA,Probability to receive funding,By technology,Electric mobility,Later stage,2018,0,Percentage,1
IDN,INDONESIA,Probability to receive funding,By technology,Electric mobility,Later stage,2019,0,Percentage,1
IDN,INDONESIA,Probability to receive funding,By technology,Electric mobility,Later stage,2020,0,Percentage,1
IDN,INDONESIA,Probability to receive funding,By technology,Electric mobility,Later stage,2021,0,Percentage,3
IDN,INDONESIA,Probability to receive funding,By technology,Energy efficiency,Later stage,2015,0,Percentage,3.833333254
IDN,INDONESIA,Probability to receive funding,By technology,Energy efficiency,Later stage,2016,0,Percentage,6.333333492
IDN,INDONESIA,Probability to receive funding,By technology,Energy efficiency,Later stage,2017,12,Percentage,8.333333015
IDN,INDONESIA,Probability to receive funding,By technology,Energy efficiency,Later stage,2018,10.71428585,Percentage,9.333333015
IDN,INDONESIA,Probability to receive funding,By technology,Energy efficiency,Later stage,2019,10.71428585,Percentage,9.333333015
IDN,INDONESIA,Probability to receive funding,By technology,Energy efficiency,Later stage,2020,10.71428585,Percentage,9.333333015
IDN,INDONESIA,Probability to receive funding,By technology,Energy efficiency,Later stage,2021,10.71428585,Percentage,9.333333015
IDN,INDONESIA,Fundings of start-ups,By technology,Energy efficiency,Later stage,2022,1.915068507,Years,9.333333015
IDN,INDONESIA,Probability to receive funding,By technology,Energy storage and batteries,Later stage,2019,0,Percentage,0.5
IDN,INDONESIA,Probability to receive funding,By technology,Energy storage and batteries,Later stage,2020,0,Percentage,0.5
IDN,INDONESIA,Probability to receive funding,By technology,Energy storage and batteries,Later stage,2021,0,Percentage,0.5
IDN,INDONESIA,Probability to receive funding,By technology,Fossil fuels,Later stage,2015,0,Percentage,10.5
IDN,INDONESIA,Probability to receive funding,By technology,Fossil fuels,Later stage,2016,0,Percentage,11.5
IDN,INDONESIA,Probability to receive funding,By technology,Fossil fuels,Later stage,2017,0,Percentage,11.5
IDN,INDONESIA,Probability to receive funding,By technology,Fossil fuels,Later stage,2018,0,Percentage,12
IDN,INDONESIA,Probability to receive funding,By technology,Fossil fuels,Later stage,2019,0,Percentage,12
IDN,INDONESIA,Probability to receive funding,By technology,Fossil fuels,Later stage,2020,0,Percentage,12
IDN,INDONESIA,Probability to receive funding,By technology,Fossil fuels,Later stage,2021,0,Percentage,12
IDN,INDONESIA,Probability to receive funding,By technology,Grid,Later stage,2015,0,Percentage,4
IDN,INDONESIA,Probability to receive funding,By technology,Grid,Later stage,2016,0,Percentage,4
IDN,INDONESIA,Probability to receive funding,By technology,Grid,Later stage,2017,0,Percentage,4
IDN,INDONESIA,Probability to receive funding,By technology,Grid,Later stage,2018,0,Percentage,6
IDN,INDONESIA,Probability to receive funding,By technology,Grid,Later stage,2019,0,Percentage,7.25
IDN,INDONESIA,Probability to receive funding,By technology,Grid,Later stage,2020,0,Percentage,7.25
IDN,INDONESIA,Probability to receive funding,By technology,Grid,Later stage,2021,0,Percentage,7.25
IDN,INDONESIA,Probability to receive funding,By technology,Non-clean energy,Later stage,2021,4.651162624,Percentage,43
IDN,INDONESIA,Fundings of start-ups,By technology,Non-clean energy,Later stage,2022,1.915068507,Years,43
IDN,INDONESIA,Probability to receive funding,By technology,Other energy,Later stage,2015,0,Percentage,16.16666603
IDN,INDONESIA,Probability to receive funding,By technology,Other energy,Later stage,2016,0,Percentage,16.91666603
IDN,INDONESIA,Probability to receive funding,By technology,Other energy,Later stage,2017,5.020920277,Percentage,19.91666603
IDN,INDONESIA,Probability to receive funding,By technology,Other energy,Later stage,2018,4.743083,Percentage,21.08333397
IDN,INDONESIA,Probability to receive funding,By technology,Other energy,Later stage,2019,4.63320446,Percentage,21.58333397
IDN,INDONESIA,Probability to receive funding,By technology,Other energy,Later stage,2020,4.528301716,Percentage,22.08333397
IDN,INDONESIA,Probability to receive funding,By technology,Other energy,Later stage,2021,4.528301716,Percentage,22.08333397
IDN,INDONESIA,Probability to receive funding,By technology,Other renewables,Later stage,2015,0,Percentage,3
IDN,INDONESIA,Probability to receive funding,By technology,Other renewables,Later stage,2016,0,Percentage,3.75
IDN,INDONESIA,Probability to receive funding,By technology,Other renewables,Later stage,2017,0,Percentage,5.75
IDN,INDONESIA,Probability to receive funding,By technology,Other renewables,Later stage,2018,0,Percentage,7.25
IDN,INDONESIA,Probability to receive funding,By technology,Other renewables,Later stage,2019,0,Percentage,9.75
IDN,INDONESIA,Probability to receive funding,By technology,Other renewables,Later stage,2020,0,Percentage,10.25
IDN,INDONESIA,Probability to receive funding,By technology,Other renewables,Later stage,2021,0,Percentage,10.25
IDN,INDONESIA,Probability to receive funding,By technology,Solar,Later stage,2015,0,Percentage,2.5
IDN,INDONESIA,Probability to receive funding,By technology,Solar,Later stage,2016,0,Percentage,2.5
IDN,INDONESIA,Probability to receive funding,By technology,Solar,Later stage,2017,0,Percentage,2.5
IDN,INDONESIA,Probability to receive funding,By technology,Solar,Later stage,2018,0,Percentage,3.333333254
IDN,INDONESIA,Probability to receive funding,By technology,Solar,Later stage,2019,0,Percentage,3.583333254
IDN,INDONESIA,Probability to receive funding,By technology,Solar,Later stage,2020,0,Percentage,3.583333254
IDN,INDONESIA,Probability to receive funding,By technology,Solar,Later stage,2021,0,Percentage,3.583333254
IRQ,IRAQ,Probability to receive funding,"By sector (energy, green, digital)",Energy,Early stage,2021,0,Percentage,1
IRQ,IRAQ,Probability to receive funding,"By sector (energy, green, digital)",Energy and non-digital,Early stage,2021,0,Percentage,1
IRQ,IRAQ,Fundings of start-ups,"By sector (energy, green, digital)",Non-energy,Early stage,2015,2000552.5,USD,1
IRQ,IRAQ,Fundings of start-ups,"By sector (energy, green, digital)",Non-energy,Early stage,2017,169946.8125,USD,1
IRQ,IRAQ,Fundings of start-ups,"By sector (energy, green, digital)",Non-energy,Early stage,2020,19363.63672,USD,1
IRQ,IRAQ,Probability to receive funding,"By sector (energy, green, digital)",Non-energy,Early stage,2021,4.635761738,Percentage,151
IRQ,IRAQ,Fundings of start-ups,"By sector (energy, green, digital)",Non-energy,Early stage,2022,1.732876658,Years,152
IRQ,IRAQ,Fundings of start-ups,"By sector (energy, green, digital)",Non-energy,Early stage,2022,10500000,USD,1
IRQ,IRAQ,Probability to receive funding,"By sector (energy, green, digital)",Energy,Later stage,2021,0,Percentage,1
IRQ,IRAQ,Probability to receive funding,"By sector (energy, green, digital)",Energy and non-digital,Later stage,2021,0,Percentage,1
IRQ,IRAQ,Probability to receive funding,"By sector (energy, green, digital)",Non-energy,Later stage,2021,0,Percentage,151
IRQ,IRAQ,Probability to receive funding,By technology,Fossil fuels,Early stage,2015,0,Percentage,0.5
IRQ,IRAQ,Probability to receive funding,By technology,Fossil fuels,Early stage,2016,0,Percentage,0.5
IRQ,IRAQ,Probability to receive funding,By technology,Fossil fuels,Early stage,2017,0,Percentage,0.5
IRQ,IRAQ,Probability to receive funding,By technology,Fossil fuels,Early stage,2018,0,Percentage,0.5
IRQ,IRAQ,Probability to receive funding,By technology,Fossil fuels,Early stage,2019,0,Percentage,0.5
IRQ,IRAQ,Probability to receive funding,By technology,Fossil fuels,Early stage,2020,0,Percentage,0.5
IRQ,IRAQ,Probability to receive funding,By technology,Fossil fuels,Early stage,2021,0,Percentage,0.5
IRQ,IRAQ,Probability to receive funding,By technology,Non-clean energy,Early stage,2021,0,Percentage,1
IRQ,IRAQ,Probability to receive funding,By technology,Other energy,Early stage,2015,0,Percentage,0.5
IRQ,IRAQ,Probability to receive funding,By technology,Other energy,Early stage,2016,0,Percentage,0.5
IRQ,IRAQ,Probability to receive funding,By technology,Other energy,Early stage,2017,0,Percentage,0.5
IRQ,IRAQ,Probability to receive funding,By technology,Other energy,Early stage,2018,0,Percentage,0.5
IRQ,IRAQ,Probability to receive funding,By technology,Other energy,Early stage,2019,0,Percentage,0.5
IRQ,IRAQ,Probability to receive funding,By technology,Other energy,Early stage,2020,0,Percentage,0.5
IRQ,IRAQ,Probability to receive funding,By technology,Other energy,Early stage,2021,0,Percentage,0.5
IRQ,IRAQ,Probability to receive funding,By technology,Fossil fuels,Later stage,2015,0,Percentage,0.5
IRQ,IRAQ,Probability to receive funding,By technology,Fossil fuels,Later stage,2016,0,Percentage,0.5
IRQ,IRAQ,Probability to receive funding,By technology,Fossil fuels,Later stage,2017,0,Percentage,0.5
IRQ,IRAQ,Probability to receive funding,By technology,Fossil fuels,Later stage,2018,0,Percentage,0.5
IRQ,IRAQ,Probability to receive funding,By technology,Fossil fuels,Later stage,2019,0,Percentage,0.5
IRQ,IRAQ,Probability to receive funding,By technology,Fossil fuels,Later stage,2020,0,Percentage,0.5
IRQ,IRAQ,Probability to receive funding,By technology,Fossil fuels,Later stage,2021,0,Percentage,0.5
IRQ,IRAQ,Probability to receive funding,By technology,Non-clean energy,Later stage,2021,0,Percentage,1
IRQ,IRAQ,Probability to receive funding,By technology,Other energy,Later stage,2015,0,Percentage,0.5
IRQ,IRAQ,Probability to receive funding,By technology,Other energy,Later stage,2016,0,Percentage,0.5
IRQ,IRAQ,Probability to receive funding,By technology,Other energy,Later stage,2017,0,Percentage,0.5
IRQ,IRAQ,Probability to receive funding,By technology,Other energy,Later stage,2018,0,Percentage,0.5
IRQ,IRAQ,Probability to receive funding,By technology,Other energy,Later stage,2019,0,Percentage,0.5
IRQ,IRAQ,Probability to receive funding,By technology,Other energy,Later stage,2020,0,Percentage,0.5
IRQ,IRAQ,Probability to receive funding,By technology,Other energy,Later stage,2021,0,Percentage,0.5
IRL,IRELAND,Fundings of start-ups,"By sector (energy, green, digital)",Energy,Early stage,2002,8245091,USD,1
IRL,IRELAND,Fundings of start-ups,"By sector (energy, green, digital)",Energy,Early stage,2008,1890355.625,USD,1
IRL,IRELAND,Fundings of start-ups,"By sector (energy, green, digital)",Energy,Early stage,2009,916939,USD,1
IRL,IRELAND,Fundings of start-ups,"By sector (energy, green, digital)",Energy,Early stage,2010,1036940.125,USD,1
IRL,IRELAND,Fundings of start-ups,"By sector (energy, green, digital)",Energy,Early stage,2012,131825.2188,USD,3
IRL,IRELAND,Fundings of start-ups,"By sector (energy, green, digital)",Energy,Early stage,2013,2073921.125,USD,7
IRL,IRELAND,Fundings of start-ups,"By sector (energy, green, digital)",Energy,Early stage,2014,38608056,USD,2
IRL,IRELAND,Fundings of start-ups,"By sector (energy, green, digital)",Energy,Early stage,2016,4348399.5,USD,1
IRL,IRELAND,Fundings of start-ups,"By sector (energy, green, digital)",Energy,Early stage,2017,3872989.25,USD,3
IRL,IRELAND,Fundings of start-ups,"By sector (energy, green, digital)",Energy,Early stage,2019,2068712.5,USD,2
IRL,IRELAND,Fundings of start-ups,"By sector (energy, green, digital)",Energy,Early stage,2020,20074830,USD,3
IRL,IRELAND,Fundings of start-ups,"By sector (energy, green, digital)",Energy,Early stage,2021,3842642.5,USD,2
IRL,IRELAND,Probability to receive funding,"By sector (energy, green, digital)",Energy,Early stage,2021,11.76470566,Percentage,170
IRL,IRELAND,Fundings of start-ups,"By sector (energy, green, digital)",Energy,Early stage,2022,2.27801013,Years,170
IRL,IRELAND,Fundings of start-ups,"By sector (energy, green, digital)",Energy,Early stage,2022,4218599,USD,1
IRL,IRELAND,Fundings of start-ups,"By sector (energy, green, digital)",Energy and digital,Early stage,2008,1890355.625,USD,1
IRL,IRELAND,Fundings of start-ups,"By sector (energy, green, digital)",Energy and digital,Early stage,2009,916939,USD,1
IRL,IRELAND,Fundings of start-ups,"By sector (energy, green, digital)",Energy and digital,Early stage,2010,1036940.125,USD,1
IRL,IRELAND,Fundings of start-ups,"By sector (energy, green, digital)",Energy and digital,Early stage,2012,131825.2188,USD,3
IRL,IRELAND,Fundings of start-ups,"By sector (energy, green, digital)",Energy and digital,Early stage,2013,1517047,USD,6
IRL,IRELAND,Fundings of start-ups,"By sector (energy, green, digital)",Energy and digital,Early stage,2014,37864472,USD,1
IRL,IRELAND,Fundings of start-ups,"By sector (energy, green, digital)",Energy and digital,Early stage,2016,4348399.5,USD,1
IRL,IRELAND,Fundings of start-ups,"By sector (energy, green, digital)",Energy and digital,Early stage,2017,2593223,USD,2
IRL,IRELAND,Fundings of start-ups,"By sector (energy, green, digital)",Energy and digital,Early stage,2019,2068712.5,USD,2
IRL,IRELAND,Fundings of start-ups,"By sector (energy, green, digital)",Energy and digital,Early stage,2020,20074830,USD,3
IRL,IRELAND,Probability to receive funding,"By sector (energy, green, digital)",Energy and digital,Early stage,2021,25,Percentage,64
IRL,IRELAND,Fundings of start-ups,"By sector (energy, green, digital)",Energy and digital,Early stage,2022,2.179177999,Years,64
IRL,IRELAND,Fundings of start-ups,"By sector (energy, green, digital)",Energy and non-digital,Early stage,2002,8245091,USD,1
IRL,IRELAND,Fundings of start-ups,"By sector (energy, green, digital)",Energy and non-digital,Early stage,2013,556874.125,USD,1
IRL,IRELAND,Fundings of start-ups,"By sector (energy, green, digital)",Energy and non-digital,Early stage,2014,743584.1875,USD,1
IRL,IRELAND,Fundings of start-ups,"By sector (energy, green, digital)",Energy and non-digital,Early stage,2017,1279766.375,USD,1
IRL,IRELAND,Probability to receive funding,"By sector (energy, green, digital)",Energy and non-digital,Early stage,2021,3.773584843,Percentage,106
IRL,IRELAND,Fundings of start-ups,"By sector (energy, green, digital)",Energy and non-digital,Early stage,2021,3842642.5,USD,2
IRL,IRELAND,Fundings of start-ups,"By sector (energy, green, digital)",Energy and non-digital,Early stage,2022,2.648630142,Years,106
IRL,IRELAND,Fundings of start-ups,"By sector (energy, green, digital)",Energy and non-digital,Early stage,2022,4218599,USD,1
IRL,IRELAND,Fundings of start-ups,"By sector (energy, green, digital)",Non-energy,Early stage,2000,47396024,USD,4
IRL,IRELAND,Fundings of start-ups,"By sector (energy, green, digital)",Non-energy,Early stage,2001,117248896,USD,10
IRL,IRELAND,Fundings of start-ups,"By sector (energy, green, digital)",Non-energy,Early stage,2002,48381888,USD,5
IRL,IRELAND,Fundings of start-ups,"By sector (energy, green, digital)",Non-energy,Early stage,2004,21959140,USD,2
IRL,IRELAND,Fundings of start-ups,"By sector (energy, green, digital)",Non-energy,Early stage,2005,83703344,USD,9
IRL,IRELAND,Fundings of start-ups,"By sector (energy, green, digital)",Non-energy,Early stage,2006,112270920,USD,10
IRL,IRELAND,Fundings of start-ups,"By sector (energy, green, digital)",Non-energy,Early stage,2007,67027212,USD,12
IRL,IRELAND,Fundings of start-ups,"By sector (energy, green, digital)",Non-energy,Early stage,2008,20393732,USD,12
IRL,IRELAND,Fundings of start-ups,"By sector (energy, green, digital)",Non-energy,Early stage,2009,109533072,USD,30
IRL,IRELAND,Fundings of start-ups,"By sector (energy, green, digital)",Non-energy,Early stage,2010,36031736,USD,21
IRL,IRELAND,Fundings of start-ups,"By sector (energy, green, digital)",Non-energy,Early stage,2011,44360656,USD,33
IRL,IRELAND,Fundings of start-ups,"By sector (energy, green, digital)",Non-energy,Early stage,2012,80190768,USD,44
IRL,IRELAND,Fundings of start-ups,"By sector (energy, green, digital)",Non-energy,Early stage,2013,83757752,USD,76
IRL,IRELAND,Fundings of start-ups,"By sector (energy, green, digital)",Non-energy,Early stage,2014,144808304,USD,85
IRL,IRELAND,Fundings of start-ups,"By sector (energy, green, digital)",Non-energy,Early stage,2015,91487376,USD,50
IRL,IRELAND,Fundings of start-ups,"By sector (energy, green, digital)",Non-energy,Early stage,2016,460263200,USD,81
IRL,IRELAND,Fundings of start-ups,"By sector (energy, green, digital)",Non-energy,Early stage,2017,362374816,USD,73
IRL,IRELAND,Fundings of start-ups,"By sector (energy, green, digital)",Non-energy,Early stage,2018,344710784,USD,78
IRL,IRELAND,Fundings of start-ups,"By sector (energy, green, digital)",Non-energy,Early stage,2019,314962752,USD,75
IRL,IRELAND,Fundings of start-ups,"By sector (energy, green, digital)",Non-energy,Early stage,2020,343851488,USD,69
IRL,IRELAND,Fundings of start-ups,"By sector (energy, green, digital)",Non-energy,Early stage,2021,816754560,USD,69
IRL,IRELAND,Probability to receive funding,"By sector (energy, green, digital)",Non-energy,Early stage,2021,13.10907269,Percentage,4905
IRL,IRELAND,Fundings of start-ups,"By sector (energy, green, digital)",Non-energy,Early stage,2022,604611264,USD,53
IRL,IRELAND,Fundings of start-ups,"By sector (energy, green, digital)",Non-energy,Early stage,2022,2.270533085,Years,4919
IRL,IRELAND,Fundings of start-ups,"By sector (energy, green, digital)",Energy,Later stage,2004,3691464.75,USD,1
IRL,IRELAND,Fundings of start-ups,"By sector (energy, green, digital)",Energy,Later stage,2006,2780065,USD,1
IRL,IRELAND,Fundings of start-ups,"By sector (energy, green, digital)",Energy,Later stage,2009,8766768,USD,1
IRL,IRELAND,Fundings of start-ups,"By sector (energy, green, digital)",Energy,Later stage,2011,1374006,USD,1
IRL,IRELAND,Fundings of start-ups,"By sector (energy, green, digital)",Energy,Later stage,2015,58203036,USD,1
IRL,IRELAND,Fundings of start-ups,"By sector (energy, green, digital)",Energy,Later stage,2018,7875969,USD,2
IRL,IRELAND,Fundings of start-ups,"By sector (energy, green, digital)",Energy,Later stage,2019,2649751.5,USD,2
IRL,IRELAND,Fundings of start-ups,"By sector (energy, green, digital)",Energy,Later stage,2021,3641189.75,USD,1
IRL,IRELAND,Probability to receive funding,"By sector (energy, green, digital)",Energy,Later stage,2021,15.88235283,Percentage,170
IRL,IRELAND,Fundings of start-ups,"By sector (energy, green, digital)",Energy,Later stage,2022,6.416945934,Years,170
IRL,IRELAND,Fundings of start-ups,"By sector (energy, green, digital)",Energy and digital,Later stage,2006,2780065,USD,1
IRL,IRELAND,Fundings of start-ups,"By sector (energy, green, digital)",Energy and digital,Later stage,2009,8766768,USD,1
IRL,IRELAND,Fundings of start-ups,"By sector (energy, green, digital)",Energy and digital,Later stage,2011,1374006,USD,1
IRL,IRELAND,Fundings of start-ups,"By sector (energy, green, digital)",Energy and digital,Later stage,2015,58203036,USD,1
IRL,IRELAND,Fundings of start-ups,"By sector (energy, green, digital)",Energy and digital,Later stage,2018,3993750,USD,1
IRL,IRELAND,Probability to receive funding,"By sector (energy, green, digital)",Energy and digital,Later stage,2021,10.9375,Percentage,64
IRL,IRELAND,Fundings of start-ups,"By sector (energy, green, digital)",Energy and digital,Later stage,2022,6.941682816,Years,64
IRL,IRELAND,Fundings of start-ups,"By sector (energy, green, digital)",Energy and non-digital,Later stage,2004,3691464.75,USD,1
IRL,IRELAND,Fundings of start-ups,"By sector (energy, green, digital)",Energy and non-digital,Later stage,2018,3882219,USD,1
IRL,IRELAND,Fundings of start-ups,"By sector (energy, green, digital)",Energy and non-digital,Later stage,2019,2649751.5,USD,2
IRL,IRELAND,Probability to receive funding,"By sector (energy, green, digital)",Energy and non-digital,Later stage,2021,18.86792374,Percentage,106
IRL,IRELAND,Fundings of start-ups,"By sector (energy, green, digital)",Energy and non-digital,Later stage,2021,3641189.75,USD,1
IRL,IRELAND,Fundings of start-ups,"By sector (energy, green, digital)",Energy and non-digital,Later stage,2022,6.233287811,Years,106
IRL,IRELAND,Fundings of start-ups,"By sector (energy, green, digital)",Non-energy,Later stage,2000,9681818,USD,1
IRL,IRELAND,Fundings of start-ups,"By sector (energy, green, digital)",Non-energy,Later stage,2001,4698529.5,USD,1
IRL,IRELAND,Fundings of start-ups,"By sector (energy, green, digital)",Non-energy,Later stage,2002,27936956,USD,2
IRL,IRELAND,Fundings of start-ups,"By sector (energy, green, digital)",Non-energy,Later stage,2003,35794892,USD,2
IRL,IRELAND,Fundings of start-ups,"By sector (energy, green, digital)",Non-energy,Later stage,2005,23129798,USD,3
IRL,IRELAND,Fundings of start-ups,"By sector (energy, green, digital)",Non-energy,Later stage,2006,55324676,USD,1
IRL,IRELAND,Fundings of start-ups,"By sector (energy, green, digital)",Non-energy,Later stage,2007,55663944,USD,4
IRL,IRELAND,Fundings of start-ups,"By sector (energy, green, digital)",Non-energy,Later stage,2008,61867584,USD,4
IRL,IRELAND,Fundings of start-ups,"By sector (energy, green, digital)",Non-energy,Later stage,2009,29014792,USD,2
IRL,IRELAND,Fundings of start-ups,"By sector (energy, green, digital)",Non-energy,Later stage,2010,32031086,USD,2
IRL,IRELAND,Fundings of start-ups,"By sector (energy, green, digital)",Non-energy,Later stage,2011,31521718,USD,6
IRL,IRELAND,Fundings of start-ups,"By sector (energy, green, digital)",Non-energy,Later stage,2012,42040920,USD,5
IRL,IRELAND,Fundings of start-ups,"By sector (energy, green, digital)",Non-energy,Later stage,2013,99544184,USD,5
IRL,IRELAND,Fundings of start-ups,"By sector (energy, green, digital)",Non-energy,Later stage,2014,33197914,USD,7
IRL,IRELAND,Fundings of start-ups,"By sector (energy, green, digital)",Non-energy,Later stage,2015,63223648,USD,7
IRL,IRELAND,Fundings of start-ups,"By sector (energy, green, digital)",Non-energy,Later stage,2016,116732136,USD,13
IRL,IRELAND,Fundings of start-ups,"By sector (energy, green, digital)",Non-energy,Later stage,2017,99923280,USD,15
IRL,IRELAND,Fundings of start-ups,"By sector (energy, green, digital)",Non-energy,Later stage,2018,241545056,USD,19
IRL,IRELAND,Fundings of start-ups,"By sector (energy, green, digital)",Non-energy,Later stage,2019,51270928,USD,9
IRL,IRELAND,Fundings of start-ups,"By sector (energy, green, digital)",Non-energy,Later stage,2020,109906192,USD,11
IRL,IRELAND,Probability to receive funding,"By sector (energy, green, digital)",Non-energy,Later stage,2021,4.32212019,Percentage,4905
IRL,IRELAND,Fundings of start-ups,"By sector (energy, green, digital)",Non-energy,Later stage,2021,202162688,USD,7
IRL,IRELAND,Fundings of start-ups,"By sector (energy, green, digital)",Non-energy,Later stage,2022,5.933703899,Years,4919
IRL,IRELAND,Fundings of start-ups,"By sector (energy, green, digital)",Non-energy,Later stage,2022,231903744,USD,8
IRL,IRELAND,Fundings of start-ups,By technology,Electric mobility,all,2021,2782184.5,USD,2
IRL,IRELAND,Fundings of start-ups,By technology,Electric mobility,all,2022,5273249,USD,2
IRL,IRELAND,Fundings of start-ups,By technology,Energy efficiency,all,2008,630118.5625,USD,0.333333343
IRL,IRELAND,Fundings of start-ups,By technology,Energy efficiency,all,2009,305646.3438,USD,0.333333343
IRL,IRELAND,Fundings of start-ups,By technology,Energy efficiency,all,2011,458002,USD,0.333333343
IRL,IRELAND,Fundings of start-ups,By technology,Energy efficiency,all,2014,553093.9375,USD,1
IRL,IRELAND,Fundings of start-ups,By technology,Energy efficiency,all,2016,2174199.75,USD,0.5
IRL,IRELAND,Fundings of start-ups,By technology,Energy efficiency,all,2017,2593223,USD,2
IRL,IRELAND,Fundings of start-ups,By technology,Energy efficiency,all,2018,3993750,USD,1
IRL,IRELAND,Fundings of start-ups,By technology,Energy efficiency,all,2019,600264.4375,USD,1
IRL,IRELAND,Fundings of start-ups,By technology,Energy efficiency,all,2020,13052344,USD,1.5
IRL,IRELAND,Fundings of start-ups,By technology,Energy efficiency,all,2022,8574934,USD,1
IRL,IRELAND,Fundings of start-ups,By technology,Fossil fuels,all,2002,4122545.5,USD,0.5
IRL,IRELAND,Fundings of start-ups,By technology,Fossil fuels,all,2004,1845732.375,USD,0.5
IRL,IRELAND,Fundings of start-ups,By technology,Fossil fuels,all,2006,2780065,USD,1
IRL,IRELAND,Fundings of start-ups,By technology,Fossil fuels,all,2009,8766768,USD,1
IRL,IRELAND,Fundings of start-ups,By technology,Fossil fuels,all,2012,131825.2188,USD,3
IRL,IRELAND,Fundings of start-ups,By technology,Fossil fuels,all,2013,432686.75,USD,4
IRL,IRELAND,Fundings of start-ups,By technology,Fossil fuels,all,2014,51123080,USD,2
IRL,IRELAND,Fundings of start-ups,By technology,Fossil fuels,all,2015,58203036,USD,1
IRL,IRELAND,Fundings of start-ups,By technology,Fossil fuels,all,2017,1279766.375,USD,1
IRL,IRELAND,Fundings of start-ups,By technology,Fossil fuels,all,2019,2649751.5,USD,2
IRL,IRELAND,Fundings of start-ups,By technology,Fossil fuels,all,2021,3641189.75,USD,1
IRL,IRELAND,Fundings of start-ups,By technology,Other energy,all,2002,4122545.5,USD,0.5
IRL,IRELAND,Fundings of start-ups,By technology,Other energy,all,2004,1845732.375,USD,0.5
IRL,IRELAND,Fundings of start-ups,By technology,Other energy,all,2008,630118.5625,USD,0.333333343
IRL,IRELAND,Fundings of start-ups,By technology,Other energy,all,2009,305646.3438,USD,0.333333343
IRL,IRELAND,Fundings of start-ups,By technology,Other energy,all,2010,518470.0625,USD,0.5
IRL,IRELAND,Fundings of start-ups,By technology,Other energy,all,2011,458002,USD,0.333333343
IRL,IRELAND,Fundings of start-ups,By technology,Other energy,all,2013,310884.875,USD,1.5
IRL,IRELAND,Fundings of start-ups,By technology,Other energy,all,2014,371792.0938,USD,0.5
IRL,IRELAND,Fundings of start-ups,By technology,Other energy,all,2016,2174199.75,USD,0.5
IRL,IRELAND,Fundings of start-ups,By technology,Other energy,all,2018,1941109.5,USD,0.5
IRL,IRELAND,Fundings of start-ups,By technology,Other energy,all,2019,1468448.125,USD,1
IRL,IRELAND,Fundings of start-ups,By technology,Other energy,all,2020,6518829,USD,0.833333313
IRL,IRELAND,Fundings of start-ups,By technology,Other energy,all,2022,8574934,USD,1
IRL,IRELAND,Fundings of start-ups,By technology,Other renewables,all,2008,630118.5625,USD,0.333333343
IRL,IRELAND,Fundings of start-ups,By technology,Other renewables,all,2009,305646.3438,USD,0.333333343
IRL,IRELAND,Fundings of start-ups,By technology,Other renewables,all,2010,518470.0625,USD,0.5
IRL,IRELAND,Fundings of start-ups,By technology,Other renewables,all,2011,458002,USD,0.333333343
IRL,IRELAND,Fundings of start-ups,By technology,Other renewables,all,2013,1051912.5,USD,1
IRL,IRELAND,Fundings of start-ups,By technology,Other renewables,all,2014,371792.0938,USD,0.5
IRL,IRELAND,Fundings of start-ups,By technology,Other renewables,all,2020,503656.0625,USD,0.666666687
IRL,IRELAND,Fundings of start-ups,By technology,Other renewables,all,2021,2363398,USD,1.5
IRL,IRELAND,Fundings of start-ups,By technology,Other renewables,all,2022,7500000,USD,0.5
IRL,IRELAND,Fundings of start-ups,By technology,Solar,all,2013,278437.0625,USD,0.5
IRL,IRELAND,Fundings of start-ups,By technology,Solar,all,2018,1941109.5,USD,0.5
IRL,IRELAND,Fundings of start-ups,By technology,Wind,all,2021,2363398,USD,1.5
IRL,IRELAND,Fundings of start-ups,By technology,Wind,all,2022,7500000,USD,0.5
IRL,IRELAND,Probability to receive funding,By technology,Bioenergy,Early stage,2015,0,Percentage,0.333333343
IRL,IRELAND,Probability to receive funding,By technology,Bioenergy,Early stage,2016,0,Percentage,0.333333343
IRL,IRELAND,Probability to receive funding,By technology,Bioenergy,Early stage,2017,0,Percentage,0.333333343
IRL,IRELAND,Probability to receive funding,By technology,Bioenergy,Early stage,2018,0,Percentage,0.333333343
IRL,IRELAND,Probability to receive funding,By technology,Bioenergy,Early stage,2019,0,Percentage,0.333333343
IRL,IRELAND,Probability to receive funding,By technology,Bioenergy,Early stage,2020,0,Percentage,0.333333343
IRL,IRELAND,Probability to receive funding,By technology,Bioenergy,Early stage,2021,0,Percentage,0.333333343
IRL,IRELAND,Fundings of start-ups,By technology,Clean energy,Early stage,2008,1890355.625,USD,1
IRL,IRELAND,Fundings of start-ups,By technology,Clean energy,Early stage,2009,916939,USD,1
IRL,IRELAND,Fundings of start-ups,By technology,Clean energy,Early stage,2010,1036940.125,USD,1
IRL,IRELAND,Fundings of start-ups,By technology,Clean energy,Early stage,2013,1051912.5,USD,1
IRL,IRELAND,Fundings of start-ups,By technology,Clean energy,Early stage,2014,38608056,USD,2
IRL,IRELAND,Fundings of start-ups,By technology,Clean energy,Early stage,2016,4348399.5,USD,1
IRL,IRELAND,Fundings of start-ups,By technology,Clean energy,Early stage,2017,1279766.375,USD,1
IRL,IRELAND,Fundings of start-ups,By technology,Clean energy,Early stage,2020,13289486,USD,2
IRL,IRELAND,Probability to receive funding,By technology,Clean energy,Early stage,2021,11.22449017,Percentage,98
IRL,IRELAND,Fundings of start-ups,By technology,Clean energy,Early stage,2021,3842642.5,USD,2
IRL,IRELAND,Fundings of start-ups,By technology,Clean energy,Early stage,2022,2.455342531,Years,98
IRL,IRELAND,Fundings of start-ups,By technology,Clean energy,Early stage,2022,4218599,USD,1
IRL,IRELAND,Probability to receive funding,By technology,Electric mobility,Early stage,2015,0,Percentage,3.458333254
IRL,IRELAND,Probability to receive funding,By technology,Electric mobility,Early stage,2016,0,Percentage,3.458333254
IRL,IRELAND,Probability to receive funding,By technology,Electric mobility,Early stage,2017,0,Percentage,3.458333254
IRL,IRELAND,Probability to receive funding,By technology,Electric mobility,Early stage,2018,0,Percentage,4.458333492
IRL,IRELAND,Probability to receive funding,By technology,Electric mobility,Early stage,2019,15.48387051,Percentage,6.458333492
IRL,IRELAND,Probability to receive funding,By technology,Electric mobility,Early stage,2020,13.40782166,Percentage,7.458333492
IRL,IRELAND,Probability to receive funding,By technology,Electric mobility,Early stage,2021,11.82266045,Percentage,8.458333015
IRL,IRELAND,Fundings of start-ups,By technology,Electric mobility,Early stage,2022,2.060273886,Years,8.458333015
IRL,IRELAND,Probability to receive funding,By technology,Energy efficiency,Early stage,2015,11.72413826,Percentage,24.16666603
IRL,IRELAND,Probability to receive funding,By technology,Energy efficiency,Early stage,2016,16.5714283,Percentage,29.16666603
IRL,IRELAND,Probability to receive funding,By technology,Energy efficiency,Early stage,2017,19.33701706,Percentage,30.16666603
IRL,IRELAND,Probability to receive funding,By technology,Energy efficiency,Early stage,2018,18.71657753,Percentage,31.16666603
IRL,IRELAND,Probability to receive funding,By technology,Energy efficiency,Early stage,2019,18.71657753,Percentage,31.16666603
IRL,IRELAND,Probability to receive funding,By technology,Energy efficiency,Early stage,2020,21.24352264,Percentage,32.16666794
IRL,IRELAND,Probability to receive funding,By technology,Energy efficiency,Early stage,2021,21.24352264,Percentage,32.16666794
IRL,IRELAND,Fundings of start-ups,By technology,Energy efficiency,Early stage,2022,2.646174431,Years,32.16666794
IRL,IRELAND,Probability to receive funding,By technology,Energy storage and batteries,Early stage,2015,0,Percentage,2.041666746
IRL,IRELAND,Probability to receive funding,By technology,Energy storage and batteries,Early stage,2016,0,Percentage,2.041666746
IRL,IRELAND,Probability to receive funding,By technology,Energy storage and batteries,Early stage,2017,0,Percentage,2.041666746
IRL,IRELAND,Probability to receive funding,By technology,Energy storage and batteries,Early stage,2018,0,Percentage,2.041666746
IRL,IRELAND,Probability to receive funding,By technology,Energy storage and batteries,Early stage,2019,0,Percentage,2.041666746
IRL,IRELAND,Probability to receive funding,By technology,Energy storage and batteries,Early stage,2020,0,Percentage,3.041666746
IRL,IRELAND,Probability to receive funding,By technology,Energy storage and batteries,Early stage,2021,0,Percentage,3.041666746
IRL,IRELAND,Probability to receive funding,By technology,Fossil fuels,Early stage,2015,12.6984129,Percentage,15.75
IRL,IRELAND,Probability to receive funding,By technology,Fossil fuels,Early stage,2016,12.6984129,Percentage,15.75
IRL,IRELAND,Probability to receive funding,By technology,Fossil fuels,Early stage,2017,12.30769253,Percentage,16.25
IRL,IRELAND,Probability to receive funding,By technology,Fossil fuels,Early stage,2018,12.30769253,Percentage,16.25
IRL,IRELAND,Probability to receive funding,By technology,Fossil fuels,Early stage,2019,12.30769253,Percentage,16.25
IRL,IRELAND,Probability to receive funding,By technology,Fossil fuels,Early stage,2020,12.30769253,Percentage,16.25
IRL,IRELAND,Probability to receive funding,By technology,Fossil fuels,Early stage,2021,17.39130402,Percentage,17.25
IRL,IRELAND,Fundings of start-ups,By technology,Fossil fuels,Early stage,2022,1.731506824,Years,17.25
IRL,IRELAND,Probability to receive funding,By technology,Grid,Early stage,2015,0,Percentage,7.833333492
IRL,IRELAND,Probability to receive funding,By technology,Grid,Early stage,2016,0,Percentage,7.833333492
IRL,IRELAND,Probability to receive funding,By technology,Grid,Early stage,2017,0,Percentage,8.833333015
IRL,IRELAND,Probability to receive funding,By technology,Grid,Early stage,2018,0,Percentage,8.833333015
IRL,IRELAND,Probability to receive funding,By technology,Grid,Early stage,2019,0,Percentage,8.833333015
IRL,IRELAND,Probability to receive funding,By technology,Grid,Early stage,2020,0,Percentage,8.833333015
IRL,IRELAND,Probability to receive funding,By technology,Grid,Early stage,2021,0,Percentage,8.833333015
IRL,IRELAND,Fundings of start-ups,By technology,Non-clean energy,Early stage,2002,8245091,USD,1
IRL,IRELAND,Fundings of start-ups,By technology,Non-clean energy,Early stage,2012,131825.2188,USD,3
IRL,IRELAND,Fundings of start-ups,By technology,Non-clean energy,Early stage,2013,1022008.688,USD,6
IRL,IRELAND,Fundings of start-ups,By technology,Non-clean energy,Early stage,2017,2593223,USD,2
IRL,IRELAND,Fundings of start-ups,By technology,Non-clean energy,Early stage,2019,2068712.5,USD,2
IRL,IRELAND,Fundings of start-ups,By technology,Non-clean energy,Early stage,2020,6785343,USD,1
IRL,IRELAND,Probability to receive funding,By technology,Non-clean energy,Early stage,2021,12.5,Percentage,72
IRL,IRELAND,Fundings of start-ups,By technology,Non-clean energy,Early stage,2022,2.080974102,Years,72
IRL,IRELAND,Probability to receive funding,By technology,Other energy,Early stage,2015,7.165437222,Percentage,39.54166794
IRL,IRELAND,Probability to receive funding,By technology,Other energy,Early stage,2016,6.988694668,Percentage,40.54166794
IRL,IRELAND,Probability to receive funding,By technology,Other energy,Early stage,2017,6.903553486,Percentage,41.04166794
IRL,IRELAND,Probability to receive funding,By technology,Other energy,Early stage,2018,6.58276844,Percentage,43.04166794
IRL,IRELAND,Probability to receive funding,By technology,Other energy,Early stage,2019,7.163053513,Percentage,44.20833206
IRL,IRELAND,Probability to receive funding,By technology,Other energy,Early stage,2020,8.110599518,Percentage,45.20833206
IRL,IRELAND,Probability to receive funding,By technology,Other energy,Early stage,2021,8.065994263,Percentage,45.45833206
IRL,IRELAND,Fundings of start-ups,By technology,Other energy,Early stage,2022,3.003237963,Years,45.45833206
IRL,IRELAND,Probability to receive funding,By technology,Other renewables,Early stage,2015,6.907378197,Percentage,26.54166603
IRL,IRELAND,Probability to receive funding,By technology,Other renewables,Early stage,2016,6.907378197,Percentage,26.54166603
IRL,IRELAND,Probability to receive funding,By technology,Other renewables,Early stage,2017,6.907378197,Percentage,26.54166603
IRL,IRELAND,Probability to receive funding,By technology,Other renewables,Early stage,2018,6.423357487,Percentage,28.54166603
IRL,IRELAND,Probability to receive funding,By technology,Other renewables,Early stage,2019,8.230452538,Percentage,30.375
IRL,IRELAND,Probability to receive funding,By technology,Other renewables,Early stage,2020,10.98039246,Percentage,31.875
IRL,IRELAND,Probability to receive funding,By technology,Other renewables,Early stage,2021,13.58490562,Percentage,33.125
IRL,IRELAND,Fundings of start-ups,By technology,Other renewables,Early stage,2022,1.335565686,Years,33.125
IRL,IRELAND,Probability to receive funding,By technology,Solar,Early stage,2015,6.282722473,Percentage,7.958333492
IRL,IRELAND,Probability to receive funding,By technology,Solar,Early stage,2016,6.282722473,Percentage,7.958333492
IRL,IRELAND,Probability to receive funding,By technology,Solar,Early stage,2017,6.282722473,Percentage,7.958333492
IRL,IRELAND,Probability to receive funding,By technology,Solar,Early stage,2018,6.282722473,Percentage,7.958333492
IRL,IRELAND,Probability to receive funding,By technology,Solar,Early stage,2019,6.282722473,Percentage,7.958333492
IRL,IRELAND,Probability to receive funding,By technology,Solar,Early stage,2020,5.581395149,Percentage,8.958333015
IRL,IRELAND,Probability to receive funding,By technology,Solar,Early stage,2021,5.429864407,Percentage,9.208333015
IRL,IRELAND,Fundings of start-ups,By technology,Solar,Early stage,2022,3.698630095,Years,9.208333015
IRL,IRELAND,Probability to receive funding,By technology,Wind,Early stage,2015,0,Percentage,1.375
IRL,IRELAND,Probability to receive funding,By technology,Wind,Early stage,2016,0,Percentage,1.375
IRL,IRELAND,Probability to receive funding,By technology,Wind,Early stage,2017,0,Percentage,1.375
IRL,IRELAND,Probability to receive funding,By technology,Wind,Early stage,2018,0,Percentage,1.375
IRL,IRELAND,Probability to receive funding,By technology,Wind,Early stage,2019,0,Percentage,1.375
IRL,IRELAND,Probability to receive funding,By technology,Wind,Early stage,2020,26.66666603,Percentage,1.875
IRL,IRELAND,Probability to receive funding,By technology,Wind,Early stage,2021,23.52941132,Percentage,2.125
IRL,IRELAND,Probability to receive funding,By technology,Bioenergy,Later stage,2015,100,Percentage,0.333333343
IRL,IRELAND,Probability to receive funding,By technology,Bioenergy,Later stage,2016,100,Percentage,0.333333343
IRL,IRELAND,Probability to receive funding,By technology,Bioenergy,Later stage,2017,100,Percentage,0.333333343
IRL,IRELAND,Probability to receive funding,By technology,Bioenergy,Later stage,2018,100,Percentage,0.333333343
IRL,IRELAND,Probability to receive funding,By technology,Bioenergy,Later stage,2019,100,Percentage,0.333333343
IRL,IRELAND,Probability to receive funding,By technology,Bioenergy,Later stage,2020,100,Percentage,0.333333343
IRL,IRELAND,Probability to receive funding,By technology,Bioenergy,Later stage,2021,100,Percentage,0.333333343
IRL,IRELAND,Fundings of start-ups,By technology,Clean energy,Later stage,2006,2780065,USD,1
IRL,IRELAND,Fundings of start-ups,By technology,Clean energy,Later stage,2009,8766768,USD,1
IRL,IRELAND,Fundings of start-ups,By technology,Clean energy,Later stage,2011,1374006,USD,1
IRL,IRELAND,Fundings of start-ups,By technology,Clean energy,Later stage,2015,58203036,USD,1
IRL,IRELAND,Fundings of start-ups,By technology,Clean energy,Later stage,2019,2649751.5,USD,2
IRL,IRELAND,Fundings of start-ups,By technology,Clean energy,Later stage,2021,3641189.75,USD,1
IRL,IRELAND,Probability to receive funding,By technology,Clean energy,Later stage,2021,17.34693909,Percentage,98
IRL,IRELAND,Fundings of start-ups,By technology,Clean energy,Later stage,2022,6.222401142,Years,98
IRL,IRELAND,Probability to receive funding,By technology,Electric mobility,Later stage,2015,28.91566277,Percentage,3.458333254
IRL,IRELAND,Probability to receive funding,By technology,Electric mobility,Later stage,2016,28.91566277,Percentage,3.458333254
IRL,IRELAND,Probability to receive funding,By technology,Electric mobility,Later stage,2017,28.91566277,Percentage,3.458333254
IRL,IRELAND,Probability to receive funding,By technology,Electric mobility,Later stage,2018,22.42990685,Percentage,4.458333492
IRL,IRELAND,Probability to receive funding,By technology,Electric mobility,Later stage,2019,15.48387051,Percentage,6.458333492
IRL,IRELAND,Probability to receive funding,By technology,Electric mobility,Later stage,2020,13.40782166,Percentage,7.458333492
IRL,IRELAND,Probability to receive funding,By technology,Electric mobility,Later stage,2021,11.82266045,Percentage,8.458333015
IRL,IRELAND,Fundings of start-ups,By technology,Electric mobility,Later stage,2022,0.449315071,Years,8.458333015
IRL,IRELAND,Probability to receive funding,By technology,Energy efficiency,Later stage,2015,15.86206913,Percentage,24.16666603
IRL,IRELAND,Probability to receive funding,By technology,Energy efficiency,Later stage,2016,13.14285755,Percentage,29.16666603
IRL,IRELAND,Probability to receive funding,By technology,Energy efficiency,Later stage,2017,12.70718193,Percentage,30.16666603
IRL,IRELAND,Probability to receive funding,By technology,Energy efficiency,Later stage,2018,12.29946518,Percentage,31.16666603
IRL,IRELAND,Probability to receive funding,By technology,Energy efficiency,Later stage,2019,12.29946518,Percentage,31.16666603
IRL,IRELAND,Probability to receive funding,By technology,Energy efficiency,Later stage,2020,11.91709805,Percentage,32.16666794
IRL,IRELAND,Probability to receive funding,By technology,Energy efficiency,Later stage,2021,11.91709805,Percentage,32.16666794
IRL,IRELAND,Fundings of start-ups,By technology,Energy efficiency,Later stage,2022,6.034425259,Years,32.16666794
IRL,IRELAND,Probability to receive funding,By technology,Energy storage and batteries,Later stage,2015,24.48979568,Percentage,2.041666746
IRL,IRELAND,Probability to receive funding,By technology,Energy storage and batteries,Later stage,2016,24.48979568,Percentage,2.041666746
IRL,IRELAND,Probability to receive funding,By technology,Energy storage and batteries,Later stage,2017,24.48979568,Percentage,2.041666746
IRL,IRELAND,Probability to receive funding,By technology,Energy storage and batteries,Later stage,2018,24.48979568,Percentage,2.041666746
IRL,IRELAND,Probability to receive funding,By technology,Energy storage and batteries,Later stage,2019,24.48979568,Percentage,2.041666746
IRL,IRELAND,Probability to receive funding,By technology,Energy storage and batteries,Later stage,2020,16.4383564,Percentage,3.041666746
IRL,IRELAND,Probability to receive funding,By technology,Energy storage and batteries,Later stage,2021,16.4383564,Percentage,3.041666746
IRL,IRELAND,Probability to receive funding,By technology,Fossil fuels,Later stage,2015,23.28042412,Percentage,15.75
IRL,IRELAND,Probability to receive funding,By technology,Fossil fuels,Later stage,2016,23.28042412,Percentage,15.75
IRL,IRELAND,Probability to receive funding,By technology,Fossil fuels,Later stage,2017,22.56410217,Percentage,16.25
IRL,IRELAND,Probability to receive funding,By technology,Fossil fuels,Later stage,2018,22.56410217,Percentage,16.25
IRL,IRELAND,Probability to receive funding,By technology,Fossil fuels,Later stage,2019,22.56410217,Percentage,16.25
IRL,IRELAND,Probability to receive funding,By technology,Fossil fuels,Later stage,2020,22.56410217,Percentage,16.25
IRL,IRELAND,Probability to receive funding,By technology,Fossil fuels,Later stage,2021,21.25603867,Percentage,17.25
IRL,IRELAND,Fundings of start-ups,By technology,Fossil fuels,Later stage,2022,8.733250618,Years,17.25
IRL,IRELAND,Probability to receive funding,By technology,Grid,Later stage,2015,0,Percentage,7.833333492
IRL,IRELAND,Probability to receive funding,By technology,Grid,Later stage,2016,0,Percentage,7.833333492
IRL,IRELAND,Probability to receive funding,By technology,Grid,Later stage,2017,0,Percentage,8.833333015
IRL,IRELAND,Probability to receive funding,By technology,Grid,Later stage,2018,0,Percentage,8.833333015
IRL,IRELAND,Probability to receive funding,By technology,Grid,Later stage,2019,0,Percentage,8.833333015
IRL,IRELAND,Probability to receive funding,By technology,Grid,Later stage,2020,0,Percentage,8.833333015
IRL,IRELAND,Probability to receive funding,By technology,Grid,Later stage,2021,0,Percentage,8.833333015
IRL,IRELAND,Fundings of start-ups,By technology,Non-clean energy,Later stage,2004,3691464.75,USD,1
IRL,IRELAND,Fundings of start-ups,By technology,Non-clean energy,Later stage,2018,7875969,USD,2
IRL,IRELAND,Probability to receive funding,By technology,Non-clean energy,Later stage,2021,13.88888931,Percentage,72
IRL,IRELAND,Fundings of start-ups,By technology,Non-clean energy,Later stage,2022,6.747671127,Years,72
IRL,IRELAND,Probability to receive funding,By technology,Other energy,Later stage,2015,20.86406708,Percentage,39.54166794
IRL,IRELAND,Probability to receive funding,By technology,Other energy,Later stage,2016,20.3494339,Percentage,40.54166794
IRL,IRELAND,Probability to receive funding,By technology,Other energy,Later stage,2017,20.10152245,Percentage,41.04166794
IRL,IRELAND,Probability to receive funding,By technology,Other energy,Later stage,2018,19.16747284,Percentage,43.04166794
IRL,IRELAND,Probability to receive funding,By technology,Other energy,Later stage,2019,19.79264832,Percentage,44.20833206
IRL,IRELAND,Probability to receive funding,By technology,Other energy,Later stage,2020,19.35483932,Percentage,45.20833206
IRL,IRELAND,Probability to receive funding,By technology,Other energy,Later stage,2021,19.79834938,Percentage,45.45833206
IRL,IRELAND,Fundings of start-ups,By technology,Other energy,Later stage,2022,6.085515022,Years,45.45833206
IRL,IRELAND,Probability to receive funding,By technology,Other renewables,Later stage,2015,18.52433205,Percentage,26.54166603
IRL,IRELAND,Probability to receive funding,By technology,Other renewables,Later stage,2016,18.52433205,Percentage,26.54166603
IRL,IRELAND,Probability to receive funding,By technology,Other renewables,Later stage,2017,18.52433205,Percentage,26.54166603
IRL,IRELAND,Probability to receive funding,By technology,Other renewables,Later stage,2018,17.22627831,Percentage,28.54166603
IRL,IRELAND,Probability to receive funding,By technology,Other renewables,Later stage,2019,17.83264732,Percentage,30.375
IRL,IRELAND,Probability to receive funding,By technology,Other renewables,Later stage,2020,16.99346352,Percentage,31.875
IRL,IRELAND,Probability to receive funding,By technology,Other renewables,Later stage,2021,17.10691833,Percentage,33.125
IRL,IRELAND,Fundings of start-ups,By technology,Other renewables,Later stage,2022,7.535173416,Years,33.125
IRL,IRELAND,Probability to receive funding,By technology,Solar,Later stage,2015,21.98952866,Percentage,7.958333492
IRL,IRELAND,Probability to receive funding,By technology,Solar,Later stage,2016,21.98952866,Percentage,7.958333492
IRL,IRELAND,Probability to receive funding,By technology,Solar,Later stage,2017,21.98952866,Percentage,7.958333492
IRL,IRELAND,Probability to receive funding,By technology,Solar,Later stage,2018,21.98952866,Percentage,7.958333492
IRL,IRELAND,Probability to receive funding,By technology,Solar,Later stage,2019,21.98952866,Percentage,7.958333492
IRL,IRELAND,Probability to receive funding,By technology,Solar,Later stage,2020,19.5348835,Percentage,8.958333015
IRL,IRELAND,Probability to receive funding,By technology,Solar,Later stage,2021,21.71945763,Percentage,9.208333015
IRL,IRELAND,Fundings of start-ups,By technology,Solar,Later stage,2022,3.74554801,Years,9.208333015
IRL,IRELAND,Probability to receive funding,By technology,Wind,Later stage,2015,54.54545593,Percentage,1.375
IRL,IRELAND,Probability to receive funding,By technology,Wind,Later stage,2016,54.54545593,Percentage,1.375
IRL,IRELAND,Probability to receive funding,By technology,Wind,Later stage,2017,54.54545593,Percentage,1.375
IRL,IRELAND,Probability to receive funding,By technology,Wind,Later stage,2018,54.54545593,Percentage,1.375
IRL,IRELAND,Probability to receive funding,By technology,Wind,Later stage,2019,54.54545593,Percentage,1.375
IRL,IRELAND,Probability to receive funding,By technology,Wind,Later stage,2020,40,Percentage,1.875
IRL,IRELAND,Probability to receive funding,By technology,Wind,Later stage,2021,47.05882263,Percentage,2.125
IRN,ISLAMIC REPUBLIC OF IRAN,Probability to receive funding,"By sector (energy, green, digital)",Energy,Early stage,2021,0,Percentage,3
IRN,ISLAMIC REPUBLIC OF IRAN,Probability to receive funding,"By sector (energy, green, digital)",Energy and digital,Early stage,2021,0,Percentage,2
IRN,ISLAMIC REPUBLIC OF IRAN,Probability to receive funding,"By sector (energy, green, digital)",Energy and non-digital,Early stage,2021,0,Percentage,1
IRN,ISLAMIC REPUBLIC OF IRAN,Fundings of start-ups,"By sector (energy, green, digital)",Non-energy,Early stage,2014,10915.95605,USD,1
IRN,ISLAMIC REPUBLIC OF IRAN,Fundings of start-ups,"By sector (energy, green, digital)",Non-energy,Early stage,2015,1843645.625,USD,4
IRN,ISLAMIC REPUBLIC OF IRAN,Fundings of start-ups,"By sector (energy, green, digital)",Non-energy,Early stage,2016,31092124,USD,8
IRN,ISLAMIC REPUBLIC OF IRAN,Fundings of start-ups,"By sector (energy, green, digital)",Non-energy,Early stage,2017,27770998,USD,8
IRN,ISLAMIC REPUBLIC OF IRAN,Fundings of start-ups,"By sector (energy, green, digital)",Non-energy,Early stage,2018,1809220.875,USD,5
IRN,ISLAMIC REPUBLIC OF IRAN,Fundings of start-ups,"By sector (energy, green, digital)",Non-energy,Early stage,2019,2292466.75,USD,2
IRN,ISLAMIC REPUBLIC OF IRAN,Fundings of start-ups,"By sector (energy, green, digital)",Non-energy,Early stage,2020,3033636.25,USD,3
IRN,ISLAMIC REPUBLIC OF IRAN,Probability to receive funding,"By sector (energy, green, digital)",Non-energy,Early stage,2021,5.882352829,Percentage,476
IRN,ISLAMIC REPUBLIC OF IRAN,Fundings of start-ups,"By sector (energy, green, digital)",Non-energy,Early stage,2021,8236000,USD,2
IRN,ISLAMIC REPUBLIC OF IRAN,Fundings of start-ups,"By sector (energy, green, digital)",Non-energy,Early stage,2022,1.368442416,Years,477
IRN,ISLAMIC REPUBLIC OF IRAN,Probability to receive funding,"By sector (energy, green, digital)",Energy,Later stage,2021,0,Percentage,3
IRN,ISLAMIC REPUBLIC OF IRAN,Probability to receive funding,"By sector (energy, green, digital)",Energy and digital,Later stage,2021,0,Percentage,2
IRN,ISLAMIC REPUBLIC OF IRAN,Probability to receive funding,"By sector (energy, green, digital)",Energy and non-digital,Later stage,2021,0,Percentage,1
IRN,ISLAMIC REPUBLIC OF IRAN,Fundings of start-ups,"By sector (energy, green, digital)",Non-energy,Later stage,2017,3398936.25,USD,1
IRN,ISLAMIC REPUBLIC OF IRAN,Probability to receive funding,"By sector (energy, green, digital)",Non-energy,Later stage,2021,0.210084036,Percentage,476
IRN,ISLAMIC REPUBLIC OF IRAN,Fundings of start-ups,"By sector (energy, green, digital)",Non-energy,Later stage,2022,7.073972702,Years,477
IRN,ISLAMIC REPUBLIC OF IRAN,Probability to receive funding,By technology,Energy efficiency,Early stage,2015,0,Percentage,1
IRN,ISLAMIC REPUBLIC OF IRAN,Probability to receive funding,By technology,Energy efficiency,Early stage,2016,0,Percentage,1
IRN,ISLAMIC REPUBLIC OF IRAN,Probability to receive funding,By technology,Energy efficiency,Early stage,2017,0,Percentage,2
IRN,ISLAMIC REPUBLIC OF IRAN,Probability to receive funding,By technology,Energy efficiency,Early stage,2018,0,Percentage,2
IRN,ISLAMIC REPUBLIC OF IRAN,Probability to receive funding,By technology,Energy efficiency,Early stage,2019,0,Percentage,2
IRN,ISLAMIC REPUBLIC OF IRAN,Probability to receive funding,By technology,Energy efficiency,Early stage,2020,0,Percentage,2
IRN,ISLAMIC REPUBLIC OF IRAN,Probability to receive funding,By technology,Energy efficiency,Early stage,2021,0,Percentage,2
IRN,ISLAMIC REPUBLIC OF IRAN,Probability to receive funding,By technology,Fossil fuels,Early stage,2015,0,Percentage,1
IRN,ISLAMIC REPUBLIC OF IRAN,Probability to receive funding,By technology,Fossil fuels,Early stage,2016,0,Percentage,1
IRN,ISLAMIC REPUBLIC OF IRAN,Probability to receive funding,By technology,Fossil fuels,Early stage,2017,0,Percentage,1
IRN,ISLAMIC REPUBLIC OF IRAN,Probability to receive funding,By technology,Fossil fuels,Early stage,2018,0,Percentage,1
IRN,ISLAMIC REPUBLIC OF IRAN,Probability to receive funding,By technology,Fossil fuels,Early stage,2019,0,Percentage,1
IRN,ISLAMIC REPUBLIC OF IRAN,Probability to receive funding,By technology,Fossil fuels,Early stage,2020,0,Percentage,1
IRN,ISLAMIC REPUBLIC OF IRAN,Probability to receive funding,By technology,Fossil fuels,Early stage,2021,0,Percentage,1
IRN,ISLAMIC REPUBLIC OF IRAN,Probability to receive funding,By technology,Non-clean energy,Early stage,2021,0,Percentage,3
IRN,ISLAMIC REPUBLIC OF IRAN,Probability to receive funding,By technology,Energy efficiency,Later stage,2015,0,Percentage,1
IRN,ISLAMIC REPUBLIC OF IRAN,Probability to receive funding,By technology,Energy efficiency,Later stage,2016,0,Percentage,1
IRN,ISLAMIC REPUBLIC OF IRAN,Probability to receive funding,By technology,Energy efficiency,Later stage,2017,0,Percentage,2
IRN,ISLAMIC REPUBLIC OF IRAN,Probability to receive funding,By technology,Energy efficiency,Later stage,2018,0,Percentage,2
IRN,ISLAMIC REPUBLIC OF IRAN,Probability to receive funding,By technology,Energy efficiency,Later stage,2019,0,Percentage,2
IRN,ISLAMIC REPUBLIC OF IRAN,Probability to receive funding,By technology,Energy efficiency,Later stage,2020,0,Percentage,2
IRN,ISLAMIC REPUBLIC OF IRAN,Probability to receive funding,By technology,Energy efficiency,Later stage,2021,0,Percentage,2
IRN,ISLAMIC REPUBLIC OF IRAN,Probability to receive funding,By technology,Fossil fuels,Later stage,2015,0,Percentage,1
IRN,ISLAMIC REPUBLIC OF IRAN,Probability to receive funding,By technology,Fossil fuels,Later stage,2016,0,Percentage,1
IRN,ISLAMIC REPUBLIC OF IRAN,Probability to receive funding,By technology,Fossil fuels,Later stage,2017,0,Percentage,1
IRN,ISLAMIC REPUBLIC OF IRAN,Probability to receive funding,By technology,Fossil fuels,Later stage,2018,0,Percentage,1
IRN,ISLAMIC REPUBLIC OF IRAN,Probability to receive funding,By technology,Fossil fuels,Later stage,2019,0,Percentage,1
IRN,ISLAMIC REPUBLIC OF IRAN,Probability to receive funding,By technology,Fossil fuels,Later stage,2020,0,Percentage,1
IRN,ISLAMIC REPUBLIC OF IRAN,Probability to receive funding,By technology,Fossil fuels,Later stage,2021,0,Percentage,1
IRN,ISLAMIC REPUBLIC OF IRAN,Probability to receive funding,By technology,Non-clean energy,Later stage,2021,0,Percentage,3
IMN,ISLE OF MAN,Probability to receive funding,"By sector (energy, green, digital)",Energy,Early stage,2021,0,Percentage,2
IMN,ISLE OF MAN,Probability to receive funding,"By sector (energy, green, digital)",Energy and non-digital,Early stage,2021,0,Percentage,2
IMN,ISLE OF MAN,Fundings of start-ups,"By sector (energy, green, digital)",Non-energy,Early stage,2011,11145349,USD,1
IMN,ISLE OF MAN,Fundings of start-ups,"By sector (energy, green, digital)",Non-energy,Early stage,2013,7179775.5,USD,1
IMN,ISLE OF MAN,Fundings of start-ups,"By sector (energy, green, digital)",Non-energy,Early stage,2015,453775.9063,USD,1
IMN,ISLE OF MAN,Fundings of start-ups,"By sector (energy, green, digital)",Non-energy,Early stage,2017,1235922.25,USD,1
IMN,ISLE OF MAN,Fundings of start-ups,"By sector (energy, green, digital)",Non-energy,Early stage,2018,69114064,USD,2
IMN,ISLE OF MAN,Fundings of start-ups,"By sector (energy, green, digital)",Non-energy,Early stage,2019,110522088,USD,2
IMN,ISLE OF MAN,Fundings of start-ups,"By sector (energy, green, digital)",Non-energy,Early stage,2021,4321739,USD,1
IMN,ISLE OF MAN,Probability to receive funding,"By sector (energy, green, digital)",Non-energy,Early stage,2021,8.823529243,Percentage,102
IMN,ISLE OF MAN,Fundings of start-ups,"By sector (energy, green, digital)",Non-energy,Early stage,2022,1.894863009,Years,104
IMN,ISLE OF MAN,Fundings of start-ups,"By sector (energy, green, digital)",Non-energy,Early stage,2022,2500000,USD,1
IMN,ISLE OF MAN,Probability to receive funding,"By sector (energy, green, digital)",Energy,Later stage,2021,0,Percentage,2
IMN,ISLE OF MAN,Probability to receive funding,"By sector (energy, green, digital)",Energy and non-digital,Later stage,2021,0,Percentage,2
IMN,ISLE OF MAN,Fundings of start-ups,"By sector (energy, green, digital)",Non-energy,Later stage,2020,61213108,USD,1
IMN,ISLE OF MAN,Probability to receive funding,"By sector (energy, green, digital)",Non-energy,Later stage,2021,4.90196085,Percentage,102
IMN,ISLE OF MAN,Fundings of start-ups,"By sector (energy, green, digital)",Non-energy,Later stage,2022,2.569314957,Years,104
IMN,ISLE OF MAN,Probability to receive funding,By technology,Fossil fuels,Early stage,2015,0,Percentage,1
IMN,ISLE OF MAN,Probability to receive funding,By technology,Fossil fuels,Early stage,2016,0,Percentage,1
IMN,ISLE OF MAN,Probability to receive funding,By technology,Fossil fuels,Early stage,2017,0,Percentage,1
IMN,ISLE OF MAN,Probability to receive funding,By technology,Fossil fuels,Early stage,2018,0,Percentage,1
IMN,ISLE OF MAN,Probability to receive funding,By technology,Fossil fuels,Early stage,2019,0,Percentage,1
IMN,ISLE OF MAN,Probability to receive funding,By technology,Fossil fuels,Early stage,2020,0,Percentage,1
IMN,ISLE OF MAN,Probability to receive funding,By technology,Fossil fuels,Early stage,2021,0,Percentage,1
IMN,ISLE OF MAN,Probability to receive funding,By technology,Non-clean energy,Early stage,2021,0,Percentage,2
IMN,ISLE OF MAN,Probability to receive funding,By technology,Fossil fuels,Later stage,2015,0,Percentage,1
IMN,ISLE OF MAN,Probability to receive funding,By technology,Fossil fuels,Later stage,2016,0,Percentage,1
IMN,ISLE OF MAN,Probability to receive funding,By technology,Fossil fuels,Later stage,2017,0,Percentage,1
IMN,ISLE OF MAN,Probability to receive funding,By technology,Fossil fuels,Later stage,2018,0,Percentage,1
IMN,ISLE OF MAN,Probability to receive funding,By technology,Fossil fuels,Later stage,2019,0,Percentage,1
IMN,ISLE OF MAN,Probability to receive funding,By technology,Fossil fuels,Later stage,2020,0,Percentage,1
IMN,ISLE OF MAN,Probability to receive funding,By technology,Fossil fuels,Later stage,2021,0,Percentage,1
IMN,ISLE OF MAN,Probability to receive funding,By technology,Non-clean energy,Later stage,2021,0,Percentage,2
ISR,ISRAEL,Fundings of start-ups,"By sector (energy, green, digital)",Energy,Early stage,2006,4149350.75,USD,1
ISR,ISRAEL,Fundings of start-ups,"By sector (energy, green, digital)",Energy,Early stage,2007,60183888,USD,5
ISR,ISRAEL,Fundings of start-ups,"By sector (energy, green, digital)",Energy,Early stage,2008,39372728,USD,5
ISR,ISRAEL,Fundings of start-ups,"By sector (energy, green, digital)",Energy,Early stage,2009,57146340,USD,3
ISR,ISRAEL,Fundings of start-ups,"By sector (energy, green, digital)",Energy,Early stage,2010,31248502,USD,3
ISR,ISRAEL,Fundings of start-ups,"By sector (energy, green, digital)",Energy,Early stage,2011,17760732,USD,4
ISR,ISRAEL,Fundings of start-ups,"By sector (energy, green, digital)",Energy,Early stage,2012,7866477.5,USD,2
ISR,ISRAEL,Fundings of start-ups,"By sector (energy, green, digital)",Energy,Early stage,2013,28415650,USD,9
ISR,ISRAEL,Fundings of start-ups,"By sector (energy, green, digital)",Energy,Early stage,2014,70314336,USD,9
ISR,ISRAEL,Fundings of start-ups,"By sector (energy, green, digital)",Energy,Early stage,2015,63911768,USD,14
ISR,ISRAEL,Fundings of start-ups,"By sector (energy, green, digital)",Energy,Early stage,2016,50396496,USD,11
ISR,ISRAEL,Fundings of start-ups,"By sector (energy, green, digital)",Energy,Early stage,2017,44740456,USD,12
ISR,ISRAEL,Fundings of start-ups,"By sector (energy, green, digital)",Energy,Early stage,2018,71893048,USD,10
ISR,ISRAEL,Fundings of start-ups,"By sector (energy, green, digital)",Energy,Early stage,2019,69152352,USD,12
ISR,ISRAEL,Fundings of start-ups,"By sector (energy, green, digital)",Energy,Early stage,2020,119323032,USD,14
ISR,ISRAEL,Probability to receive funding,"By sector (energy, green, digital)",Energy,Early stage,2021,21.90201759,Percentage,347
ISR,ISRAEL,Fundings of start-ups,"By sector (energy, green, digital)",Energy,Early stage,2021,76144928,USD,2
ISR,ISRAEL,Fundings of start-ups,"By sector (energy, green, digital)",Energy,Early stage,2022,128000000,USD,5
ISR,ISRAEL,Fundings of start-ups,"By sector (energy, green, digital)",Energy,Early stage,2022,2.466301441,Years,348
ISR,ISRAEL,Fundings of start-ups,"By sector (energy, green, digital)",Energy and digital,Early stage,2007,30945284,USD,3
ISR,ISRAEL,Fundings of start-ups,"By sector (energy, green, digital)",Energy and digital,Early stage,2008,15490909,USD,1
ISR,ISRAEL,Fundings of start-ups,"By sector (energy, green, digital)",Energy and digital,Early stage,2010,637724.5625,USD,1
ISR,ISRAEL,Fundings of start-ups,"By sector (energy, green, digital)",Energy and digital,Early stage,2011,5572674.5,USD,1
ISR,ISRAEL,Fundings of start-ups,"By sector (energy, green, digital)",Energy and digital,Early stage,2013,16030537,USD,6
ISR,ISRAEL,Fundings of start-ups,"By sector (energy, green, digital)",Energy and digital,Early stage,2014,15004943,USD,6
ISR,ISRAEL,Fundings of start-ups,"By sector (energy, green, digital)",Energy and digital,Early stage,2015,40964256,USD,7
ISR,ISRAEL,Fundings of start-ups,"By sector (energy, green, digital)",Energy and digital,Early stage,2016,47132040,USD,8
ISR,ISRAEL,Fundings of start-ups,"By sector (energy, green, digital)",Energy and digital,Early stage,2017,20709978,USD,6
ISR,ISRAEL,Fundings of start-ups,"By sector (energy, green, digital)",Energy and digital,Early stage,2018,56705704,USD,6
ISR,ISRAEL,Fundings of start-ups,"By sector (energy, green, digital)",Energy and digital,Early stage,2019,57741640,USD,10
ISR,ISRAEL,Fundings of start-ups,"By sector (energy, green, digital)",Energy and digital,Early stage,2020,52626060,USD,7
ISR,ISRAEL,Fundings of start-ups,"By sector (energy, green, digital)",Energy and digital,Early stage,2021,76144928,USD,2
ISR,ISRAEL,Probability to receive funding,"By sector (energy, green, digital)",Energy and digital,Early stage,2021,23.07692337,Percentage,182
ISR,ISRAEL,Fundings of start-ups,"By sector (energy, green, digital)",Energy and digital,Early stage,2022,46000000,USD,3
ISR,ISRAEL,Fundings of start-ups,"By sector (energy, green, digital)",Energy and digital,Early stage,2022,2.15529561,Years,182
ISR,ISRAEL,Fundings of start-ups,"By sector (energy, green, digital)",Energy and non-digital,Early stage,2006,4149350.75,USD,1
ISR,ISRAEL,Fundings of start-ups,"By sector (energy, green, digital)",Energy and non-digital,Early stage,2007,29238604,USD,2
ISR,ISRAEL,Fundings of start-ups,"By sector (energy, green, digital)",Energy and non-digital,Early stage,2008,23881818,USD,4
ISR,ISRAEL,Fundings of start-ups,"By sector (energy, green, digital)",Energy and non-digital,Early stage,2009,57146340,USD,3
ISR,ISRAEL,Fundings of start-ups,"By sector (energy, green, digital)",Energy and non-digital,Early stage,2010,30610778,USD,2
ISR,ISRAEL,Fundings of start-ups,"By sector (energy, green, digital)",Energy and non-digital,Early stage,2011,12188058,USD,3
ISR,ISRAEL,Fundings of start-ups,"By sector (energy, green, digital)",Energy and non-digital,Early stage,2012,7866477.5,USD,2
ISR,ISRAEL,Fundings of start-ups,"By sector (energy, green, digital)",Energy and non-digital,Early stage,2013,12385112,USD,3
ISR,ISRAEL,Fundings of start-ups,"By sector (energy, green, digital)",Energy and non-digital,Early stage,2014,55309392,USD,3
ISR,ISRAEL,Fundings of start-ups,"By sector (energy, green, digital)",Energy and non-digital,Early stage,2015,22947514,USD,7
ISR,ISRAEL,Fundings of start-ups,"By sector (energy, green, digital)",Energy and non-digital,Early stage,2016,3264456.5,USD,3
ISR,ISRAEL,Fundings of start-ups,"By sector (energy, green, digital)",Energy and non-digital,Early stage,2017,24030478,USD,6
ISR,ISRAEL,Fundings of start-ups,"By sector (energy, green, digital)",Energy and non-digital,Early stage,2018,15187344,USD,4
ISR,ISRAEL,Fundings of start-ups,"By sector (energy, green, digital)",Energy and non-digital,Early stage,2019,11410714,USD,2
ISR,ISRAEL,Fundings of start-ups,"By sector (energy, green, digital)",Energy and non-digital,Early stage,2020,66696968,USD,7
ISR,ISRAEL,Probability to receive funding,"By sector (energy, green, digital)",Energy and non-digital,Early stage,2021,20.60606003,Percentage,165
ISR,ISRAEL,Fundings of start-ups,"By sector (energy, green, digital)",Energy and non-digital,Early stage,2022,82000000,USD,2
ISR,ISRAEL,Fundings of start-ups,"By sector (energy, green, digital)",Energy and non-digital,Early stage,2022,2.841337681,Years,166
ISR,ISRAEL,Fundings of start-ups,"By sector (energy, green, digital)",Non-energy,Early stage,2000,149739984,USD,16
ISR,ISRAEL,Fundings of start-ups,"By sector (energy, green, digital)",Non-energy,Early stage,2001,207061056,USD,14
ISR,ISRAEL,Fundings of start-ups,"By sector (energy, green, digital)",Non-energy,Early stage,2002,111902176,USD,11
ISR,ISRAEL,Fundings of start-ups,"By sector (energy, green, digital)",Non-energy,Early stage,2003,71000000,USD,9
ISR,ISRAEL,Fundings of start-ups,"By sector (energy, green, digital)",Non-energy,Early stage,2004,146896544,USD,15
ISR,ISRAEL,Fundings of start-ups,"By sector (energy, green, digital)",Non-energy,Early stage,2005,189955968,USD,24
ISR,ISRAEL,Fundings of start-ups,"By sector (energy, green, digital)",Non-energy,Early stage,2006,289043776,USD,36
ISR,ISRAEL,Fundings of start-ups,"By sector (energy, green, digital)",Non-energy,Early stage,2007,458927936,USD,59
ISR,ISRAEL,Fundings of start-ups,"By sector (energy, green, digital)",Non-energy,Early stage,2008,283934176,USD,45
ISR,ISRAEL,Fundings of start-ups,"By sector (energy, green, digital)",Non-energy,Early stage,2009,272490656,USD,45
ISR,ISRAEL,Fundings of start-ups,"By sector (energy, green, digital)",Non-energy,Early stage,2010,142370848,USD,56
ISR,ISRAEL,Fundings of start-ups,"By sector (energy, green, digital)",Non-energy,Early stage,2011,325446656,USD,70
ISR,ISRAEL,Fundings of start-ups,"By sector (energy, green, digital)",Non-energy,Early stage,2012,309387744,USD,82
ISR,ISRAEL,Fundings of start-ups,"By sector (energy, green, digital)",Non-energy,Early stage,2013,597731008,USD,156
ISR,ISRAEL,Fundings of start-ups,"By sector (energy, green, digital)",Non-energy,Early stage,2014,576384128,USD,175
ISR,ISRAEL,Fundings of start-ups,"By sector (energy, green, digital)",Non-energy,Early stage,2015,969591552,USD,228
ISR,ISRAEL,Fundings of start-ups,"By sector (energy, green, digital)",Non-energy,Early stage,2016,953985472,USD,239
ISR,ISRAEL,Fundings of start-ups,"By sector (energy, green, digital)",Non-energy,Early stage,2017,1280429696,USD,238
ISR,ISRAEL,Fundings of start-ups,"By sector (energy, green, digital)",Non-energy,Early stage,2018,1564591616,USD,264
ISR,ISRAEL,Fundings of start-ups,"By sector (energy, green, digital)",Non-energy,Early stage,2019,1929976960,USD,257
ISR,ISRAEL,Fundings of start-ups,"By sector (energy, green, digital)",Non-energy,Early stage,2020,2835495680,USD,286
ISR,ISRAEL,Probability to receive funding,"By sector (energy, green, digital)",Non-energy,Early stage,2021,20.1072979,Percentage,8947
ISR,ISRAEL,Fundings of start-ups,"By sector (energy, green, digital)",Non-energy,Early stage,2021,5875243520,USD,336
ISR,ISRAEL,Fundings of start-ups,"By sector (energy, green, digital)",Non-energy,Early stage,2022,2.007928133,Years,8990
ISR,ISRAEL,Fundings of start-ups,"By sector (energy, green, digital)",Non-energy,Early stage,2022,3477679360,USD,221
ISR,ISRAEL,Fundings of start-ups,"By sector (energy, green, digital)",Energy,Later stage,2006,6915584.5,USD,1
ISR,ISRAEL,Fundings of start-ups,"By sector (energy, green, digital)",Energy,Later stage,2010,31886228,USD,1
ISR,ISRAEL,Fundings of start-ups,"By sector (energy, green, digital)",Energy,Later stage,2012,605113.625,USD,1
ISR,ISRAEL,Fundings of start-ups,"By sector (energy, green, digital)",Energy,Later stage,2013,9573034,USD,2
ISR,ISRAEL,Fundings of start-ups,"By sector (energy, green, digital)",Energy,Later stage,2014,69754560,USD,2
ISR,ISRAEL,Fundings of start-ups,"By sector (energy, green, digital)",Energy,Later stage,2016,28940218,USD,1
ISR,ISRAEL,Fundings of start-ups,"By sector (energy, green, digital)",Energy,Later stage,2017,123494680,USD,5
ISR,ISRAEL,Fundings of start-ups,"By sector (energy, green, digital)",Energy,Later stage,2018,55357812,USD,4
ISR,ISRAEL,Fundings of start-ups,"By sector (energy, green, digital)",Energy,Later stage,2019,204306128,USD,3
ISR,ISRAEL,Fundings of start-ups,"By sector (energy, green, digital)",Energy,Later stage,2020,31196970,USD,2
ISR,ISRAEL,Probability to receive funding,"By sector (energy, green, digital)",Energy,Later stage,2021,9.51008606,Percentage,347
ISR,ISRAEL,Fundings of start-ups,"By sector (energy, green, digital)",Energy,Later stage,2021,10369661,USD,4
ISR,ISRAEL,Fundings of start-ups,"By sector (energy, green, digital)",Energy,Later stage,2022,71000000,USD,2
ISR,ISRAEL,Fundings of start-ups,"By sector (energy, green, digital)",Energy,Later stage,2022,6.183146477,Years,348
ISR,ISRAEL,Fundings of start-ups,"By sector (energy, green, digital)",Energy and digital,Later stage,2016,28940218,USD,1
ISR,ISRAEL,Fundings of start-ups,"By sector (energy, green, digital)",Energy and digital,Later stage,2017,31723404,USD,2
ISR,ISRAEL,Fundings of start-ups,"By sector (energy, green, digital)",Energy and digital,Later stage,2018,554687.5,USD,1
ISR,ISRAEL,Fundings of start-ups,"By sector (energy, green, digital)",Energy and digital,Later stage,2019,73897960,USD,2
ISR,ISRAEL,Fundings of start-ups,"By sector (energy, green, digital)",Energy and digital,Later stage,2020,31196970,USD,2
ISR,ISRAEL,Probability to receive funding,"By sector (energy, green, digital)",Energy and digital,Later stage,2021,8.241758347,Percentage,182
ISR,ISRAEL,Fundings of start-ups,"By sector (energy, green, digital)",Energy and digital,Later stage,2021,6305168.5,USD,2
ISR,ISRAEL,Fundings of start-ups,"By sector (energy, green, digital)",Energy and digital,Later stage,2022,6.695159912,Years,182
ISR,ISRAEL,Fundings of start-ups,"By sector (energy, green, digital)",Energy and non-digital,Later stage,2006,6915584.5,USD,1
ISR,ISRAEL,Fundings of start-ups,"By sector (energy, green, digital)",Energy and non-digital,Later stage,2010,31886228,USD,1
ISR,ISRAEL,Fundings of start-ups,"By sector (energy, green, digital)",Energy and non-digital,Later stage,2012,605113.625,USD,1
ISR,ISRAEL,Fundings of start-ups,"By sector (energy, green, digital)",Energy and non-digital,Later stage,2013,9573034,USD,2
ISR,ISRAEL,Fundings of start-ups,"By sector (energy, green, digital)",Energy and non-digital,Later stage,2014,69754560,USD,2
ISR,ISRAEL,Fundings of start-ups,"By sector (energy, green, digital)",Energy and non-digital,Later stage,2017,91771280,USD,3
ISR,ISRAEL,Fundings of start-ups,"By sector (energy, green, digital)",Energy and non-digital,Later stage,2018,54803124,USD,3
ISR,ISRAEL,Fundings of start-ups,"By sector (energy, green, digital)",Energy and non-digital,Later stage,2019,130408160,USD,1
ISR,ISRAEL,Fundings of start-ups,"By sector (energy, green, digital)",Energy and non-digital,Later stage,2021,4064492.75,USD,2
ISR,ISRAEL,Probability to receive funding,"By sector (energy, green, digital)",Energy and non-digital,Later stage,2021,10.909091,Percentage,165
ISR,ISRAEL,Fundings of start-ups,"By sector (energy, green, digital)",Energy and non-digital,Later stage,2022,5.756468773,Years,166
ISR,ISRAEL,Fundings of start-ups,"By sector (energy, green, digital)",Energy and non-digital,Later stage,2022,71000000,USD,2
ISR,ISRAEL,Fundings of start-ups,"By sector (energy, green, digital)",Non-energy,Later stage,2001,68128680,USD,2
ISR,ISRAEL,Fundings of start-ups,"By sector (energy, green, digital)",Non-energy,Later stage,2002,10804348,USD,1
ISR,ISRAEL,Fundings of start-ups,"By sector (energy, green, digital)",Non-energy,Later stage,2003,43808512,USD,4
ISR,ISRAEL,Fundings of start-ups,"By sector (energy, green, digital)",Non-energy,Later stage,2004,81527584,USD,4
ISR,ISRAEL,Fundings of start-ups,"By sector (energy, green, digital)",Non-energy,Later stage,2005,118096696,USD,13
ISR,ISRAEL,Fundings of start-ups,"By sector (energy, green, digital)",Non-energy,Later stage,2006,122179776,USD,8
ISR,ISRAEL,Fundings of start-ups,"By sector (energy, green, digital)",Non-energy,Later stage,2007,139966640,USD,9
ISR,ISRAEL,Fundings of start-ups,"By sector (energy, green, digital)",Non-energy,Later stage,2008,320274560,USD,18
ISR,ISRAEL,Fundings of start-ups,"By sector (energy, green, digital)",Non-energy,Later stage,2009,139164336,USD,8
ISR,ISRAEL,Fundings of start-ups,"By sector (energy, green, digital)",Non-energy,Later stage,2010,251285120,USD,23
ISR,ISRAEL,Fundings of start-ups,"By sector (energy, green, digital)",Non-energy,Later stage,2011,428902432,USD,22
ISR,ISRAEL,Fundings of start-ups,"By sector (energy, green, digital)",Non-energy,Later stage,2012,406936352,USD,27
ISR,ISRAEL,Fundings of start-ups,"By sector (energy, green, digital)",Non-energy,Later stage,2013,327433664,USD,19
ISR,ISRAEL,Fundings of start-ups,"By sector (energy, green, digital)",Non-energy,Later stage,2014,777482496,USD,30
ISR,ISRAEL,Fundings of start-ups,"By sector (energy, green, digital)",Non-energy,Later stage,2015,660623808,USD,40
ISR,ISRAEL,Fundings of start-ups,"By sector (energy, green, digital)",Non-energy,Later stage,2016,669560576,USD,39
ISR,ISRAEL,Fundings of start-ups,"By sector (energy, green, digital)",Non-energy,Later stage,2017,715766144,USD,32
ISR,ISRAEL,Fundings of start-ups,"By sector (energy, green, digital)",Non-energy,Later stage,2018,902154816,USD,44
ISR,ISRAEL,Fundings of start-ups,"By sector (energy, green, digital)",Non-energy,Later stage,2019,1531915520,USD,39
ISR,ISRAEL,Fundings of start-ups,"By sector (energy, green, digital)",Non-energy,Later stage,2020,1458297088,USD,42
ISR,ISRAEL,Probability to receive funding,"By sector (energy, green, digital)",Non-energy,Later stage,2021,5.834357738,Percentage,8947
ISR,ISRAEL,Fundings of start-ups,"By sector (energy, green, digital)",Non-energy,Later stage,2021,3577046528,USD,63
ISR,ISRAEL,Fundings of start-ups,"By sector (energy, green, digital)",Non-energy,Later stage,2022,5.081876755,Years,8990
ISR,ISRAEL,Fundings of start-ups,"By sector (energy, green, digital)",Non-energy,Later stage,2022,3391062016,USD,45
ISR,ISRAEL,Fundings of start-ups,By technology,Electric mobility,all,2011,619186.0625,USD,1
ISR,ISRAEL,Fundings of start-ups,By technology,Electric mobility,all,2013,3589887.75,USD,0.5
ISR,ISRAEL,Fundings of start-ups,By technology,Electric mobility,all,2014,28243094,USD,1.5
ISR,ISRAEL,Fundings of start-ups,By technology,Electric mobility,all,2015,1176795.625,USD,0.5
ISR,ISRAEL,Fundings of start-ups,By technology,Electric mobility,all,2017,59266116,USD,5
ISR,ISRAEL,Fundings of start-ups,By technology,Electric mobility,all,2018,83447184,USD,4
ISR,ISRAEL,Fundings of start-ups,By technology,Electric mobility,all,2019,143448976,USD,2
ISR,ISRAEL,Fundings of start-ups,By technology,Electric mobility,all,2020,52895000,USD,5.5
ISR,ISRAEL,Fundings of start-ups,By technology,Electric mobility,all,2021,3832971,USD,1.5
ISR,ISRAEL,Fundings of start-ups,By technology,Electric mobility,all,2022,41100000,USD,2.5
ISR,ISRAEL,Fundings of start-ups,By technology,Energy efficiency,all,2007,937735.875,USD,0.333333343
ISR,ISRAEL,Fundings of start-ups,By technology,Energy efficiency,all,2008,3227272.75,USD,0.25
ISR,ISRAEL,Fundings of start-ups,By technology,Energy efficiency,all,2013,2692415.75,USD,3
ISR,ISRAEL,Fundings of start-ups,By technology,Energy efficiency,all,2014,3883425.5,USD,2
ISR,ISRAEL,Fundings of start-ups,By technology,Energy efficiency,all,2015,31440448,USD,6.25
ISR,ISRAEL,Fundings of start-ups,By technology,Energy efficiency,all,2016,47903776,USD,7.333333492
ISR,ISRAEL,Fundings of start-ups,By technology,Energy efficiency,all,2017,64716760,USD,8.583333015
ISR,ISRAEL,Fundings of start-ups,By technology,Energy efficiency,all,2018,16696094,USD,6
ISR,ISRAEL,Fundings of start-ups,By technology,Energy efficiency,all,2019,74857912,USD,11.66666698
ISR,ISRAEL,Fundings of start-ups,By technology,Energy efficiency,all,2020,62752524,USD,7.466666698
ISR,ISRAEL,Fundings of start-ups,By technology,Energy efficiency,all,2021,15370874,USD,2.666666746
ISR,ISRAEL,Fundings of start-ups,By technology,Energy efficiency,all,2022,62666668,USD,2.733333349
ISR,ISRAEL,Fundings of start-ups,By technology,Energy storage and batteries,all,2006,6915584.5,USD,1
ISR,ISRAEL,Fundings of start-ups,By technology,Energy storage and batteries,all,2007,29471698,USD,2
ISR,ISRAEL,Fundings of start-ups,By technology,Energy storage and batteries,all,2008,645454.5625,USD,0.25
ISR,ISRAEL,Fundings of start-ups,By technology,Energy storage and batteries,all,2010,4782934,USD,0.25
ISR,ISRAEL,Fundings of start-ups,By technology,Energy storage and batteries,all,2013,3613820.25,USD,0.699999988
ISR,ISRAEL,Fundings of start-ups,By technology,Energy storage and batteries,all,2014,25815954,USD,1.75
ISR,ISRAEL,Fundings of start-ups,By technology,Energy storage and batteries,all,2015,2353591.25,USD,1
ISR,ISRAEL,Fundings of start-ups,By technology,Energy storage and batteries,all,2017,34329256,USD,0.833333313
ISR,ISRAEL,Fundings of start-ups,By technology,Energy storage and batteries,all,2018,19451010,USD,2.833333254
ISR,ISRAEL,Fundings of start-ups,By technology,Energy storage and batteries,all,2020,1183333.375,USD,0.333333343
ISR,ISRAEL,Fundings of start-ups,By technology,Energy storage and batteries,all,2021,10212681,USD,1.166666627
ISR,ISRAEL,Fundings of start-ups,By technology,Energy storage and batteries,all,2022,45690184,USD,1.333333373
ISR,ISRAEL,Fundings of start-ups,By technology,Fossil fuels,all,2006,2074675.375,USD,0.5
ISR,ISRAEL,Fundings of start-ups,By technology,Fossil fuels,all,2008,4195454.5,USD,1
ISR,ISRAEL,Fundings of start-ups,By technology,Fossil fuels,all,2009,2597561,USD,0.333333343
ISR,ISRAEL,Fundings of start-ups,By technology,Fossil fuels,all,2011,3715116.25,USD,0.333333343
ISR,ISRAEL,Fundings of start-ups,By technology,Fossil fuels,all,2016,191005.4375,USD,0.5
ISR,ISRAEL,Fundings of start-ups,By technology,Fossil fuels,all,2018,47510.09375,USD,0.5
ISR,ISRAEL,Fundings of start-ups,By technology,Fossil fuels,all,2020,3585858.5,USD,0.333333343
ISR,ISRAEL,Fundings of start-ups,By technology,Fossil fuels,all,2022,6666666.5,USD,0.333333343
ISR,ISRAEL,Fundings of start-ups,By technology,Grid,all,2013,23932.58398,USD,0.200000003
ISR,ISRAEL,Fundings of start-ups,By technology,Grid,all,2017,1699468.125,USD,1.333333373
ISR,ISRAEL,Fundings of start-ups,By technology,Grid,all,2018,2440625,USD,0.333333343
ISR,ISRAEL,Fundings of start-ups,By technology,Grid,all,2020,4769192,USD,0.666666687
ISR,ISRAEL,Fundings of start-ups,By technology,Grid,all,2021,9981159,USD,0.666666687
ISR,ISRAEL,Fundings of start-ups,By technology,Grid,all,2022,7433333.5,USD,0.666666687
ISR,ISRAEL,Fundings of start-ups,By technology,Hydrogen and fuel cells,all,2008,645454.5625,USD,0.25
ISR,ISRAEL,Fundings of start-ups,By technology,Hydrogen and fuel cells,all,2010,4782934,USD,0.25
ISR,ISRAEL,Fundings of start-ups,By technology,Hydrogen and fuel cells,all,2013,23932.58398,USD,0.200000003
ISR,ISRAEL,Fundings of start-ups,By technology,Hydrogen and fuel cells,all,2014,279488.9375,USD,0.25
ISR,ISRAEL,Fundings of start-ups,By technology,Hydrogen and fuel cells,all,2016,191005.4375,USD,0.5
ISR,ISRAEL,Fundings of start-ups,By technology,Hydrogen and fuel cells,all,2020,6927879,USD,0.400000006
ISR,ISRAEL,Fundings of start-ups,By technology,Hydrogen and fuel cells,all,2022,17333334,USD,0.533333361
ISR,ISRAEL,Fundings of start-ups,By technology,Other energy,all,2007,6218528.5,USD,0.666666687
ISR,ISRAEL,Fundings of start-ups,By technology,Other energy,all,2008,20331818,USD,2
ISR,ISRAEL,Fundings of start-ups,By technology,Other energy,all,2009,19048780,USD,1
ISR,ISRAEL,Fundings of start-ups,By technology,Other energy,all,2010,19875748,USD,1.916666627
ISR,ISRAEL,Fundings of start-ups,By technology,Other energy,all,2011,6924976.5,USD,1.833333373
ISR,ISRAEL,Fundings of start-ups,By technology,Other energy,all,2012,5446022.5,USD,1.5
ISR,ISRAEL,Fundings of start-ups,By technology,Other energy,all,2013,12117712,USD,2.533333302
ISR,ISRAEL,Fundings of start-ups,By technology,Other energy,all,2014,30386642,USD,3.583333254
ISR,ISRAEL,Fundings of start-ups,By technology,Other energy,all,2015,21738290,USD,5.666666508
ISR,ISRAEL,Fundings of start-ups,By technology,Other energy,all,2016,4418206.5,USD,1.833333373
ISR,ISRAEL,Fundings of start-ups,By technology,Other energy,all,2017,10357314,USD,2.916666746
ISR,ISRAEL,Fundings of start-ups,By technology,Other energy,all,2018,11518448,USD,3.333333254
ISR,ISRAEL,Fundings of start-ups,By technology,Other energy,all,2019,20637908,USD,2.833333254
ISR,ISRAEL,Fundings of start-ups,By technology,Other energy,all,2020,9832424,USD,1.399999976
ISR,ISRAEL,Fundings of start-ups,By technology,Other energy,all,2021,77238400,USD,3
ISR,ISRAEL,Fundings of start-ups,By technology,Other energy,all,2022,25561758,USD,1.116666675
ISR,ISRAEL,Fundings of start-ups,By technology,Other renewables,all,2006,2074675.375,USD,0.5
ISR,ISRAEL,Fundings of start-ups,By technology,Other renewables,all,2007,5280792.5,USD,0.333333343
ISR,ISRAEL,Fundings of start-ups,By technology,Other renewables,all,2008,6454545.5,USD,0.75
ISR,ISRAEL,Fundings of start-ups,By technology,Other renewables,all,2009,19048780,USD,1
ISR,ISRAEL,Fundings of start-ups,By technology,Other renewables,all,2010,14455090,USD,0.666666687
ISR,ISRAEL,Fundings of start-ups,By technology,Other renewables,all,2011,6501453.5,USD,0.833333313
ISR,ISRAEL,Fundings of start-ups,By technology,Other renewables,all,2012,3630681.75,USD,1
ISR,ISRAEL,Fundings of start-ups,By technology,Other renewables,all,2013,7032038,USD,1.033333302
ISR,ISRAEL,Fundings of start-ups,By technology,Other renewables,all,2014,28046962,USD,1.333333373
ISR,ISRAEL,Fundings of start-ups,By technology,Other renewables,all,2015,7011740.5,USD,2.333333254
ISR,ISRAEL,Fundings of start-ups,By technology,Other renewables,all,2016,3260597.75,USD,0.833333313
ISR,ISRAEL,Fundings of start-ups,By technology,Other renewables,all,2017,11841516,USD,3.583333254
ISR,ISRAEL,Fundings of start-ups,By technology,Other renewables,all,2018,3156172,USD,1
ISR,ISRAEL,Fundings of start-ups,By technology,Other renewables,all,2019,7607143,USD,1
ISR,ISRAEL,Fundings of start-ups,By technology,Other renewables,all,2020,11413788,USD,1.899999976
ISR,ISRAEL,Fundings of start-ups,By technology,Other renewables,all,2022,24795092,USD,0.783333361
ISR,ISRAEL,Fundings of start-ups,By technology,Solar,all,2007,18275132,USD,1.666666627
ISR,ISRAEL,Fundings of start-ups,By technology,Solar,all,2008,3872727.25,USD,0.5
ISR,ISRAEL,Fundings of start-ups,By technology,Solar,all,2009,16451220,USD,0.666666687
ISR,ISRAEL,Fundings of start-ups,By technology,Solar,all,2010,15411677,USD,0.583333313
ISR,ISRAEL,Fundings of start-ups,By technology,Solar,all,2012,3832386.25,USD,0.833333313
ISR,ISRAEL,Fundings of start-ups,By technology,Solar,all,2013,6701123.5,USD,2.5
ISR,ISRAEL,Fundings of start-ups,By technology,Solar,all,2014,24531284,USD,1.583333373
ISR,ISRAEL,Fundings of start-ups,By technology,Solar,all,2015,4330177,USD,2.75
ISR,ISRAEL,Fundings of start-ups,By technology,Solar,all,2016,29160164,USD,2
ISR,ISRAEL,Fundings of start-ups,By technology,Solar,all,2017,2199851.5,USD,1.25
ISR,ISRAEL,Fundings of start-ups,By technology,Solar,all,2019,48903060,USD,1
ISR,ISRAEL,Fundings of start-ups,By technology,Wind,all,2010,3826347.25,USD,0.333333343
ISR,ISRAEL,Fundings of start-ups,By technology,Wind,all,2012,1613636.375,USD,0.666666687
ISR,ISRAEL,Fundings of start-ups,By technology,Wind,all,2013,2193820.25,USD,0.333333343
ISR,ISRAEL,Fundings of start-ups,By technology,Wind,all,2015,1176795.625,USD,0.5
ISR,ISRAEL,Fundings of start-ups,By technology,Wind,all,2017,1699468.125,USD,0.5
ISR,ISRAEL,Fundings of start-ups,By technology,Wind,all,2019,44484.39844,USD,0.5
ISR,ISRAEL,Probability to receive funding,By technology,Bioenergy,Early stage,2015,0,Percentage,0.333333343
ISR,ISRAEL,Probability to receive funding,By technology,Bioenergy,Early stage,2016,0,Percentage,0.333333343
ISR,ISRAEL,Probability to receive funding,By technology,Bioenergy,Early stage,2017,0,Percentage,0.333333343
ISR,ISRAEL,Probability to receive funding,By technology,Bioenergy,Early stage,2018,0,Percentage,0.333333343
ISR,ISRAEL,Probability to receive funding,By technology,Bioenergy,Early stage,2019,0,Percentage,0.333333343
ISR,ISRAEL,Probability to receive funding,By technology,Bioenergy,Early stage,2020,0,Percentage,0.333333343
ISR,ISRAEL,Probability to receive funding,By technology,Bioenergy,Early stage,2021,0,Percentage,0.333333343
ISR,ISRAEL,Fundings of start-ups,By technology,Clean energy,Early stage,2006,4149350.75,USD,1
ISR,ISRAEL,Fundings of start-ups,By technology,Clean energy,Early stage,2007,18655584,USD,2
ISR,ISRAEL,Fundings of start-ups,By technology,Clean energy,Early stage,2008,21945454,USD,3
ISR,ISRAEL,Fundings of start-ups,By technology,Clean energy,Early stage,2009,57146340,USD,3
ISR,ISRAEL,Fundings of start-ups,By technology,Clean energy,Early stage,2010,31248502,USD,3
ISR,ISRAEL,Fundings of start-ups,By technology,Clean energy,Early stage,2011,17337210,USD,3
ISR,ISRAEL,Fundings of start-ups,By technology,Clean energy,Early stage,2012,4235795.5,USD,1
ISR,ISRAEL,Fundings of start-ups,By technology,Clean energy,Early stage,2013,16928008,USD,3
ISR,ISRAEL,Fundings of start-ups,By technology,Clean energy,Early stage,2014,64723756,USD,6
ISR,ISRAEL,Fundings of start-ups,By technology,Clean energy,Early stage,2015,20958730,USD,9
ISR,ISRAEL,Fundings of start-ups,By technology,Clean energy,Early stage,2016,2662500,USD,1
ISR,ISRAEL,Fundings of start-ups,By technology,Clean energy,Early stage,2017,25616648,USD,6
ISR,ISRAEL,Fundings of start-ups,By technology,Clean energy,Early stage,2018,52240468,USD,5
ISR,ISRAEL,Fundings of start-ups,By technology,Clean energy,Early stage,2019,26298980,USD,4
ISR,ISRAEL,Fundings of start-ups,By technology,Clean energy,Early stage,2020,82510608,USD,8
ISR,ISRAEL,Probability to receive funding,By technology,Clean energy,Early stage,2021,20.4419899,Percentage,181
ISR,ISRAEL,Fundings of start-ups,By technology,Clean energy,Early stage,2022,2.506034851,Years,181
ISR,ISRAEL,Fundings of start-ups,By technology,Clean energy,Early stage,2022,82000000,USD,2
ISR,ISRAEL,Probability to receive funding,By technology,Electric mobility,Early stage,2015,29.62962914,Percentage,13.5
ISR,ISRAEL,Probability to receive funding,By technology,Electric mobility,Early stage,2016,34.48275757,Percentage,14.5
ISR,ISRAEL,Probability to receive funding,By technology,Electric mobility,Early stage,2017,28.03738403,Percentage,17.83333397
ISR,ISRAEL,Probability to receive funding,By technology,Electric mobility,Early stage,2018,26.54867172,Percentage,18.83333397
ISR,ISRAEL,Probability to receive funding,By technology,Electric mobility,Early stage,2019,25.21008492,Percentage,19.83333397
ISR,ISRAEL,Probability to receive funding,By technology,Electric mobility,Early stage,2020,22.38805962,Percentage,22.33333397
ISR,ISRAEL,Probability to receive funding,By technology,Electric mobility,Early stage,2021,22.38805962,Percentage,22.33333397
ISR,ISRAEL,Fundings of start-ups,By technology,Electric mobility,Early stage,2022,4.682191849,Years,22.33333397
ISR,ISRAEL,Probability to receive funding,By technology,Energy efficiency,Early stage,2015,20.18877792,Percentage,63.56666565
ISR,ISRAEL,Probability to receive funding,By technology,Energy efficiency,Early stage,2016,24.61729431,Percentage,80.56666565
ISR,ISRAEL,Probability to receive funding,By technology,Energy efficiency,Early stage,2017,23.56538963,Percentage,92.65000153
ISR,ISRAEL,Probability to receive funding,By technology,Energy efficiency,Early stage,2018,25.42231178,Percentage,99.65000153
ISR,ISRAEL,Probability to receive funding,By technology,Energy efficiency,Early stage,2019,24.53724861,Percentage,108.9499969
ISR,ISRAEL,Probability to receive funding,By technology,Energy efficiency,Early stage,2020,23.59864616,Percentage,113.2833328
ISR,ISRAEL,Probability to receive funding,By technology,Energy efficiency,Early stage,2021,23.18924332,Percentage,115.2833328
ISR,ISRAEL,Fundings of start-ups,By technology,Energy efficiency,Early stage,2022,2.29398942,Years,115.2833328
ISR,ISRAEL,Probability to receive funding,By technology,Energy storage and batteries,Early stage,2015,42.76859665,Percentage,8.066666603
ISR,ISRAEL,Probability to receive funding,By technology,Energy storage and batteries,Early stage,2016,41.48296738,Percentage,8.316666603
ISR,ISRAEL,Probability to receive funding,By technology,Energy storage and batteries,Early stage,2017,39.20552826,Percentage,9.649999619
ISR,ISRAEL,Probability to receive funding,By technology,Energy storage and batteries,Early stage,2018,39.20552826,Percentage,9.649999619
ISR,ISRAEL,Probability to receive funding,By technology,Energy storage and batteries,Early stage,2019,36.55394363,Percentage,10.35000038
ISR,ISRAEL,Probability to receive funding,By technology,Energy storage and batteries,Early stage,2020,34.08408356,Percentage,11.10000038
ISR,ISRAEL,Probability to receive funding,By technology,Energy storage and batteries,Early stage,2021,34.08408356,Percentage,11.10000038
ISR,ISRAEL,Fundings of start-ups,By technology,Energy storage and batteries,Early stage,2022,1.113318443,Years,11.10000038
ISR,ISRAEL,Probability to receive funding,By technology,Fossil fuels,Early stage,2015,15.26717567,Percentage,10.91666698
ISR,ISRAEL,Probability to receive funding,By technology,Fossil fuels,Early stage,2016,18.18181801,Percentage,11.91666698
ISR,ISRAEL,Probability to receive funding,By technology,Fossil fuels,Early stage,2017,18.86792374,Percentage,13.25
ISR,ISRAEL,Probability to receive funding,By technology,Fossil fuels,Early stage,2018,18.18181801,Percentage,13.75
ISR,ISRAEL,Probability to receive funding,By technology,Fossil fuels,Early stage,2019,16.39344215,Percentage,15.25
ISR,ISRAEL,Probability to receive funding,By technology,Fossil fuels,Early stage,2020,16.04277992,Percentage,15.58333302
ISR,ISRAEL,Probability to receive funding,By technology,Fossil fuels,Early stage,2021,16.04277992,Percentage,15.58333302
ISR,ISRAEL,Fundings of start-ups,By technology,Fossil fuels,Early stage,2022,1.488767147,Years,15.58333302
ISR,ISRAEL,Probability to receive funding,By technology,Grid,Early stage,2015,3.18302393,Percentage,6.283333302
ISR,ISRAEL,Probability to receive funding,By technology,Grid,Early stage,2016,15.75492382,Percentage,7.616666794
ISR,ISRAEL,Probability to receive funding,By technology,Grid,Early stage,2017,20.85661125,Percentage,8.949999809
ISR,ISRAEL,Probability to receive funding,By technology,Grid,Early stage,2018,25.04409218,Percentage,9.449999809
ISR,ISRAEL,Probability to receive funding,By technology,Grid,Early stage,2019,24.19080162,Percentage,9.783333778
ISR,ISRAEL,Probability to receive funding,By technology,Grid,Early stage,2020,23.5880394,Percentage,10.03333378
ISR,ISRAEL,Probability to receive funding,By technology,Grid,Early stage,2021,23.5880394,Percentage,10.03333378
ISR,ISRAEL,Fundings of start-ups,By technology,Grid,Early stage,2022,1.196295619,Years,10.03333378
ISR,ISRAEL,Probability to receive funding,By technology,Hydrogen and fuel cells,Early stage,2015,100,Percentage,0.783333361
ISR,ISRAEL,Probability to receive funding,By technology,Hydrogen and fuel cells,Early stage,2016,100,Percentage,1.283333302
ISR,ISRAEL,Probability to receive funding,By technology,Hydrogen and fuel cells,Early stage,2017,100,Percentage,1.283333302
ISR,ISRAEL,Probability to receive funding,By technology,Hydrogen and fuel cells,Early stage,2018,100,Percentage,1.283333302
ISR,ISRAEL,Probability to receive funding,By technology,Hydrogen and fuel cells,Early stage,2019,81.65137482,Percentage,1.816666722
ISR,ISRAEL,Probability to receive funding,By technology,Hydrogen and fuel cells,Early stage,2020,81.65137482,Percentage,1.816666722
ISR,ISRAEL,Probability to receive funding,By technology,Hydrogen and fuel cells,Early stage,2021,81.65137482,Percentage,1.816666722
ISR,ISRAEL,Fundings of start-ups,By technology,Non-clean energy,Early stage,2007,41528300,USD,3
ISR,ISRAEL,Fundings of start-ups,By technology,Non-clean energy,Early stage,2008,17427272,USD,2
ISR,ISRAEL,Fundings of start-ups,By technology,Non-clean energy,Early stage,2011,423523.25,USD,1
ISR,ISRAEL,Fundings of start-ups,By technology,Non-clean energy,Early stage,2012,3630681.75,USD,1
ISR,ISRAEL,Fundings of start-ups,By technology,Non-clean energy,Early stage,2013,11487640,USD,6
ISR,ISRAEL,Fundings of start-ups,By technology,Non-clean energy,Early stage,2014,5590578,USD,3
ISR,ISRAEL,Fundings of start-ups,By technology,Non-clean energy,Early stage,2015,42953040,USD,5
ISR,ISRAEL,Fundings of start-ups,By technology,Non-clean energy,Early stage,2016,47733996,USD,10
ISR,ISRAEL,Fundings of start-ups,By technology,Non-clean energy,Early stage,2017,19123808,USD,6
ISR,ISRAEL,Fundings of start-ups,By technology,Non-clean energy,Early stage,2018,19652578,USD,5
ISR,ISRAEL,Fundings of start-ups,By technology,Non-clean energy,Early stage,2019,42853372,USD,8
ISR,ISRAEL,Fundings of start-ups,By technology,Non-clean energy,Early stage,2020,36812424,USD,6
ISR,ISRAEL,Probability to receive funding,By technology,Non-clean energy,Early stage,2021,23.49397659,Percentage,166
ISR,ISRAEL,Fundings of start-ups,By technology,Non-clean energy,Early stage,2021,76144928,USD,2
ISR,ISRAEL,Fundings of start-ups,By technology,Non-clean energy,Early stage,2022,46000000,USD,3
ISR,ISRAEL,Fundings of start-ups,By technology,Non-clean energy,Early stage,2022,2.427613497,Years,167
ISR,ISRAEL,Probability to receive funding,By technology,Other energy,Early stage,2015,22.46835518,Percentage,63.20000076
ISR,ISRAEL,Probability to receive funding,By technology,Other energy,Early stage,2016,21.53146362,Percentage,65.94999695
ISR,ISRAEL,Probability to receive funding,By technology,Other energy,Early stage,2017,22.65587807,Percentage,70.03333282
ISR,ISRAEL,Probability to receive funding,By technology,Other energy,Early stage,2018,21.66590881,Percentage,73.23332977
ISR,ISRAEL,Probability to receive funding,By technology,Other energy,Early stage,2019,21.63375282,Percentage,74.26667023
ISR,ISRAEL,Probability to receive funding,By technology,Other energy,Early stage,2020,21.36998367,Percentage,75.18333435
ISR,ISRAEL,Probability to receive funding,By technology,Other energy,Early stage,2021,20.95196724,Percentage,76.68333435
ISR,ISRAEL,Fundings of start-ups,By technology,Other energy,Early stage,2022,2.395641804,Years,76.68333435
ISR,ISRAEL,Probability to receive funding,By technology,Other renewables,Early stage,2015,17.14397812,Percentage,42.48333359
ISR,ISRAEL,Probability to receive funding,By technology,Other renewables,Early stage,2016,16.07208443,Percentage,45.31666565
ISR,ISRAEL,Probability to receive funding,By technology,Other renewables,Early stage,2017,15.58487892,Percentage,46.73333359
ISR,ISRAEL,Probability to receive funding,By technology,Other renewables,Early stage,2018,15.2904129,Percentage,47.63333511
ISR,ISRAEL,Probability to receive funding,By technology,Other renewables,Early stage,2019,17.30115509,Percentage,49.03333282
ISR,ISRAEL,Probability to receive funding,By technology,Other renewables,Early stage,2020,17.09774971,Percentage,49.61666489
ISR,ISRAEL,Probability to receive funding,By technology,Other renewables,Early stage,2021,16.75996017,Percentage,50.61666489
ISR,ISRAEL,Fundings of start-ups,By technology,Other renewables,Early stage,2022,3.341959715,Years,50.61666489
ISR,ISRAEL,Probability to receive funding,By technology,Solar,Early stage,2015,27.89442062,Percentage,27.78333282
ISR,ISRAEL,Probability to receive funding,By technology,Solar,Early stage,2016,25.7332592,Percentage,30.11666679
ISR,ISRAEL,Probability to receive funding,By technology,Solar,Early stage,2017,24.83974266,Percentage,31.20000076
ISR,ISRAEL,Probability to receive funding,By technology,Solar,Early stage,2018,24.2946701,Percentage,31.89999962
ISR,ISRAEL,Probability to receive funding,By technology,Solar,Early stage,2019,23.41389656,Percentage,33.09999847
ISR,ISRAEL,Probability to receive funding,By technology,Solar,Early stage,2020,22.50726128,Percentage,34.43333435
ISR,ISRAEL,Probability to receive funding,By technology,Solar,Early stage,2021,22.18511391,Percentage,34.93333435
ISR,ISRAEL,Fundings of start-ups,By technology,Solar,Early stage,2022,2.356370687,Years,34.93333435
ISR,ISRAEL,Probability to receive funding,By technology,Wind,Early stage,2015,76.92308044,Percentage,1.083333373
ISR,ISRAEL,Probability to receive funding,By technology,Wind,Early stage,2016,76.92308044,Percentage,1.083333373
ISR,ISRAEL,Probability to receive funding,By technology,Wind,Early stage,2017,76.92308044,Percentage,1.083333373
ISR,ISRAEL,Probability to receive funding,By technology,Wind,Early stage,2018,64.93506622,Percentage,1.283333302
ISR,ISRAEL,Probability to receive funding,By technology,Wind,Early stage,2019,64.93506622,Percentage,1.283333302
ISR,ISRAEL,Probability to receive funding,By technology,Wind,Early stage,2020,64.93506622,Percentage,1.283333302
ISR,ISRAEL,Probability to receive funding,By technology,Wind,Early stage,2021,64.93506622,Percentage,1.283333302
ISR,ISRAEL,Fundings of start-ups,By technology,Wind,Early stage,2022,3.259726048,Years,1.283333302
ISR,ISRAEL,Probability to receive funding,By technology,Bioenergy,Later stage,2015,0,Percentage,0.333333343
ISR,ISRAEL,Probability to receive funding,By technology,Bioenergy,Later stage,2016,0,Percentage,0.333333343
ISR,ISRAEL,Probability to receive funding,By technology,Bioenergy,Later stage,2017,0,Percentage,0.333333343
ISR,ISRAEL,Probability to receive funding,By technology,Bioenergy,Later stage,2018,0,Percentage,0.333333343
ISR,ISRAEL,Probability to receive funding,By technology,Bioenergy,Later stage,2019,0,Percentage,0.333333343
ISR,ISRAEL,Probability to receive funding,By technology,Bioenergy,Later stage,2020,0,Percentage,0.333333343
ISR,ISRAEL,Probability to receive funding,By technology,Bioenergy,Later stage,2021,0,Percentage,0.333333343
ISR,ISRAEL,Fundings of start-ups,By technology,Clean energy,Later stage,2010,31886228,USD,1
ISR,ISRAEL,Fundings of start-ups,By technology,Clean energy,Later stage,2012,605113.625,USD,1
ISR,ISRAEL,Fundings of start-ups,By technology,Clean energy,Later stage,2013,6581460.5,USD,1
ISR,ISRAEL,Fundings of start-ups,By technology,Clean energy,Later stage,2014,68254144,USD,1
ISR,ISRAEL,Fundings of start-ups,By technology,Clean energy,Later stage,2017,91771280,USD,3
ISR,ISRAEL,Fundings of start-ups,By technology,Clean energy,Later stage,2018,54803124,USD,3
ISR,ISRAEL,Fundings of start-ups,By technology,Clean energy,Later stage,2019,130408160,USD,1
ISR,ISRAEL,Fundings of start-ups,By technology,Clean energy,Later stage,2020,11833333,USD,1
ISR,ISRAEL,Fundings of start-ups,By technology,Clean energy,Later stage,2021,4064492.75,USD,2
ISR,ISRAEL,Probability to receive funding,By technology,Clean energy,Later stage,2021,10.49723721,Percentage,181
ISR,ISRAEL,Fundings of start-ups,By technology,Clean energy,Later stage,2022,71000000,USD,2
ISR,ISRAEL,Fundings of start-ups,By technology,Clean energy,Later stage,2022,4.806200504,Years,181
ISR,ISRAEL,Probability to receive funding,By technology,Electric mobility,Later stage,2015,25.92592621,Percentage,13.5
ISR,ISRAEL,Probability to receive funding,By technology,Electric mobility,Later stage,2016,24.13793182,Percentage,14.5
ISR,ISRAEL,Probability to receive funding,By technology,Electric mobility,Later stage,2017,19.6261673,Percentage,17.83333397
ISR,ISRAEL,Probability to receive funding,By technology,Electric mobility,Later stage,2018,18.58407021,Percentage,18.83333397
ISR,ISRAEL,Probability to receive funding,By technology,Electric mobility,Later stage,2019,17.64705849,Percentage,19.83333397
ISR,ISRAEL,Probability to receive funding,By technology,Electric mobility,Later stage,2020,15.67164135,Percentage,22.33333397
ISR,ISRAEL,Probability to receive funding,By technology,Electric mobility,Later stage,2021,15.67164135,Percentage,22.33333397
ISR,ISRAEL,Fundings of start-ups,By technology,Electric mobility,Later stage,2022,8.336203575,Years,22.33333397
ISR,ISRAEL,Probability to receive funding,By technology,Energy efficiency,Later stage,2015,8.127949715,Percentage,63.56666565
ISR,ISRAEL,Probability to receive funding,By technology,Energy efficiency,Later stage,2016,6.412908554,Percentage,80.56666565
ISR,ISRAEL,Probability to receive funding,By technology,Energy efficiency,Later stage,2017,5.846375465,Percentage,92.65000153
ISR,ISRAEL,Probability to receive funding,By technology,Energy efficiency,Later stage,2018,5.435691357,Percentage,99.65000153
ISR,ISRAEL,Probability to receive funding,By technology,Energy efficiency,Later stage,2019,4.971699715,Percentage,108.9499969
ISR,ISRAEL,Probability to receive funding,By technology,Energy efficiency,Later stage,2020,4.78152132,Percentage,113.2833328
ISR,ISRAEL,Probability to receive funding,By technology,Energy efficiency,Later stage,2021,4.698568821,Percentage,115.2833328
ISR,ISRAEL,Fundings of start-ups,By technology,Energy efficiency,Later stage,2022,7.06170702,Years,115.2833328
ISR,ISRAEL,Probability to receive funding,By technology,Energy storage and batteries,Later stage,2015,18.59504128,Percentage,8.066666603
ISR,ISRAEL,Probability to receive funding,By technology,Energy storage and batteries,Later stage,2016,18.03607178,Percentage,8.316666603
ISR,ISRAEL,Probability to receive funding,By technology,Energy storage and batteries,Later stage,2017,15.54404163,Percentage,9.649999619
ISR,ISRAEL,Probability to receive funding,By technology,Energy storage and batteries,Later stage,2018,15.54404163,Percentage,9.649999619
ISR,ISRAEL,Probability to receive funding,By technology,Energy storage and batteries,Later stage,2019,14.49275398,Percentage,10.35000038
ISR,ISRAEL,Probability to receive funding,By technology,Energy storage and batteries,Later stage,2020,13.51351357,Percentage,11.10000038
ISR,ISRAEL,Probability to receive funding,By technology,Energy storage and batteries,Later stage,2021,13.51351357,Percentage,11.10000038
ISR,ISRAEL,Fundings of start-ups,By technology,Energy storage and batteries,Later stage,2022,6.45662117,Years,11.10000038
ISR,ISRAEL,Probability to receive funding,By technology,Fossil fuels,Later stage,2015,2.290076256,Percentage,10.91666698
ISR,ISRAEL,Probability to receive funding,By technology,Fossil fuels,Later stage,2016,2.09790206,Percentage,11.91666698
ISR,ISRAEL,Probability to receive funding,By technology,Fossil fuels,Later stage,2017,1.886792421,Percentage,13.25
ISR,ISRAEL,Probability to receive funding,By technology,Fossil fuels,Later stage,2018,1.818181872,Percentage,13.75
ISR,ISRAEL,Probability to receive funding,By technology,Fossil fuels,Later stage,2019,1.639344215,Percentage,15.25
ISR,ISRAEL,Probability to receive funding,By technology,Fossil fuels,Later stage,2020,1.604278088,Percentage,15.58333302
ISR,ISRAEL,Probability to receive funding,By technology,Fossil fuels,Later stage,2021,1.604278088,Percentage,15.58333302
ISR,ISRAEL,Fundings of start-ups,By technology,Fossil fuels,Later stage,2022,1.060274005,Years,15.58333302
ISR,ISRAEL,Probability to receive funding,By technology,Grid,Later stage,2015,55.70291901,Percentage,6.283333302
ISR,ISRAEL,Probability to receive funding,By technology,Grid,Later stage,2016,45.95185852,Percentage,7.616666794
ISR,ISRAEL,Probability to receive funding,By technology,Grid,Later stage,2017,39.10614395,Percentage,8.949999809
ISR,ISRAEL,Probability to receive funding,By technology,Grid,Later stage,2018,37.0370369,Percentage,9.449999809
ISR,ISRAEL,Probability to receive funding,By technology,Grid,Later stage,2019,35.77512741,Percentage,9.783333778
ISR,ISRAEL,Probability to receive funding,By technology,Grid,Later stage,2020,34.8837204,Percentage,10.03333378
ISR,ISRAEL,Probability to receive funding,By technology,Grid,Later stage,2021,34.8837204,Percentage,10.03333378
ISR,ISRAEL,Fundings of start-ups,By technology,Grid,Later stage,2022,8.919373512,Years,10.03333378
ISR,ISRAEL,Probability to receive funding,By technology,Hydrogen and fuel cells,Later stage,2015,0,Percentage,0.783333361
ISR,ISRAEL,Probability to receive funding,By technology,Hydrogen and fuel cells,Later stage,2016,0,Percentage,1.283333302
ISR,ISRAEL,Probability to receive funding,By technology,Hydrogen and fuel cells,Later stage,2017,0,Percentage,1.283333302
ISR,ISRAEL,Probability to receive funding,By technology,Hydrogen and fuel cells,Later stage,2018,0,Percentage,1.283333302
ISR,ISRAEL,Probability to receive funding,By technology,Hydrogen and fuel cells,Later stage,2019,0,Percentage,1.816666722
ISR,ISRAEL,Probability to receive funding,By technology,Hydrogen and fuel cells,Later stage,2020,0,Percentage,1.816666722
ISR,ISRAEL,Probability to receive funding,By technology,Hydrogen and fuel cells,Later stage,2021,0,Percentage,1.816666722
ISR,ISRAEL,Fundings of start-ups,By technology,Non-clean energy,Later stage,2006,6915584.5,USD,1
ISR,ISRAEL,Fundings of start-ups,By technology,Non-clean energy,Later stage,2013,2991573,USD,1
ISR,ISRAEL,Fundings of start-ups,By technology,Non-clean energy,Later stage,2014,1500414.375,USD,1
ISR,ISRAEL,Fundings of start-ups,By technology,Non-clean energy,Later stage,2016,28940218,USD,1
ISR,ISRAEL,Fundings of start-ups,By technology,Non-clean energy,Later stage,2017,31723404,USD,2
ISR,ISRAEL,Fundings of start-ups,By technology,Non-clean energy,Later stage,2018,554687.5,USD,1
ISR,ISRAEL,Fundings of start-ups,By technology,Non-clean energy,Later stage,2019,73897960,USD,2
ISR,ISRAEL,Fundings of start-ups,By technology,Non-clean energy,Later stage,2020,19363636,USD,1
ISR,ISRAEL,Probability to receive funding,By technology,Non-clean energy,Later stage,2021,8.433734894,Percentage,166
ISR,ISRAEL,Fundings of start-ups,By technology,Non-clean energy,Later stage,2021,6305168.5,USD,2
ISR,ISRAEL,Fundings of start-ups,By technology,Non-clean energy,Later stage,2022,8.051858902,Years,167
ISR,ISRAEL,Probability to receive funding,By technology,Other energy,Later stage,2015,12.65822792,Percentage,63.20000076
ISR,ISRAEL,Probability to receive funding,By technology,Other energy,Later stage,2016,12.13040161,Percentage,65.94999695
ISR,ISRAEL,Probability to receive funding,By technology,Other energy,Later stage,2017,11.78010464,Percentage,70.03333282
ISR,ISRAEL,Probability to receive funding,By technology,Other energy,Later stage,2018,11.26536179,Percentage,73.23332977
ISR,ISRAEL,Probability to receive funding,By technology,Other energy,Later stage,2019,11.10861778,Percentage,74.26667023
ISR,ISRAEL,Probability to receive funding,By technology,Other energy,Later stage,2020,10.97317696,Percentage,75.18333435
ISR,ISRAEL,Probability to receive funding,By technology,Other energy,Later stage,2021,10.75853062,Percentage,76.68333435
ISR,ISRAEL,Fundings of start-ups,By technology,Other energy,Later stage,2022,5.296083927,Years,76.68333435
ISR,ISRAEL,Probability to receive funding,By technology,Other renewables,Later stage,2015,13.53471947,Percentage,42.48333359
ISR,ISRAEL,Probability to receive funding,By technology,Other renewables,Later stage,2016,12.68848801,Percentage,45.31666565
ISR,ISRAEL,Probability to receive funding,By technology,Other renewables,Later stage,2017,12.83880138,Percentage,46.73333359
ISR,ISRAEL,Probability to receive funding,By technology,Other renewables,Later stage,2018,12.59622097,Percentage,47.63333511
ISR,ISRAEL,Probability to receive funding,By technology,Other renewables,Later stage,2019,12.23657417,Percentage,49.03333282
ISR,ISRAEL,Probability to receive funding,By technology,Other renewables,Later stage,2020,12.09271049,Percentage,49.61666489
ISR,ISRAEL,Probability to receive funding,By technology,Other renewables,Later stage,2021,11.85380268,Percentage,50.61666489
ISR,ISRAEL,Fundings of start-ups,By technology,Other renewables,Later stage,2022,4.223097324,Years,50.61666489
ISR,ISRAEL,Probability to receive funding,By technology,Solar,Later stage,2015,14.39712048,Percentage,27.78333282
ISR,ISRAEL,Probability to receive funding,By technology,Solar,Later stage,2016,13.28168201,Percentage,30.11666679
ISR,ISRAEL,Probability to receive funding,By technology,Solar,Later stage,2017,13.6217947,Percentage,31.20000076
ISR,ISRAEL,Probability to receive funding,By technology,Solar,Later stage,2018,13.32288361,Percentage,31.89999962
ISR,ISRAEL,Probability to receive funding,By technology,Solar,Later stage,2019,12.83987904,Percentage,33.09999847
ISR,ISRAEL,Probability to receive funding,By technology,Solar,Later stage,2020,12.34269142,Percentage,34.43333435
ISR,ISRAEL,Probability to receive funding,By technology,Solar,Later stage,2021,12.16603088,Percentage,34.93333435
ISR,ISRAEL,Fundings of start-ups,By technology,Solar,Later stage,2022,5.966317654,Years,34.93333435
ISR,ISRAEL,Probability to receive funding,By technology,Wind,Later stage,2015,30.76922989,Percentage,1.083333373
ISR,ISRAEL,Probability to receive funding,By technology,Wind,Later stage,2016,30.76922989,Percentage,1.083333373
ISR,ISRAEL,Probability to receive funding,By technology,Wind,Later stage,2017,30.76922989,Percentage,1.083333373
ISR,ISRAEL,Probability to receive funding,By technology,Wind,Later stage,2018,25.97402573,Percentage,1.283333302
ISR,ISRAEL,Probability to receive funding,By technology,Wind,Later stage,2019,25.97402573,Percentage,1.283333302
ISR,ISRAEL,Probability to receive funding,By technology,Wind,Later stage,2020,25.97402573,Percentage,1.283333302
ISR,ISRAEL,Probability to receive funding,By technology,Wind,Later stage,2021,25.97402573,Percentage,1.283333302
ISR,ISRAEL,Fundings of start-ups,By technology,Wind,Later stage,2022,3.180821896,Years,1.283333302
ITA,ITALY,Fundings of start-ups,"By sector (energy, green, digital)",Energy,Early stage,2010,5080593.5,USD,1
ITA,ITALY,Fundings of start-ups,"By sector (energy, green, digital)",Energy,Early stage,2011,334360.4688,USD,1
ITA,ITALY,Fundings of start-ups,"By sector (energy, green, digital)",Energy,Early stage,2012,705592.75,USD,5
ITA,ITALY,Fundings of start-ups,"By sector (energy, green, digital)",Energy,Early stage,2013,893720.5,USD,4
ITA,ITALY,Fundings of start-ups,"By sector (energy, green, digital)",Energy,Early stage,2014,117679.5547,USD,1
ITA,ITALY,Fundings of start-ups,"By sector (energy, green, digital)",Energy,Early stage,2015,3599431.75,USD,8
ITA,ITALY,Fundings of start-ups,"By sector (energy, green, digital)",Energy,Early stage,2016,1940715.875,USD,6
ITA,ITALY,Fundings of start-ups,"By sector (energy, green, digital)",Energy,Early stage,2017,6955322.5,USD,9
ITA,ITALY,Fundings of start-ups,"By sector (energy, green, digital)",Energy,Early stage,2018,5022399,USD,8
ITA,ITALY,Fundings of start-ups,"By sector (energy, green, digital)",Energy,Early stage,2019,5392364.5,USD,7
ITA,ITALY,Fundings of start-ups,"By sector (energy, green, digital)",Energy,Early stage,2020,41266680,USD,10
ITA,ITALY,Probability to receive funding,"By sector (energy, green, digital)",Energy,Early stage,2021,9.074410439,Percentage,551
ITA,ITALY,Fundings of start-ups,"By sector (energy, green, digital)",Energy,Early stage,2021,20710560,USD,18
ITA,ITALY,Fundings of start-ups,"By sector (energy, green, digital)",Energy,Early stage,2022,6720576,USD,2
ITA,ITALY,Fundings of start-ups,"By sector (energy, green, digital)",Energy,Early stage,2022,1.564942718,Years,555
ITA,ITALY,Fundings of start-ups,"By sector (energy, green, digital)",Energy and digital,Early stage,2011,334360.4688,USD,1
ITA,ITALY,Fundings of start-ups,"By sector (energy, green, digital)",Energy and digital,Early stage,2012,584570,USD,4
ITA,ITALY,Fundings of start-ups,"By sector (energy, green, digital)",Energy and digital,Early stage,2013,714226.125,USD,3
ITA,ITALY,Fundings of start-ups,"By sector (energy, green, digital)",Energy and digital,Early stage,2014,117679.5547,USD,1
ITA,ITALY,Fundings of start-ups,"By sector (energy, green, digital)",Energy and digital,Early stage,2015,2851646.25,USD,7
ITA,ITALY,Fundings of start-ups,"By sector (energy, green, digital)",Energy and digital,Early stage,2016,1940715.875,USD,6
ITA,ITALY,Fundings of start-ups,"By sector (energy, green, digital)",Energy and digital,Early stage,2017,6748040.5,USD,6
ITA,ITALY,Fundings of start-ups,"By sector (energy, green, digital)",Energy and digital,Early stage,2018,2584786,USD,5
ITA,ITALY,Fundings of start-ups,"By sector (energy, green, digital)",Energy and digital,Early stage,2019,4575140,USD,5
ITA,ITALY,Fundings of start-ups,"By sector (energy, green, digital)",Energy and digital,Early stage,2020,31785788,USD,8
ITA,ITALY,Fundings of start-ups,"By sector (energy, green, digital)",Energy and digital,Early stage,2021,18103176,USD,16
ITA,ITALY,Probability to receive funding,"By sector (energy, green, digital)",Energy and digital,Early stage,2021,16.82242966,Percentage,214
ITA,ITALY,Fundings of start-ups,"By sector (energy, green, digital)",Energy and digital,Early stage,2022,566515,USD,1
ITA,ITALY,Fundings of start-ups,"By sector (energy, green, digital)",Energy and digital,Early stage,2022,1.572524428,Years,216
ITA,ITALY,Fundings of start-ups,"By sector (energy, green, digital)",Energy and non-digital,Early stage,2010,5080593.5,USD,1
ITA,ITALY,Fundings of start-ups,"By sector (energy, green, digital)",Energy and non-digital,Early stage,2012,121022.7266,USD,1
ITA,ITALY,Fundings of start-ups,"By sector (energy, green, digital)",Energy and non-digital,Early stage,2013,179494.375,USD,1
ITA,ITALY,Fundings of start-ups,"By sector (energy, green, digital)",Energy and non-digital,Early stage,2015,747785.3125,USD,1
ITA,ITALY,Fundings of start-ups,"By sector (energy, green, digital)",Energy and non-digital,Early stage,2017,207281.8594,USD,3
ITA,ITALY,Fundings of start-ups,"By sector (energy, green, digital)",Energy and non-digital,Early stage,2018,2437613,USD,3
ITA,ITALY,Fundings of start-ups,"By sector (energy, green, digital)",Energy and non-digital,Early stage,2019,817224.5,USD,2
ITA,ITALY,Fundings of start-ups,"By sector (energy, green, digital)",Energy and non-digital,Early stage,2020,9480892,USD,2
ITA,ITALY,Probability to receive funding,"By sector (energy, green, digital)",Energy and non-digital,Early stage,2021,4.154302597,Percentage,337
ITA,ITALY,Fundings of start-ups,"By sector (energy, green, digital)",Energy and non-digital,Early stage,2021,2607384.5,USD,2
ITA,ITALY,Fundings of start-ups,"By sector (energy, green, digital)",Energy and non-digital,Early stage,2022,1.545988202,Years,339
ITA,ITALY,Fundings of start-ups,"By sector (energy, green, digital)",Energy and non-digital,Early stage,2022,6154061,USD,1
ITA,ITALY,Fundings of start-ups,"By sector (energy, green, digital)",Non-energy,Early stage,2000,2193409.5,USD,1
ITA,ITALY,Fundings of start-ups,"By sector (energy, green, digital)",Non-energy,Early stage,2002,30392784,USD,1
ITA,ITALY,Fundings of start-ups,"By sector (energy, green, digital)",Non-energy,Early stage,2003,30172434,USD,2
ITA,ITALY,Fundings of start-ups,"By sector (energy, green, digital)",Non-energy,Early stage,2004,22198606,USD,2
ITA,ITALY,Fundings of start-ups,"By sector (energy, green, digital)",Non-energy,Early stage,2005,12248125,USD,3
ITA,ITALY,Fundings of start-ups,"By sector (energy, green, digital)",Non-energy,Early stage,2006,6521558,USD,6
ITA,ITALY,Fundings of start-ups,"By sector (energy, green, digital)",Non-energy,Early stage,2007,14097148,USD,5
ITA,ITALY,Fundings of start-ups,"By sector (energy, green, digital)",Non-energy,Early stage,2008,75465984,USD,10
ITA,ITALY,Fundings of start-ups,"By sector (energy, green, digital)",Non-energy,Early stage,2009,36689952,USD,6
ITA,ITALY,Fundings of start-ups,"By sector (energy, green, digital)",Non-energy,Early stage,2010,10127767,USD,11
ITA,ITALY,Fundings of start-ups,"By sector (energy, green, digital)",Non-energy,Early stage,2011,52030704,USD,19
ITA,ITALY,Fundings of start-ups,"By sector (energy, green, digital)",Non-energy,Early stage,2012,70405840,USD,39
ITA,ITALY,Fundings of start-ups,"By sector (energy, green, digital)",Non-energy,Early stage,2013,80065232,USD,112
ITA,ITALY,Fundings of start-ups,"By sector (energy, green, digital)",Non-energy,Early stage,2014,81758496,USD,112
ITA,ITALY,Fundings of start-ups,"By sector (energy, green, digital)",Non-energy,Early stage,2015,106193144,USD,133
ITA,ITALY,Fundings of start-ups,"By sector (energy, green, digital)",Non-energy,Early stage,2016,152688144,USD,133
ITA,ITALY,Fundings of start-ups,"By sector (energy, green, digital)",Non-energy,Early stage,2017,136100704,USD,132
ITA,ITALY,Fundings of start-ups,"By sector (energy, green, digital)",Non-energy,Early stage,2018,424060288,USD,153
ITA,ITALY,Fundings of start-ups,"By sector (energy, green, digital)",Non-energy,Early stage,2019,366189440,USD,136
ITA,ITALY,Fundings of start-ups,"By sector (energy, green, digital)",Non-energy,Early stage,2020,351905120,USD,143
ITA,ITALY,Fundings of start-ups,"By sector (energy, green, digital)",Non-energy,Early stage,2021,565804480,USD,138
ITA,ITALY,Probability to receive funding,"By sector (energy, green, digital)",Non-energy,Early stage,2021,8.863507271,Percentage,10594
ITA,ITALY,Fundings of start-ups,"By sector (energy, green, digital)",Non-energy,Early stage,2022,1.639023304,Years,10652
ITA,ITALY,Fundings of start-ups,"By sector (energy, green, digital)",Non-energy,Early stage,2022,663625792,USD,76
ITA,ITALY,Fundings of start-ups,"By sector (energy, green, digital)",Energy,Later stage,2012,3561910.75,USD,1
ITA,ITALY,Fundings of start-ups,"By sector (energy, green, digital)",Energy,Later stage,2014,357715.25,USD,1
ITA,ITALY,Probability to receive funding,"By sector (energy, green, digital)",Energy,Later stage,2021,2.722322941,Percentage,551
ITA,ITALY,Fundings of start-ups,"By sector (energy, green, digital)",Energy,Later stage,2021,8746377,USD,1
ITA,ITALY,Fundings of start-ups,"By sector (energy, green, digital)",Energy,Later stage,2022,3.663561583,Years,555
ITA,ITALY,Fundings of start-ups,"By sector (energy, green, digital)",Energy and digital,Later stage,2012,3561910.75,USD,1
ITA,ITALY,Fundings of start-ups,"By sector (energy, green, digital)",Energy and digital,Later stage,2014,357715.25,USD,1
ITA,ITALY,Probability to receive funding,"By sector (energy, green, digital)",Energy and digital,Later stage,2021,3.271028042,Percentage,214
ITA,ITALY,Fundings of start-ups,"By sector (energy, green, digital)",Energy and digital,Later stage,2021,8746377,USD,1
ITA,ITALY,Fundings of start-ups,"By sector (energy, green, digital)",Energy and digital,Later stage,2022,4.563209534,Years,216
ITA,ITALY,Probability to receive funding,"By sector (energy, green, digital)",Energy and non-digital,Later stage,2021,2.3738873,Percentage,337
ITA,ITALY,Fundings of start-ups,"By sector (energy, green, digital)",Energy and non-digital,Later stage,2022,2.876369953,Years,339
ITA,ITALY,Fundings of start-ups,"By sector (energy, green, digital)",Non-energy,Later stage,2002,33927220,USD,1
ITA,ITALY,Fundings of start-ups,"By sector (energy, green, digital)",Non-energy,Later stage,2004,42575332,USD,1
ITA,ITALY,Fundings of start-ups,"By sector (energy, green, digital)",Non-energy,Later stage,2006,17505172,USD,1
ITA,ITALY,Fundings of start-ups,"By sector (energy, green, digital)",Non-energy,Later stage,2010,8711317,USD,1
ITA,ITALY,Fundings of start-ups,"By sector (energy, green, digital)",Non-energy,Later stage,2011,6250606.5,USD,2
ITA,ITALY,Fundings of start-ups,"By sector (energy, green, digital)",Non-energy,Later stage,2012,5154006,USD,4
ITA,ITALY,Fundings of start-ups,"By sector (energy, green, digital)",Non-energy,Later stage,2013,2458167.25,USD,3
ITA,ITALY,Fundings of start-ups,"By sector (energy, green, digital)",Non-energy,Later stage,2014,28701462,USD,12
ITA,ITALY,Fundings of start-ups,"By sector (energy, green, digital)",Non-energy,Later stage,2015,34145612,USD,12
ITA,ITALY,Fundings of start-ups,"By sector (energy, green, digital)",Non-energy,Later stage,2016,29614946,USD,12
ITA,ITALY,Fundings of start-ups,"By sector (energy, green, digital)",Non-energy,Later stage,2017,20388764,USD,5
ITA,ITALY,Fundings of start-ups,"By sector (energy, green, digital)",Non-energy,Later stage,2018,66287020,USD,9
ITA,ITALY,Fundings of start-ups,"By sector (energy, green, digital)",Non-energy,Later stage,2019,42635352,USD,8
ITA,ITALY,Fundings of start-ups,"By sector (energy, green, digital)",Non-energy,Later stage,2020,230630896,USD,14
ITA,ITALY,Fundings of start-ups,"By sector (energy, green, digital)",Non-energy,Later stage,2021,232740400,USD,9
ITA,ITALY,Probability to receive funding,"By sector (energy, green, digital)",Non-energy,Later stage,2021,1.708514214,Percentage,10594
ITA,ITALY,Fundings of start-ups,"By sector (energy, green, digital)",Non-energy,Later stage,2022,552872832,USD,10
ITA,ITALY,Fundings of start-ups,"By sector (energy, green, digital)",Non-energy,Later stage,2022,4.403920174,Years,10652
ITA,ITALY,Fundings of start-ups,By technology,Electric mobility,all,2015,879087.5,USD,2
ITA,ITALY,Fundings of start-ups,By technology,Electric mobility,all,2016,491820.0938,USD,1.333333373
ITA,ITALY,Fundings of start-ups,By technology,Electric mobility,all,2017,1968688.375,USD,2.333333254
ITA,ITALY,Fundings of start-ups,By technology,Electric mobility,all,2018,5414897,USD,4
ITA,ITALY,Fundings of start-ups,By technology,Electric mobility,all,2019,1839705.25,USD,2.333333254
ITA,ITALY,Fundings of start-ups,By technology,Electric mobility,all,2020,21127484,USD,4.333333492
ITA,ITALY,Fundings of start-ups,By technology,Electric mobility,all,2021,11119311,USD,5
ITA,ITALY,Fundings of start-ups,By technology,Energy efficiency,all,2011,334360.4688,USD,1
ITA,ITALY,Fundings of start-ups,By technology,Energy efficiency,all,2012,4040276,USD,2
ITA,ITALY,Fundings of start-ups,By technology,Energy efficiency,all,2013,714226.125,USD,3
ITA,ITALY,Fundings of start-ups,By technology,Energy efficiency,all,2014,555514.5625,USD,3
ITA,ITALY,Fundings of start-ups,By technology,Energy efficiency,all,2015,3720824,USD,8
ITA,ITALY,Fundings of start-ups,By technology,Energy efficiency,all,2016,1589671.125,USD,5
ITA,ITALY,Fundings of start-ups,By technology,Energy efficiency,all,2017,5490212,USD,8.5
ITA,ITALY,Fundings of start-ups,By technology,Energy efficiency,all,2018,2759544.25,USD,5.5
ITA,ITALY,Fundings of start-ups,By technology,Energy efficiency,all,2019,3291915,USD,4.599999905
ITA,ITALY,Fundings of start-ups,By technology,Energy efficiency,all,2020,13791218,USD,7
ITA,ITALY,Fundings of start-ups,By technology,Energy efficiency,all,2021,19787990,USD,14.60000038
ITA,ITALY,Fundings of start-ups,By technology,Energy efficiency,all,2022,566515,USD,1
ITA,ITALY,Fundings of start-ups,By technology,Energy storage and batteries,all,2017,38543.37109,USD,0.25
ITA,ITALY,Fundings of start-ups,By technology,Other energy,all,2012,106204.7031,USD,3
ITA,ITALY,Fundings of start-ups,By technology,Other energy,all,2013,179494.375,USD,1
ITA,ITALY,Fundings of start-ups,By technology,Other energy,all,2017,144807.1406,USD,1
ITA,ITALY,Fundings of start-ups,By technology,Other energy,all,2019,412956.7813,USD,1.200000048
ITA,ITALY,Fundings of start-ups,By technology,Other energy,all,2021,1449122.25,USD,0.699999988
ITA,ITALY,Fundings of start-ups,By technology,Other renewables,all,2010,5080593.5,USD,1
ITA,ITALY,Fundings of start-ups,By technology,Other renewables,all,2012,60511.36328,USD,0.5
ITA,ITALY,Fundings of start-ups,By technology,Other renewables,all,2016,655554.1875,USD,1.666666627
ITA,ITALY,Fundings of start-ups,By technology,Other renewables,all,2017,2115980.25,USD,3.916666746
ITA,ITALY,Fundings of start-ups,By technology,Other renewables,all,2018,102585.5703,USD,0.5
ITA,ITALY,Fundings of start-ups,By technology,Other renewables,all,2019,2559415.5,USD,2.866666555
ITA,ITALY,Fundings of start-ups,By technology,Other renewables,all,2020,10880871,USD,1.666666627
ITA,ITALY,Fundings of start-ups,By technology,Other renewables,all,2021,1449122.25,USD,0.699999988
ITA,ITALY,Fundings of start-ups,By technology,Other renewables,all,2022,6154061,USD,1
ITA,ITALY,Fundings of start-ups,By technology,Solar,all,2012,60511.36328,USD,0.5
ITA,ITALY,Probability to receive funding,By technology,Bioenergy,Early stage,2015,0,Percentage,3
ITA,ITALY,Probability to receive funding,By technology,Bioenergy,Early stage,2016,0,Percentage,3
ITA,ITALY,Probability to receive funding,By technology,Bioenergy,Early stage,2017,0,Percentage,3
ITA,ITALY,Probability to receive funding,By technology,Bioenergy,Early stage,2018,0,Percentage,3
ITA,ITALY,Probability to receive funding,By technology,Bioenergy,Early stage,2019,0,Percentage,3
ITA,ITALY,Probability to receive funding,By technology,Bioenergy,Early stage,2020,0,Percentage,3
ITA,ITALY,Probability to receive funding,By technology,Bioenergy,Early stage,2021,0,Percentage,3
ITA,ITALY,Fundings of start-ups,By technology,Clean energy,Early stage,2010,5080593.5,USD,1
ITA,ITALY,Fundings of start-ups,By technology,Clean energy,Early stage,2011,334360.4688,USD,1
ITA,ITALY,Fundings of start-ups,By technology,Clean energy,Early stage,2012,599388.0625,USD,2
ITA,ITALY,Fundings of start-ups,By technology,Clean energy,Early stage,2013,217624.9688,USD,1
ITA,ITALY,Fundings of start-ups,By technology,Clean energy,Early stage,2014,117679.5547,USD,1
ITA,ITALY,Fundings of start-ups,By technology,Clean energy,Early stage,2015,1443469.25,USD,5
ITA,ITALY,Fundings of start-ups,By technology,Clean energy,Early stage,2016,964249.8125,USD,2
ITA,ITALY,Fundings of start-ups,By technology,Clean energy,Early stage,2017,6306967.5,USD,7
ITA,ITALY,Fundings of start-ups,By technology,Clean energy,Early stage,2018,2642784.25,USD,4
ITA,ITALY,Fundings of start-ups,By technology,Clean energy,Early stage,2019,4997200.5,USD,5
ITA,ITALY,Fundings of start-ups,By technology,Clean energy,Early stage,2020,39738468,USD,7
ITA,ITALY,Probability to receive funding,By technology,Clean energy,Early stage,2021,10.10101032,Percentage,297
ITA,ITALY,Fundings of start-ups,By technology,Clean energy,Early stage,2021,17678336,USD,9
ITA,ITALY,Fundings of start-ups,By technology,Clean energy,Early stage,2022,1.524383545,Years,300
ITA,ITALY,Fundings of start-ups,By technology,Clean energy,Early stage,2022,6154061,USD,1
ITA,ITALY,Probability to receive funding,By technology,Electric mobility,Early stage,2015,21.05263138,Percentage,15.83333302
ITA,ITALY,Probability to receive funding,By technology,Electric mobility,Early stage,2016,22.41379356,Percentage,19.33333397
ITA,ITALY,Probability to receive funding,By technology,Electric mobility,Early stage,2017,29.6875,Percentage,21.33333397
ITA,ITALY,Probability to receive funding,By technology,Electric mobility,Early stage,2018,31.4285717,Percentage,23.33333397
ITA,ITALY,Probability to receive funding,By technology,Electric mobility,Early stage,2019,33.78378296,Percentage,24.66666603
ITA,ITALY,Probability to receive funding,By technology,Electric mobility,Early stage,2020,33.78378296,Percentage,24.66666603
ITA,ITALY,Probability to receive funding,By technology,Electric mobility,Early stage,2021,34.21052551,Percentage,25.33333397
ITA,ITALY,Probability to receive funding,By technology,Energy efficiency,Early stage,2015,13.68108654,Percentage,106.7166672
ITA,ITALY,Probability to receive funding,By technology,Energy efficiency,Early stage,2016,12.92607307,Percentage,112.9499969
ITA,ITALY,Probability to receive funding,By technology,Energy efficiency,Early stage,2017,15.37455845,Percentage,127.4833298
ITA,ITALY,Probability to receive funding,By technology,Energy efficiency,Early stage,2018,14.77761841,Percentage,139.3999939
ITA,ITALY,Probability to receive funding,By technology,Energy efficiency,Early stage,2019,14.93431664,Percentage,144.6333313
ITA,ITALY,Probability to receive funding,By technology,Energy efficiency,Early stage,2020,15.98554993,Percentage,147.6333313
ITA,ITALY,Probability to receive funding,By technology,Energy efficiency,Early stage,2021,16.55079651,Percentage,148.6333313
ITA,ITALY,Fundings of start-ups,By technology,Energy efficiency,Early stage,2022,1.666380286,Years,148.6333313
ITA,ITALY,Probability to receive funding,By technology,Energy storage and batteries,Early stage,2015,0,Percentage,6.666666508
ITA,ITALY,Probability to receive funding,By technology,Energy storage and batteries,Early stage,2016,0,Percentage,7.866666794
ITA,ITALY,Probability to receive funding,By technology,Energy storage and batteries,Early stage,2017,2.152080297,Percentage,11.61666679
ITA,ITALY,Probability to receive funding,By technology,Energy storage and batteries,Early stage,2018,1.98150599,Percentage,12.61666679
ITA,ITALY,Probability to receive funding,By technology,Energy storage and batteries,Early stage,2019,1.770956278,Percentage,14.11666679
ITA,ITALY,Probability to receive funding,By technology,Energy storage and batteries,Early stage,2020,1.770956278,Percentage,14.11666679
ITA,ITALY,Probability to receive funding,By technology,Energy storage and batteries,Early stage,2021,6.200676441,Percentage,14.78333378
ITA,ITALY,Probability to receive funding,By technology,Fossil fuels,Early stage,2015,6.655573845,Percentage,20.03333282
ITA,ITALY,Probability to receive funding,By technology,Fossil fuels,Early stage,2016,6.051437378,Percentage,22.03333282
ITA,ITALY,Probability to receive funding,By technology,Fossil fuels,Early stage,2017,5.657708645,Percentage,23.56666756
ITA,ITALY,Probability to receive funding,By technology,Fossil fuels,Early stage,2018,5.657708645,Percentage,23.56666756
ITA,ITALY,Probability to receive funding,By technology,Fossil fuels,Early stage,2019,5.427408218,Percentage,24.56666756
ITA,ITALY,Probability to receive funding,By technology,Fossil fuels,Early stage,2020,5.427408218,Percentage,24.56666756
ITA,ITALY,Probability to receive funding,By technology,Fossil fuels,Early stage,2021,5.354752541,Percentage,24.89999962
ITA,ITALY,Fundings of start-ups,By technology,Fossil fuels,Early stage,2022,3.945890427,Years,24.89999962
ITA,ITALY,Probability to receive funding,By technology,Grid,Early stage,2015,0,Percentage,23.70000076
ITA,ITALY,Probability to receive funding,By technology,Grid,Early stage,2016,0,Percentage,25.53333282
ITA,ITALY,Probability to receive funding,By technology,Grid,Early stage,2017,0,Percentage,26.73333359
ITA,ITALY,Probability to receive funding,By technology,Grid,Early stage,2018,0,Percentage,26.73333359
ITA,ITALY,Probability to receive funding,By technology,Grid,Early stage,2019,0,Percentage,26.73333359
ITA,ITALY,Probability to receive funding,By technology,Grid,Early stage,2020,0,Percentage,26.73333359
ITA,ITALY,Probability to receive funding,By technology,Grid,Early stage,2021,0,Percentage,26.73333359
ITA,ITALY,Probability to receive funding,By technology,Hydrogen and fuel cells,Early stage,2015,0,Percentage,0.333333343
ITA,ITALY,Probability to receive funding,By technology,Hydrogen and fuel cells,Early stage,2016,0,Percentage,0.333333343
ITA,ITALY,Probability to receive funding,By technology,Hydrogen and fuel cells,Early stage,2017,0,Percentage,1
ITA,ITALY,Probability to receive funding,By technology,Hydrogen and fuel cells,Early stage,2018,0,Percentage,1
ITA,ITALY,Probability to receive funding,By technology,Hydrogen and fuel cells,Early stage,2019,0,Percentage,1
ITA,ITALY,Probability to receive funding,By technology,Hydrogen and fuel cells,Early stage,2020,0,Percentage,1
ITA,ITALY,Probability to receive funding,By technology,Hydrogen and fuel cells,Early stage,2021,0,Percentage,1
ITA,ITALY,Fundings of start-ups,By technology,Non-clean energy,Early stage,2012,106204.7031,USD,3
ITA,ITALY,Fundings of start-ups,By technology,Non-clean energy,Early stage,2013,676095.5,USD,3
ITA,ITALY,Fundings of start-ups,By technology,Non-clean energy,Early stage,2015,2155962.5,USD,3
ITA,ITALY,Fundings of start-ups,By technology,Non-clean energy,Early stage,2016,976466.0625,USD,4
ITA,ITALY,Fundings of start-ups,By technology,Non-clean energy,Early stage,2017,648355,USD,2
ITA,ITALY,Fundings of start-ups,By technology,Non-clean energy,Early stage,2018,2379615,USD,4
ITA,ITALY,Fundings of start-ups,By technology,Non-clean energy,Early stage,2019,395163.9063,USD,2
ITA,ITALY,Fundings of start-ups,By technology,Non-clean energy,Early stage,2020,1528214.75,USD,3
ITA,ITALY,Fundings of start-ups,By technology,Non-clean energy,Early stage,2021,3032223.75,USD,9
ITA,ITALY,Probability to receive funding,By technology,Non-clean energy,Early stage,2021,7.874015808,Percentage,254
ITA,ITALY,Fundings of start-ups,By technology,Non-clean energy,Early stage,2022,1.628983378,Years,255
ITA,ITALY,Fundings of start-ups,By technology,Non-clean energy,Early stage,2022,566515,USD,1
ITA,ITALY,Probability to receive funding,By technology,Nuclear,Early stage,2015,0,Percentage,1
ITA,ITALY,Probability to receive funding,By technology,Nuclear,Early stage,2016,0,Percentage,1
ITA,ITALY,Probability to receive funding,By technology,Nuclear,Early stage,2017,0,Percentage,1
ITA,ITALY,Probability to receive funding,By technology,Nuclear,Early stage,2018,0,Percentage,1
ITA,ITALY,Probability to receive funding,By technology,Nuclear,Early stage,2019,0,Percentage,1
ITA,ITALY,Probability to receive funding,By technology,Nuclear,Early stage,2020,0,Percentage,1
ITA,ITALY,Probability to receive funding,By technology,Nuclear,Early stage,2021,0,Percentage,1
ITA,ITALY,Probability to receive funding,By technology,Other energy,Early stage,2015,3.473132372,Percentage,101.7333298
ITA,ITALY,Probability to receive funding,By technology,Other energy,Early stage,2016,3.268578529,Percentage,108.0999985
ITA,ITALY,Probability to receive funding,By technology,Other energy,Early stage,2017,3.98359704,Percentage,113.8000031
ITA,ITALY,Probability to receive funding,By technology,Other energy,Early stage,2018,3.928932428,Percentage,115.3833313
ITA,ITALY,Probability to receive funding,By technology,Other energy,Early stage,2019,5.06648016,Percentage,119.0833359
ITA,ITALY,Probability to receive funding,By technology,Other energy,Early stage,2020,5.031271935,Percentage,119.9166641
ITA,ITALY,Probability to receive funding,By technology,Other energy,Early stage,2021,5.031271935,Percentage,119.9166641
ITA,ITALY,Fundings of start-ups,By technology,Other energy,Early stage,2022,1.248194933,Years,119.9166641
ITA,ITALY,Probability to receive funding,By technology,Other renewables,Early stage,2015,2.609363079,Percentage,65.15000153
ITA,ITALY,Probability to receive funding,By technology,Other renewables,Early stage,2016,3.888622284,Percentage,69.43333435
ITA,ITALY,Probability to receive funding,By technology,Other renewables,Early stage,2017,7.042860031,Percentage,77.3833313
ITA,ITALY,Probability to receive funding,By technology,Other renewables,Early stage,2018,8.176631927,Percentage,78.8833313
ITA,ITALY,Probability to receive funding,By technology,Other renewables,Early stage,2019,8.696558952,Percentage,79.91666412
ITA,ITALY,Probability to receive funding,By technology,Other renewables,Early stage,2020,8.398791313,Percentage,82.75
ITA,ITALY,Probability to receive funding,By technology,Other renewables,Early stage,2021,8.365095139,Percentage,83.08333588
ITA,ITALY,Fundings of start-ups,By technology,Other renewables,Early stage,2022,1.301231861,Years,83.08333588
ITA,ITALY,Probability to receive funding,By technology,Solar,Early stage,2015,1.171875,Percentage,42.66666794
ITA,ITALY,Probability to receive funding,By technology,Solar,Early stage,2016,1.165048599,Percentage,42.91666794
ITA,ITALY,Probability to receive funding,By technology,Solar,Early stage,2017,1.147227526,Percentage,43.58333206
ITA,ITALY,Probability to receive funding,By technology,Solar,Early stage,2018,1.147227526,Percentage,43.58333206
ITA,ITALY,Probability to receive funding,By technology,Solar,Early stage,2019,1.141987085,Percentage,43.78333282
ITA,ITALY,Probability to receive funding,By technology,Solar,Early stage,2020,1.133358479,Percentage,44.11666489
ITA,ITALY,Probability to receive funding,By technology,Solar,Early stage,2021,1.133358479,Percentage,44.11666489
ITA,ITALY,Fundings of start-ups,By technology,Solar,Early stage,2022,2.293150663,Years,44.11666489
ITA,ITALY,Probability to receive funding,By technology,Wind,Early stage,2015,0,Percentage,3.166666746
ITA,ITALY,Probability to receive funding,By technology,Wind,Early stage,2016,0,Percentage,3.5
ITA,ITALY,Probability to receive funding,By technology,Wind,Early stage,2017,0,Percentage,3.5
ITA,ITALY,Probability to receive funding,By technology,Wind,Early stage,2018,0,Percentage,3.5
ITA,ITALY,Probability to receive funding,By technology,Wind,Early stage,2019,0,Percentage,3.5
ITA,ITALY,Probability to receive funding,By technology,Wind,Early stage,2020,0,Percentage,3.5
ITA,ITALY,Probability to receive funding,By technology,Wind,Early stage,2021,0,Percentage,3.5
ITA,ITALY,Probability to receive funding,By technology,Bioenergy,Later stage,2015,16.66666603,Percentage,3
ITA,ITALY,Probability to receive funding,By technology,Bioenergy,Later stage,2016,16.66666603,Percentage,3
ITA,ITALY,Probability to receive funding,By technology,Bioenergy,Later stage,2017,16.66666603,Percentage,3
ITA,ITALY,Probability to receive funding,By technology,Bioenergy,Later stage,2018,16.66666603,Percentage,3
ITA,ITALY,Probability to receive funding,By technology,Bioenergy,Later stage,2019,16.66666603,Percentage,3
ITA,ITALY,Probability to receive funding,By technology,Bioenergy,Later stage,2020,16.66666603,Percentage,3
ITA,ITALY,Probability to receive funding,By technology,Bioenergy,Later stage,2021,16.66666603,Percentage,3
ITA,ITALY,Fundings of start-ups,By technology,Clean energy,Later stage,2012,3561910.75,USD,1
ITA,ITALY,Fundings of start-ups,By technology,Clean energy,Later stage,2014,357715.25,USD,1
ITA,ITALY,Probability to receive funding,By technology,Clean energy,Later stage,2021,3.703703642,Percentage,297
ITA,ITALY,Fundings of start-ups,By technology,Clean energy,Later stage,2021,8746377,USD,1
ITA,ITALY,Fundings of start-ups,By technology,Clean energy,Later stage,2022,3.516562939,Years,300
ITA,ITALY,Probability to receive funding,By technology,Electric mobility,Later stage,2015,0,Percentage,15.83333302
ITA,ITALY,Probability to receive funding,By technology,Electric mobility,Later stage,2016,0,Percentage,19.33333397
ITA,ITALY,Probability to receive funding,By technology,Electric mobility,Later stage,2017,0,Percentage,21.33333397
ITA,ITALY,Probability to receive funding,By technology,Electric mobility,Later stage,2018,0,Percentage,23.33333397
ITA,ITALY,Probability to receive funding,By technology,Electric mobility,Later stage,2019,0,Percentage,24.66666603
ITA,ITALY,Probability to receive funding,By technology,Electric mobility,Later stage,2020,0,Percentage,24.66666603
ITA,ITALY,Probability to receive funding,By technology,Electric mobility,Later stage,2021,0,Percentage,25.33333397
ITA,ITALY,Probability to receive funding,By technology,Energy efficiency,Later stage,2015,2.811182261,Percentage,106.7166672
ITA,ITALY,Probability to receive funding,By technology,Energy efficiency,Later stage,2016,2.656042576,Percentage,112.9499969
ITA,ITALY,Probability to receive funding,By technology,Energy efficiency,Later stage,2017,2.353248835,Percentage,127.4833298
ITA,ITALY,Probability to receive funding,By technology,Energy efficiency,Later stage,2018,2.152080297,Percentage,139.3999939
ITA,ITALY,Probability to receive funding,By technology,Energy efficiency,Later stage,2019,2.350772142,Percentage,144.6333313
ITA,ITALY,Probability to receive funding,By technology,Energy efficiency,Later stage,2020,2.303002834,Percentage,147.6333313
ITA,ITALY,Probability to receive funding,By technology,Energy efficiency,Later stage,2021,2.287508488,Percentage,148.6333313
ITA,ITALY,Fundings of start-ups,By technology,Energy efficiency,Later stage,2022,4.357937336,Years,148.6333313
ITA,ITALY,Probability to receive funding,By technology,Energy storage and batteries,Later stage,2015,0,Percentage,6.666666508
ITA,ITALY,Probability to receive funding,By technology,Energy storage and batteries,Later stage,2016,0,Percentage,7.866666794
ITA,ITALY,Probability to receive funding,By technology,Energy storage and batteries,Later stage,2017,0,Percentage,11.61666679
ITA,ITALY,Probability to receive funding,By technology,Energy storage and batteries,Later stage,2018,0,Percentage,12.61666679
ITA,ITALY,Probability to receive funding,By technology,Energy storage and batteries,Later stage,2019,0,Percentage,14.11666679
ITA,ITALY,Probability to receive funding,By technology,Energy storage and batteries,Later stage,2020,0,Percentage,14.11666679
ITA,ITALY,Probability to receive funding,By technology,Energy storage and batteries,Later stage,2021,0,Percentage,14.78333378
ITA,ITALY,Probability to receive funding,By technology,Fossil fuels,Later stage,2015,4.991680622,Percentage,20.03333282
ITA,ITALY,Probability to receive funding,By technology,Fossil fuels,Later stage,2016,4.538578033,Percentage,22.03333282
ITA,ITALY,Probability to receive funding,By technology,Fossil fuels,Later stage,2017,4.243281364,Percentage,23.56666756
ITA,ITALY,Probability to receive funding,By technology,Fossil fuels,Later stage,2018,4.243281364,Percentage,23.56666756
ITA,ITALY,Probability to receive funding,By technology,Fossil fuels,Later stage,2019,4.070556164,Percentage,24.56666756
ITA,ITALY,Probability to receive funding,By technology,Fossil fuels,Later stage,2020,4.070556164,Percentage,24.56666756
ITA,ITALY,Probability to receive funding,By technology,Fossil fuels,Later stage,2021,4.016064167,Percentage,24.89999962
ITA,ITALY,Fundings of start-ups,By technology,Fossil fuels,Later stage,2022,1.975342512,Years,24.89999962
ITA,ITALY,Probability to receive funding,By technology,Grid,Later stage,2015,0,Percentage,23.70000076
ITA,ITALY,Probability to receive funding,By technology,Grid,Later stage,2016,0,Percentage,25.53333282
ITA,ITALY,Probability to receive funding,By technology,Grid,Later stage,2017,0,Percentage,26.73333359
ITA,ITALY,Probability to receive funding,By technology,Grid,Later stage,2018,0,Percentage,26.73333359
ITA,ITALY,Probability to receive funding,By technology,Grid,Later stage,2019,0,Percentage,26.73333359
ITA,ITALY,Probability to receive funding,By technology,Grid,Later stage,2020,0,Percentage,26.73333359
ITA,ITALY,Probability to receive funding,By technology,Grid,Later stage,2021,0,Percentage,26.73333359
ITA,ITALY,Probability to receive funding,By technology,Hydrogen and fuel cells,Later stage,2015,0,Percentage,0.333333343
ITA,ITALY,Probability to receive funding,By technology,Hydrogen and fuel cells,Later stage,2016,0,Percentage,0.333333343
ITA,ITALY,Probability to receive funding,By technology,Hydrogen and fuel cells,Later stage,2017,0,Percentage,1
ITA,ITALY,Probability to receive funding,By technology,Hydrogen and fuel cells,Later stage,2018,0,Percentage,1
ITA,ITALY,Probability to receive funding,By technology,Hydrogen and fuel cells,Later stage,2019,0,Percentage,1
ITA,ITALY,Probability to receive funding,By technology,Hydrogen and fuel cells,Later stage,2020,0,Percentage,1
ITA,ITALY,Probability to receive funding,By technology,Hydrogen and fuel cells,Later stage,2021,0,Percentage,1
ITA,ITALY,Probability to receive funding,By technology,Non-clean energy,Later stage,2021,1.574803114,Percentage,254
ITA,ITALY,Fundings of start-ups,By technology,Non-clean energy,Later stage,2022,4.067808151,Years,255
ITA,ITALY,Probability to receive funding,By technology,Nuclear,Later stage,2015,0,Percentage,1
ITA,ITALY,Probability to receive funding,By technology,Nuclear,Later stage,2016,0,Percentage,1
ITA,ITALY,Probability to receive funding,By technology,Nuclear,Later stage,2017,0,Percentage,1
ITA,ITALY,Probability to receive funding,By technology,Nuclear,Later stage,2018,0,Percentage,1
ITA,ITALY,Probability to receive funding,By technology,Nuclear,Later stage,2019,0,Percentage,1
ITA,ITALY,Probability to receive funding,By technology,Nuclear,Later stage,2020,0,Percentage,1
ITA,ITALY,Probability to receive funding,By technology,Nuclear,Later stage,2021,0,Percentage,1
ITA,ITALY,Probability to receive funding,By technology,Other energy,Later stage,2015,4.01376152,Percentage,101.7333298
ITA,ITALY,Probability to receive funding,By technology,Other energy,Later stage,2016,3.777366638,Percentage,108.0999985
ITA,ITALY,Probability to receive funding,By technology,Other energy,Later stage,2017,3.588166475,Percentage,113.8000031
ITA,ITALY,Probability to receive funding,By technology,Other energy,Later stage,2018,3.53892827,Percentage,115.3833313
ITA,ITALY,Probability to receive funding,By technology,Other energy,Later stage,2019,3.596920967,Percentage,119.0833359
ITA,ITALY,Probability to receive funding,By technology,Other energy,Later stage,2020,3.571924925,Percentage,119.9166641
ITA,ITALY,Probability to receive funding,By technology,Other energy,Later stage,2021,3.571924925,Percentage,119.9166641
ITA,ITALY,Fundings of start-ups,By technology,Other energy,Later stage,2022,5.162848473,Years,119.9166641
ITA,ITALY,Probability to receive funding,By technology,Other renewables,Later stage,2015,7.418776989,Percentage,65.15000153
ITA,ITALY,Probability to receive funding,By technology,Other renewables,Later stage,2016,6.96111393,Percentage,69.43333435
ITA,ITALY,Probability to receive funding,By technology,Other renewables,Later stage,2017,6.245961666,Percentage,77.3833313
ITA,ITALY,Probability to receive funding,By technology,Other renewables,Later stage,2018,6.12719202,Percentage,78.8833313
ITA,ITALY,Probability to receive funding,By technology,Other renewables,Later stage,2019,6.29822731,Percentage,79.91666412
ITA,ITALY,Probability to receive funding,By technology,Other renewables,Later stage,2020,6.082578182,Percentage,82.75
ITA,ITALY,Probability to receive funding,By technology,Other renewables,Later stage,2021,6.05817461,Percentage,83.08333588
ITA,ITALY,Fundings of start-ups,By technology,Other renewables,Later stage,2022,2.817345619,Years,83.08333588
ITA,ITALY,Probability to receive funding,By technology,Solar,Later stage,2015,1.3671875,Percentage,42.66666794
ITA,ITALY,Probability to receive funding,By technology,Solar,Later stage,2016,1.359223247,Percentage,42.91666794
ITA,ITALY,Probability to receive funding,By technology,Solar,Later stage,2017,1.338432074,Percentage,43.58333206
ITA,ITALY,Probability to receive funding,By technology,Solar,Later stage,2018,1.338432074,Percentage,43.58333206
ITA,ITALY,Probability to receive funding,By technology,Solar,Later stage,2019,1.789113045,Percentage,43.78333282
ITA,ITALY,Probability to receive funding,By technology,Solar,Later stage,2020,1.775595069,Percentage,44.11666489
ITA,ITALY,Probability to receive funding,By technology,Solar,Later stage,2021,1.775595069,Percentage,44.11666489
ITA,ITALY,Fundings of start-ups,By technology,Solar,Later stage,2022,1.877062082,Years,44.11666489
ITA,ITALY,Probability to receive funding,By technology,Wind,Later stage,2015,0,Percentage,3.166666746
ITA,ITALY,Probability to receive funding,By technology,Wind,Later stage,2016,0,Percentage,3.5
ITA,ITALY,Probability to receive funding,By technology,Wind,Later stage,2017,0,Percentage,3.5
ITA,ITALY,Probability to receive funding,By technology,Wind,Later stage,2018,0,Percentage,3.5
ITA,ITALY,Probability to receive funding,By technology,Wind,Later stage,2019,0,Percentage,3.5
ITA,ITALY,Probability to receive funding,By technology,Wind,Later stage,2020,0,Percentage,3.5
ITA,ITALY,Probability to receive funding,By technology,Wind,Later stage,2021,0,Percentage,3.5
JAM,JAMAICA,Probability to receive funding,"By sector (energy, green, digital)",Energy,Early stage,2021,0,Percentage,3
JAM,JAMAICA,Probability to receive funding,"By sector (energy, green, digital)",Energy and digital,Early stage,2021,0,Percentage,1
JAM,JAMAICA,Probability to receive funding,"By sector (energy, green, digital)",Energy and non-digital,Early stage,2021,0,Percentage,2
JAM,JAMAICA,Fundings of start-ups,"By sector (energy, green, digital)",Non-energy,Early stage,2011,7430.232422,USD,1
JAM,JAMAICA,Fundings of start-ups,"By sector (energy, green, digital)",Non-energy,Early stage,2012,38727.27344,USD,1
JAM,JAMAICA,Fundings of start-ups,"By sector (energy, green, digital)",Non-energy,Early stage,2013,15556.17969,USD,1
JAM,JAMAICA,Fundings of start-ups,"By sector (energy, green, digital)",Non-energy,Early stage,2014,58839.77734,USD,1
JAM,JAMAICA,Fundings of start-ups,"By sector (energy, green, digital)",Non-energy,Early stage,2015,72961.32813,USD,2
JAM,JAMAICA,Probability to receive funding,"By sector (energy, green, digital)",Non-energy,Early stage,2021,5.833333492,Percentage,120
JAM,JAMAICA,Fundings of start-ups,"By sector (energy, green, digital)",Non-energy,Early stage,2022,1.000391364,Years,120
JAM,JAMAICA,Probability to receive funding,"By sector (energy, green, digital)",Energy,Later stage,2021,0,Percentage,3
JAM,JAMAICA,Probability to receive funding,"By sector (energy, green, digital)",Energy and digital,Later stage,2021,0,Percentage,1
JAM,JAMAICA,Probability to receive funding,"By sector (energy, green, digital)",Energy and non-digital,Later stage,2021,0,Percentage,2
JAM,JAMAICA,Probability to receive funding,"By sector (energy, green, digital)",Non-energy,Later stage,2021,0,Percentage,120
JAM,JAMAICA,Probability to receive funding,By technology,Clean energy,Early stage,2021,0,Percentage,2
JAM,JAMAICA,Probability to receive funding,By technology,Non-clean energy,Early stage,2021,0,Percentage,1
JAM,JAMAICA,Probability to receive funding,By technology,Other energy,Early stage,2015,0,Percentage,1.833333373
JAM,JAMAICA,Probability to receive funding,By technology,Other energy,Early stage,2016,0,Percentage,1.833333373
JAM,JAMAICA,Probability to receive funding,By technology,Other energy,Early stage,2017,0,Percentage,1.833333373
JAM,JAMAICA,Probability to receive funding,By technology,Other energy,Early stage,2018,0,Percentage,1.833333373
JAM,JAMAICA,Probability to receive funding,By technology,Other energy,Early stage,2019,0,Percentage,1.833333373
JAM,JAMAICA,Probability to receive funding,By technology,Other energy,Early stage,2020,0,Percentage,1.833333373
JAM,JAMAICA,Probability to receive funding,By technology,Other energy,Early stage,2021,0,Percentage,1.833333373
JAM,JAMAICA,Probability to receive funding,By technology,Other renewables,Early stage,2015,0,Percentage,0.833333313
JAM,JAMAICA,Probability to receive funding,By technology,Other renewables,Early stage,2016,0,Percentage,0.833333313
JAM,JAMAICA,Probability to receive funding,By technology,Other renewables,Early stage,2017,0,Percentage,0.833333313
JAM,JAMAICA,Probability to receive funding,By technology,Other renewables,Early stage,2018,0,Percentage,0.833333313
JAM,JAMAICA,Probability to receive funding,By technology,Other renewables,Early stage,2019,0,Percentage,0.833333313
JAM,JAMAICA,Probability to receive funding,By technology,Other renewables,Early stage,2020,0,Percentage,0.833333313
JAM,JAMAICA,Probability to receive funding,By technology,Other renewables,Early stage,2021,0,Percentage,0.833333313
JAM,JAMAICA,Probability to receive funding,By technology,Solar,Early stage,2015,0,Percentage,0.333333343
JAM,JAMAICA,Probability to receive funding,By technology,Solar,Early stage,2016,0,Percentage,0.333333343
JAM,JAMAICA,Probability to receive funding,By technology,Solar,Early stage,2017,0,Percentage,0.333333343
JAM,JAMAICA,Probability to receive funding,By technology,Solar,Early stage,2018,0,Percentage,0.333333343
JAM,JAMAICA,Probability to receive funding,By technology,Solar,Early stage,2019,0,Percentage,0.333333343
JAM,JAMAICA,Probability to receive funding,By technology,Solar,Early stage,2020,0,Percentage,0.333333343
JAM,JAMAICA,Probability to receive funding,By technology,Solar,Early stage,2021,0,Percentage,0.333333343
JAM,JAMAICA,Probability to receive funding,By technology,Clean energy,Later stage,2021,0,Percentage,2
JAM,JAMAICA,Probability to receive funding,By technology,Non-clean energy,Later stage,2021,0,Percentage,1
JAM,JAMAICA,Probability to receive funding,By technology,Other energy,Later stage,2015,0,Percentage,1.833333373
JAM,JAMAICA,Probability to receive funding,By technology,Other energy,Later stage,2016,0,Percentage,1.833333373
JAM,JAMAICA,Probability to receive funding,By technology,Other energy,Later stage,2017,0,Percentage,1.833333373
JAM,JAMAICA,Probability to receive funding,By technology,Other energy,Later stage,2018,0,Percentage,1.833333373
JAM,JAMAICA,Probability to receive funding,By technology,Other energy,Later stage,2019,0,Percentage,1.833333373
JAM,JAMAICA,Probability to receive funding,By technology,Other energy,Later stage,2020,0,Percentage,1.833333373
JAM,JAMAICA,Probability to receive funding,By technology,Other energy,Later stage,2021,0,Percentage,1.833333373
JAM,JAMAICA,Probability to receive funding,By technology,Other renewables,Later stage,2015,0,Percentage,0.833333313
JAM,JAMAICA,Probability to receive funding,By technology,Other renewables,Later stage,2016,0,Percentage,0.833333313
JAM,JAMAICA,Probability to receive funding,By technology,Other renewables,Later stage,2017,0,Percentage,0.833333313
JAM,JAMAICA,Probability to receive funding,By technology,Other renewables,Later stage,2018,0,Percentage,0.833333313
JAM,JAMAICA,Probability to receive funding,By technology,Other renewables,Later stage,2019,0,Percentage,0.833333313
JAM,JAMAICA,Probability to receive funding,By technology,Other renewables,Later stage,2020,0,Percentage,0.833333313
JAM,JAMAICA,Probability to receive funding,By technology,Other renewables,Later stage,2021,0,Percentage,0.833333313
JAM,JAMAICA,Probability to receive funding,By technology,Solar,Later stage,2015,0,Percentage,0.333333343
JAM,JAMAICA,Probability to receive funding,By technology,Solar,Later stage,2016,0,Percentage,0.333333343
JAM,JAMAICA,Probability to receive funding,By technology,Solar,Later stage,2017,0,Percentage,0.333333343
JAM,JAMAICA,Probability to receive funding,By technology,Solar,Later stage,2018,0,Percentage,0.333333343
JAM,JAMAICA,Probability to receive funding,By technology,Solar,Later stage,2019,0,Percentage,0.333333343
JAM,JAMAICA,Probability to receive funding,By technology,Solar,Later stage,2020,0,Percentage,0.333333343
JAM,JAMAICA,Probability to receive funding,By technology,Solar,Later stage,2021,0,Percentage,0.333333343
JPN,JAPAN,Fundings of start-ups,"By sector (energy, green, digital)",Energy,Early stage,2010,442034.9375,USD,2
JPN,JAPAN,Fundings of start-ups,"By sector (energy, green, digital)",Energy,Early stage,2011,3563750,USD,1
JPN,JAPAN,Fundings of start-ups,"By sector (energy, green, digital)",Energy,Early stage,2012,495732.0938,USD,2
JPN,JAPAN,Fundings of start-ups,"By sector (energy, green, digital)",Energy,Early stage,2013,206468.7969,USD,1
JPN,JAPAN,Fundings of start-ups,"By sector (energy, green, digital)",Energy,Early stage,2014,29105382,USD,7
JPN,JAPAN,Fundings of start-ups,"By sector (energy, green, digital)",Energy,Early stage,2015,7951884.5,USD,3
JPN,JAPAN,Fundings of start-ups,"By sector (energy, green, digital)",Energy,Early stage,2016,21229512,USD,7
JPN,JAPAN,Fundings of start-ups,"By sector (energy, green, digital)",Energy,Early stage,2017,26575370,USD,10
JPN,JAPAN,Fundings of start-ups,"By sector (energy, green, digital)",Energy,Early stage,2018,40641496,USD,14
JPN,JAPAN,Fundings of start-ups,"By sector (energy, green, digital)",Energy,Early stage,2019,148379856,USD,9
JPN,JAPAN,Fundings of start-ups,"By sector (energy, green, digital)",Energy,Early stage,2020,35208892,USD,12
JPN,JAPAN,Probability to receive funding,"By sector (energy, green, digital)",Energy,Early stage,2021,10.82949352,Percentage,434
JPN,JAPAN,Fundings of start-ups,"By sector (energy, green, digital)",Energy,Early stage,2021,22884328,USD,5
JPN,JAPAN,Fundings of start-ups,"By sector (energy, green, digital)",Energy,Early stage,2022,693154112,USD,6
JPN,JAPAN,Fundings of start-ups,"By sector (energy, green, digital)",Energy,Early stage,2022,2.103934765,Years,434
JPN,JAPAN,Fundings of start-ups,"By sector (energy, green, digital)",Energy and digital,Early stage,2012,30255.68164,USD,1
JPN,JAPAN,Fundings of start-ups,"By sector (energy, green, digital)",Energy and digital,Early stage,2014,8355248.5,USD,3
JPN,JAPAN,Fundings of start-ups,"By sector (energy, green, digital)",Energy and digital,Early stage,2015,2158332.5,USD,1
JPN,JAPAN,Fundings of start-ups,"By sector (energy, green, digital)",Energy and digital,Early stage,2016,6199525,USD,2
JPN,JAPAN,Fundings of start-ups,"By sector (energy, green, digital)",Energy and digital,Early stage,2017,21688788,USD,7
JPN,JAPAN,Fundings of start-ups,"By sector (energy, green, digital)",Energy and digital,Early stage,2018,19310592,USD,9
JPN,JAPAN,Fundings of start-ups,"By sector (energy, green, digital)",Energy and digital,Early stage,2019,20035048,USD,5
JPN,JAPAN,Fundings of start-ups,"By sector (energy, green, digital)",Energy and digital,Early stage,2020,20313616,USD,8
JPN,JAPAN,Fundings of start-ups,"By sector (energy, green, digital)",Energy and digital,Early stage,2021,20056902,USD,4
JPN,JAPAN,Probability to receive funding,"By sector (energy, green, digital)",Energy and digital,Early stage,2021,20.6896553,Percentage,116
JPN,JAPAN,Fundings of start-ups,"By sector (energy, green, digital)",Energy and digital,Early stage,2022,2.269178152,Years,116
JPN,JAPAN,Fundings of start-ups,"By sector (energy, green, digital)",Energy and digital,Early stage,2022,11971879,USD,2
JPN,JAPAN,Fundings of start-ups,"By sector (energy, green, digital)",Energy and non-digital,Early stage,2010,442034.9375,USD,2
JPN,JAPAN,Fundings of start-ups,"By sector (energy, green, digital)",Energy and non-digital,Early stage,2011,3563750,USD,1
JPN,JAPAN,Fundings of start-ups,"By sector (energy, green, digital)",Energy and non-digital,Early stage,2012,465476.4063,USD,1
JPN,JAPAN,Fundings of start-ups,"By sector (energy, green, digital)",Energy and non-digital,Early stage,2013,206468.7969,USD,1
JPN,JAPAN,Fundings of start-ups,"By sector (energy, green, digital)",Energy and non-digital,Early stage,2014,20750134,USD,4
JPN,JAPAN,Fundings of start-ups,"By sector (energy, green, digital)",Energy and non-digital,Early stage,2015,5793552,USD,2
JPN,JAPAN,Fundings of start-ups,"By sector (energy, green, digital)",Energy and non-digital,Early stage,2016,15029987,USD,5
JPN,JAPAN,Fundings of start-ups,"By sector (energy, green, digital)",Energy and non-digital,Early stage,2017,4886581.5,USD,3
JPN,JAPAN,Fundings of start-ups,"By sector (energy, green, digital)",Energy and non-digital,Early stage,2018,21330904,USD,5
JPN,JAPAN,Fundings of start-ups,"By sector (energy, green, digital)",Energy and non-digital,Early stage,2019,128344808,USD,4
JPN,JAPAN,Fundings of start-ups,"By sector (energy, green, digital)",Energy and non-digital,Early stage,2020,14895278,USD,4
JPN,JAPAN,Probability to receive funding,"By sector (energy, green, digital)",Energy and non-digital,Early stage,2021,7.232704639,Percentage,318
JPN,JAPAN,Fundings of start-ups,"By sector (energy, green, digital)",Energy and non-digital,Early stage,2021,2827426.75,USD,1
JPN,JAPAN,Fundings of start-ups,"By sector (energy, green, digital)",Energy and non-digital,Early stage,2022,681182272,USD,4
JPN,JAPAN,Fundings of start-ups,"By sector (energy, green, digital)",Energy and non-digital,Early stage,2022,1.931506872,Years,318
JPN,JAPAN,Fundings of start-ups,"By sector (energy, green, digital)",Non-energy,Early stage,2000,69190800,USD,8
JPN,JAPAN,Fundings of start-ups,"By sector (energy, green, digital)",Non-energy,Early stage,2001,19351624,USD,4
JPN,JAPAN,Fundings of start-ups,"By sector (energy, green, digital)",Non-energy,Early stage,2002,50285020,USD,4
JPN,JAPAN,Fundings of start-ups,"By sector (energy, green, digital)",Non-energy,Early stage,2003,24874478,USD,8
JPN,JAPAN,Fundings of start-ups,"By sector (energy, green, digital)",Non-energy,Early stage,2004,10884760,USD,7
JPN,JAPAN,Fundings of start-ups,"By sector (energy, green, digital)",Non-energy,Early stage,2005,3319160.5,USD,5
JPN,JAPAN,Fundings of start-ups,"By sector (energy, green, digital)",Non-energy,Early stage,2006,32542036,USD,11
JPN,JAPAN,Fundings of start-ups,"By sector (energy, green, digital)",Non-energy,Early stage,2007,30412496,USD,9
JPN,JAPAN,Fundings of start-ups,"By sector (energy, green, digital)",Non-energy,Early stage,2008,45953480,USD,16
JPN,JAPAN,Fundings of start-ups,"By sector (energy, green, digital)",Non-energy,Early stage,2009,18748204,USD,22
JPN,JAPAN,Fundings of start-ups,"By sector (energy, green, digital)",Non-energy,Early stage,2010,103869456,USD,39
JPN,JAPAN,Fundings of start-ups,"By sector (energy, green, digital)",Non-energy,Early stage,2011,122970752,USD,55
JPN,JAPAN,Fundings of start-ups,"By sector (energy, green, digital)",Non-energy,Early stage,2012,193102320,USD,67
JPN,JAPAN,Fundings of start-ups,"By sector (energy, green, digital)",Non-energy,Early stage,2013,323545088,USD,131
JPN,JAPAN,Fundings of start-ups,"By sector (energy, green, digital)",Non-energy,Early stage,2014,450095968,USD,165
JPN,JAPAN,Fundings of start-ups,"By sector (energy, green, digital)",Non-energy,Early stage,2015,417816704,USD,169
JPN,JAPAN,Fundings of start-ups,"By sector (energy, green, digital)",Non-energy,Early stage,2016,924835072,USD,234
JPN,JAPAN,Fundings of start-ups,"By sector (energy, green, digital)",Non-energy,Early stage,2017,903140352,USD,307
JPN,JAPAN,Fundings of start-ups,"By sector (energy, green, digital)",Non-energy,Early stage,2018,1462131072,USD,368
JPN,JAPAN,Fundings of start-ups,"By sector (energy, green, digital)",Non-energy,Early stage,2019,1677765376,USD,361
JPN,JAPAN,Fundings of start-ups,"By sector (energy, green, digital)",Non-energy,Early stage,2020,2126992768,USD,380
JPN,JAPAN,Probability to receive funding,"By sector (energy, green, digital)",Non-energy,Early stage,2021,9.11357975,Percentage,17644
JPN,JAPAN,Fundings of start-ups,"By sector (energy, green, digital)",Non-energy,Early stage,2021,1515181952,USD,211
JPN,JAPAN,Fundings of start-ups,"By sector (energy, green, digital)",Non-energy,Early stage,2022,2.238013983,Years,17657
JPN,JAPAN,Fundings of start-ups,"By sector (energy, green, digital)",Non-energy,Early stage,2022,870517120,USD,50
JPN,JAPAN,Fundings of start-ups,"By sector (energy, green, digital)",Energy,Later stage,2014,12342451,USD,2
JPN,JAPAN,Fundings of start-ups,"By sector (energy, green, digital)",Energy,Later stage,2015,1982674.625,USD,1
JPN,JAPAN,Fundings of start-ups,"By sector (energy, green, digital)",Energy,Later stage,2016,1737898.25,USD,2
JPN,JAPAN,Fundings of start-ups,"By sector (energy, green, digital)",Energy,Later stage,2017,9103541,USD,4
JPN,JAPAN,Fundings of start-ups,"By sector (energy, green, digital)",Energy,Later stage,2018,95668856,USD,11
JPN,JAPAN,Fundings of start-ups,"By sector (energy, green, digital)",Energy,Later stage,2019,51320540,USD,4
JPN,JAPAN,Fundings of start-ups,"By sector (energy, green, digital)",Energy,Later stage,2020,259059344,USD,7
JPN,JAPAN,Probability to receive funding,"By sector (energy, green, digital)",Energy,Later stage,2021,12.67281151,Percentage,434
JPN,JAPAN,Fundings of start-ups,"By sector (energy, green, digital)",Energy,Later stage,2021,85228096,USD,4
JPN,JAPAN,Fundings of start-ups,"By sector (energy, green, digital)",Energy,Later stage,2022,5.051208019,Years,434
JPN,JAPAN,Fundings of start-ups,"By sector (energy, green, digital)",Energy and digital,Later stage,2014,574495.125,USD,1
JPN,JAPAN,Fundings of start-ups,"By sector (energy, green, digital)",Energy and digital,Later stage,2016,589279.5625,USD,1
JPN,JAPAN,Fundings of start-ups,"By sector (energy, green, digital)",Energy and digital,Later stage,2017,830394.125,USD,1
JPN,JAPAN,Fundings of start-ups,"By sector (energy, green, digital)",Energy and digital,Later stage,2018,25607812,USD,6
JPN,JAPAN,Fundings of start-ups,"By sector (energy, green, digital)",Energy and digital,Later stage,2019,1489882.875,USD,1
JPN,JAPAN,Fundings of start-ups,"By sector (energy, green, digital)",Energy and digital,Later stage,2020,18085356,USD,3
JPN,JAPAN,Probability to receive funding,"By sector (energy, green, digital)",Energy and digital,Later stage,2021,16.37931061,Percentage,116
JPN,JAPAN,Fundings of start-ups,"By sector (energy, green, digital)",Energy and digital,Later stage,2021,33778824,USD,3
JPN,JAPAN,Fundings of start-ups,"By sector (energy, green, digital)",Energy and digital,Later stage,2022,4.766690731,Years,116
JPN,JAPAN,Fundings of start-ups,"By sector (energy, green, digital)",Energy and non-digital,Later stage,2014,11767956,USD,1
JPN,JAPAN,Fundings of start-ups,"By sector (energy, green, digital)",Energy and non-digital,Later stage,2015,1982674.625,USD,1
JPN,JAPAN,Fundings of start-ups,"By sector (energy, green, digital)",Energy and non-digital,Later stage,2016,1148618.75,USD,1
JPN,JAPAN,Fundings of start-ups,"By sector (energy, green, digital)",Energy and non-digital,Later stage,2017,8273146.5,USD,3
JPN,JAPAN,Fundings of start-ups,"By sector (energy, green, digital)",Energy and non-digital,Later stage,2018,70061040,USD,5
JPN,JAPAN,Fundings of start-ups,"By sector (energy, green, digital)",Energy and non-digital,Later stage,2019,49830656,USD,3
JPN,JAPAN,Fundings of start-ups,"By sector (energy, green, digital)",Energy and non-digital,Later stage,2020,240973984,USD,4
JPN,JAPAN,Probability to receive funding,"By sector (energy, green, digital)",Energy and non-digital,Later stage,2021,11.320755,Percentage,318
JPN,JAPAN,Fundings of start-ups,"By sector (energy, green, digital)",Energy and non-digital,Later stage,2021,51449276,USD,1
JPN,JAPAN,Fundings of start-ups,"By sector (energy, green, digital)",Energy and non-digital,Later stage,2022,5.201369762,Years,318
JPN,JAPAN,Fundings of start-ups,"By sector (energy, green, digital)",Non-energy,Later stage,2000,4436060.5,USD,1
JPN,JAPAN,Fundings of start-ups,"By sector (energy, green, digital)",Non-energy,Later stage,2002,68811600,USD,2
JPN,JAPAN,Fundings of start-ups,"By sector (energy, green, digital)",Non-energy,Later stage,2003,4227692,USD,1
JPN,JAPAN,Fundings of start-ups,"By sector (energy, green, digital)",Non-energy,Later stage,2004,47024184,USD,3
JPN,JAPAN,Fundings of start-ups,"By sector (energy, green, digital)",Non-energy,Later stage,2005,3262249.5,USD,4
JPN,JAPAN,Fundings of start-ups,"By sector (energy, green, digital)",Non-energy,Later stage,2006,38442764,USD,4
JPN,JAPAN,Fundings of start-ups,"By sector (energy, green, digital)",Non-energy,Later stage,2007,9518109,USD,2
JPN,JAPAN,Fundings of start-ups,"By sector (energy, green, digital)",Non-energy,Later stage,2008,809430592,USD,6
JPN,JAPAN,Fundings of start-ups,"By sector (energy, green, digital)",Non-energy,Later stage,2009,45607852,USD,5
JPN,JAPAN,Fundings of start-ups,"By sector (energy, green, digital)",Non-energy,Later stage,2010,14924984,USD,8
JPN,JAPAN,Fundings of start-ups,"By sector (energy, green, digital)",Non-energy,Later stage,2011,41357056,USD,9
JPN,JAPAN,Fundings of start-ups,"By sector (energy, green, digital)",Non-energy,Later stage,2012,48750944,USD,14
JPN,JAPAN,Fundings of start-ups,"By sector (energy, green, digital)",Non-energy,Later stage,2013,46613248,USD,18
JPN,JAPAN,Fundings of start-ups,"By sector (energy, green, digital)",Non-energy,Later stage,2014,243726560,USD,47
JPN,JAPAN,Fundings of start-ups,"By sector (energy, green, digital)",Non-energy,Later stage,2015,514904352,USD,70
JPN,JAPAN,Fundings of start-ups,"By sector (energy, green, digital)",Non-energy,Later stage,2016,602074176,USD,88
JPN,JAPAN,Fundings of start-ups,"By sector (energy, green, digital)",Non-energy,Later stage,2017,762952768,USD,145
JPN,JAPAN,Fundings of start-ups,"By sector (energy, green, digital)",Non-energy,Later stage,2018,1540585088,USD,164
JPN,JAPAN,Fundings of start-ups,"By sector (energy, green, digital)",Non-energy,Later stage,2019,4162358528,USD,177
JPN,JAPAN,Fundings of start-ups,"By sector (energy, green, digital)",Non-energy,Later stage,2020,1848055936,USD,157
JPN,JAPAN,Fundings of start-ups,"By sector (energy, green, digital)",Non-energy,Later stage,2021,1624609920,USD,78
JPN,JAPAN,Probability to receive funding,"By sector (energy, green, digital)",Non-energy,Later stage,2021,8.06506443,Percentage,17644
JPN,JAPAN,Fundings of start-ups,"By sector (energy, green, digital)",Non-energy,Later stage,2022,765363904,USD,24
JPN,JAPAN,Fundings of start-ups,"By sector (energy, green, digital)",Non-energy,Later stage,2022,4.433163166,Years,17657
JPN,JAPAN,Fundings of start-ups,By technology,Electric mobility,all,2011,3563750,USD,1
JPN,JAPAN,Fundings of start-ups,By technology,Electric mobility,all,2013,206468.7969,USD,1
JPN,JAPAN,Fundings of start-ups,By technology,Electric mobility,all,2014,18828730,USD,3
JPN,JAPAN,Fundings of start-ups,By technology,Electric mobility,all,2017,928623.375,USD,1
JPN,JAPAN,Fundings of start-ups,By technology,Electric mobility,all,2018,46896848,USD,3
JPN,JAPAN,Fundings of start-ups,By technology,Electric mobility,all,2019,124090552,USD,2
JPN,JAPAN,Fundings of start-ups,By technology,Electric mobility,all,2020,186704576,USD,3
JPN,JAPAN,Fundings of start-ups,By technology,Electric mobility,all,2021,18892658,USD,2
JPN,JAPAN,Fundings of start-ups,By technology,Electric mobility,all,2022,7925336,USD,1
JPN,JAPAN,Fundings of start-ups,By technology,Energy efficiency,all,2014,1294475.125,USD,1
JPN,JAPAN,Fundings of start-ups,By technology,Energy efficiency,all,2015,6824261,USD,1.5
JPN,JAPAN,Fundings of start-ups,By technology,Energy efficiency,all,2016,4637117.5,USD,3
JPN,JAPAN,Fundings of start-ups,By technology,Energy efficiency,all,2017,7339298.5,USD,4.5
JPN,JAPAN,Fundings of start-ups,By technology,Energy efficiency,all,2018,17286558,USD,10
JPN,JAPAN,Fundings of start-ups,By technology,Energy efficiency,all,2019,10463566,USD,4
JPN,JAPAN,Fundings of start-ups,By technology,Energy efficiency,all,2020,3233975.75,USD,2.5
JPN,JAPAN,Fundings of start-ups,By technology,Energy efficiency,all,2021,22881566,USD,2
JPN,JAPAN,Fundings of start-ups,By technology,Grid,all,2014,287247.5625,USD,0.5
JPN,JAPAN,Fundings of start-ups,By technology,Grid,all,2017,2766678.5,USD,2
JPN,JAPAN,Fundings of start-ups,By technology,Grid,all,2018,2046433.5,USD,1
JPN,JAPAN,Fundings of start-ups,By technology,Grid,all,2019,5845578,USD,0.5
JPN,JAPAN,Fundings of start-ups,By technology,Grid,all,2020,7696272.5,USD,0.5
JPN,JAPAN,Fundings of start-ups,By technology,Grid,all,2021,5448628.5,USD,0.5
JPN,JAPAN,Fundings of start-ups,By technology,Other energy,all,2010,221017.4688,USD,1
JPN,JAPAN,Fundings of start-ups,By technology,Other energy,all,2014,15952647,USD,2.833333254
JPN,JAPAN,Fundings of start-ups,By technology,Other energy,all,2015,1530920.375,USD,0.75
JPN,JAPAN,Fundings of start-ups,By technology,Other energy,all,2016,10833133,USD,3.5
JPN,JAPAN,Fundings of start-ups,By technology,Other energy,all,2017,17173488,USD,3.916666746
JPN,JAPAN,Fundings of start-ups,By technology,Other energy,all,2018,38971856,USD,6.083333492
JPN,JAPAN,Fundings of start-ups,By technology,Other energy,all,2019,42080164,USD,2
JPN,JAPAN,Fundings of start-ups,By technology,Other energy,all,2020,42611684,USD,5.166666508
JPN,JAPAN,Fundings of start-ups,By technology,Other energy,all,2021,58311616,USD,2
JPN,JAPAN,Fundings of start-ups,By technology,Other energy,all,2022,238186192,USD,2.166666746
JPN,JAPAN,Fundings of start-ups,By technology,Other renewables,all,2012,495732.0938,USD,2
JPN,JAPAN,Fundings of start-ups,By technology,Other renewables,all,2014,3540490.75,USD,1.333333373
JPN,JAPAN,Fundings of start-ups,By technology,Other renewables,all,2015,563811.5625,USD,0.75
JPN,JAPAN,Fundings of start-ups,By technology,Other renewables,all,2016,8243967.5,USD,3
JPN,JAPAN,Fundings of start-ups,By technology,Other renewables,all,2017,7451062.5,USD,3.916666746
JPN,JAPAN,Fundings of start-ups,By technology,Other renewables,all,2018,18940258,USD,3.583333254
JPN,JAPAN,Fundings of start-ups,By technology,Other renewables,all,2019,15879098,USD,5
JPN,JAPAN,Fundings of start-ups,By technology,Other renewables,all,2020,36706632,USD,8.166666985
JPN,JAPAN,Fundings of start-ups,By technology,Other renewables,all,2021,2562522.25,USD,1.5
JPN,JAPAN,Fundings of start-ups,By technology,Other renewables,all,2022,255671456,USD,4.166666508
JPN,JAPAN,Fundings of start-ups,By technology,Solar,all,2010,221017.4688,USD,1
JPN,JAPAN,Fundings of start-ups,By technology,Solar,all,2014,1544244.125,USD,0.333333343
JPN,JAPAN,Fundings of start-ups,By technology,Solar,all,2015,991337.3125,USD,0.5
JPN,JAPAN,Fundings of start-ups,By technology,Solar,all,2017,1830268.625,USD,0.666666687
JPN,JAPAN,Fundings of start-ups,By technology,Solar,all,2018,10256453,USD,0.583333313
JPN,JAPAN,Fundings of start-ups,By technology,Solar,all,2020,19466608,USD,0.666666687
JPN,JAPAN,Fundings of start-ups,By technology,Solar,all,2022,205416320,USD,0.666666687
JPN,JAPAN,Fundings of start-ups,By technology,Wind,all,2015,24228.45508,USD,0.5
JPN,JAPAN,Fundings of start-ups,By technology,Wind,all,2016,420775.7188,USD,0.5
JPN,JAPAN,Fundings of start-ups,By technology,Wind,all,2018,1911947.125,USD,0.75
JPN,JAPAN,Fundings of start-ups,By technology,Wind,all,2019,2971532.5,USD,0.5
JPN,JAPAN,Probability to receive funding,By technology,Bioenergy,Early stage,2015,0,Percentage,1.833333373
JPN,JAPAN,Probability to receive funding,By technology,Bioenergy,Early stage,2016,0,Percentage,1.833333373
JPN,JAPAN,Probability to receive funding,By technology,Bioenergy,Early stage,2017,0,Percentage,1.833333373
JPN,JAPAN,Probability to receive funding,By technology,Bioenergy,Early stage,2018,0,Percentage,2.833333254
JPN,JAPAN,Probability to receive funding,By technology,Bioenergy,Early stage,2019,0,Percentage,2.833333254
JPN,JAPAN,Probability to receive funding,By technology,Bioenergy,Early stage,2020,0,Percentage,2.833333254
JPN,JAPAN,Probability to receive funding,By technology,Bioenergy,Early stage,2021,0,Percentage,2.833333254
JPN,JAPAN,Fundings of start-ups,By technology,Clean energy,Early stage,2010,442034.9375,USD,2
JPN,JAPAN,Fundings of start-ups,By technology,Clean energy,Early stage,2011,3563750,USD,1
JPN,JAPAN,Fundings of start-ups,By technology,Clean energy,Early stage,2012,495732.0938,USD,2
JPN,JAPAN,Fundings of start-ups,By technology,Clean energy,Early stage,2013,206468.7969,USD,1
JPN,JAPAN,Fundings of start-ups,By technology,Clean energy,Early stage,2014,13689752,USD,4
JPN,JAPAN,Fundings of start-ups,By technology,Clean energy,Early stage,2015,7951884.5,USD,3
JPN,JAPAN,Fundings of start-ups,By technology,Clean energy,Early stage,2016,11562035,USD,4
JPN,JAPAN,Fundings of start-ups,By technology,Clean energy,Early stage,2017,10254917,USD,5
JPN,JAPAN,Fundings of start-ups,By technology,Clean energy,Early stage,2018,30362486,USD,7
JPN,JAPAN,Fundings of start-ups,By technology,Clean energy,Early stage,2019,129345112,USD,6
JPN,JAPAN,Fundings of start-ups,By technology,Clean energy,Early stage,2020,27505528,USD,11
JPN,JAPAN,Fundings of start-ups,By technology,Clean energy,Early stage,2021,22868894,USD,4
JPN,JAPAN,Probability to receive funding,By technology,Clean energy,Early stage,2021,14.67889881,Percentage,218
JPN,JAPAN,Fundings of start-ups,By technology,Clean energy,Early stage,2022,693154112,USD,6
JPN,JAPAN,Fundings of start-ups,By technology,Clean energy,Early stage,2022,1.612928033,Years,218
JPN,JAPAN,Probability to receive funding,By technology,Electric mobility,Early stage,2015,18.86792374,Percentage,21.20000076
JPN,JAPAN,Probability to receive funding,By technology,Electric mobility,Early stage,2016,18.01801872,Percentage,22.20000076
JPN,JAPAN,Probability to receive funding,By technology,Electric mobility,Early stage,2017,17.24137878,Percentage,23.20000076
JPN,JAPAN,Probability to receive funding,By technology,Electric mobility,Early stage,2018,20.66115761,Percentage,24.20000076
JPN,JAPAN,Probability to receive funding,By technology,Electric mobility,Early stage,2019,19.84127045,Percentage,25.20000076
JPN,JAPAN,Probability to receive funding,By technology,Electric mobility,Early stage,2020,19.84127045,Percentage,25.20000076
JPN,JAPAN,Probability to receive funding,By technology,Electric mobility,Early stage,2021,19.08396912,Percentage,26.20000076
JPN,JAPAN,Fundings of start-ups,By technology,Electric mobility,Early stage,2022,1.426849365,Years,26.20000076
JPN,JAPAN,Probability to receive funding,By technology,Energy efficiency,Early stage,2015,8.928571701,Percentage,50.40000153
JPN,JAPAN,Probability to receive funding,By technology,Energy efficiency,Early stage,2016,12.17228508,Percentage,53.40000153
JPN,JAPAN,Probability to receive funding,By technology,Energy efficiency,Early stage,2017,14.68048382,Percentage,57.90000153
JPN,JAPAN,Probability to receive funding,By technology,Energy efficiency,Early stage,2018,15.1636076,Percentage,62.65000153
JPN,JAPAN,Probability to receive funding,By technology,Energy efficiency,Early stage,2019,15.46790409,Percentage,64.65000153
JPN,JAPAN,Probability to receive funding,By technology,Energy efficiency,Early stage,2020,15.23229218,Percentage,65.65000153
JPN,JAPAN,Probability to receive funding,By technology,Energy efficiency,Early stage,2021,14.78196621,Percentage,67.65000153
JPN,JAPAN,Fundings of start-ups,By technology,Energy efficiency,Early stage,2022,1.751643777,Years,67.65000153
JPN,JAPAN,Probability to receive funding,By technology,Energy storage and batteries,Early stage,2015,0,Percentage,14.98333359
JPN,JAPAN,Probability to receive funding,By technology,Energy storage and batteries,Early stage,2016,0,Percentage,14.98333359
JPN,JAPAN,Probability to receive funding,By technology,Energy storage and batteries,Early stage,2017,0,Percentage,16.81666756
JPN,JAPAN,Probability to receive funding,By technology,Energy storage and batteries,Early stage,2018,0,Percentage,16.81666756
JPN,JAPAN,Probability to receive funding,By technology,Energy storage and batteries,Early stage,2019,0,Percentage,16.81666756
JPN,JAPAN,Probability to receive funding,By technology,Energy storage and batteries,Early stage,2020,0,Percentage,17.81666756
JPN,JAPAN,Probability to receive funding,By technology,Energy storage and batteries,Early stage,2021,0,Percentage,17.81666756
JPN,JAPAN,Probability to receive funding,By technology,Fossil fuels,Early stage,2015,0,Percentage,19.25
JPN,JAPAN,Probability to receive funding,By technology,Fossil fuels,Early stage,2016,0,Percentage,19.25
JPN,JAPAN,Probability to receive funding,By technology,Fossil fuels,Early stage,2017,0,Percentage,19.75
JPN,JAPAN,Probability to receive funding,By technology,Fossil fuels,Early stage,2018,0,Percentage,20
JPN,JAPAN,Probability to receive funding,By technology,Fossil fuels,Early stage,2019,0,Percentage,21.5
JPN,JAPAN,Probability to receive funding,By technology,Fossil fuels,Early stage,2020,0,Percentage,22
JPN,JAPAN,Probability to receive funding,By technology,Fossil fuels,Early stage,2021,0,Percentage,22
JPN,JAPAN,Probability to receive funding,By technology,Grid,Early stage,2015,7.03125,Percentage,21.33333397
JPN,JAPAN,Probability to receive funding,By technology,Grid,Early stage,2016,6.666666508,Percentage,22.5
JPN,JAPAN,Probability to receive funding,By technology,Grid,Early stage,2017,8.333333015,Percentage,24
JPN,JAPAN,Probability to receive funding,By technology,Grid,Early stage,2018,8,Percentage,25
JPN,JAPAN,Probability to receive funding,By technology,Grid,Early stage,2019,8,Percentage,25
JPN,JAPAN,Probability to receive funding,By technology,Grid,Early stage,2020,7.766990185,Percentage,25.75
JPN,JAPAN,Probability to receive funding,By technology,Grid,Early stage,2021,7.766990185,Percentage,25.75
JPN,JAPAN,Fundings of start-ups,By technology,Grid,Early stage,2022,3.12054801,Years,25.75
JPN,JAPAN,Probability to receive funding,By technology,Hydrogen and fuel cells,Early stage,2015,0,Percentage,2.25
JPN,JAPAN,Probability to receive funding,By technology,Hydrogen and fuel cells,Early stage,2016,0,Percentage,2.583333254
JPN,JAPAN,Probability to receive funding,By technology,Hydrogen and fuel cells,Early stage,2017,0,Percentage,2.583333254
JPN,JAPAN,Probability to receive funding,By technology,Hydrogen and fuel cells,Early stage,2018,0,Percentage,3.083333254
JPN,JAPAN,Probability to receive funding,By technology,Hydrogen and fuel cells,Early stage,2019,0,Percentage,3.083333254
JPN,JAPAN,Probability to receive funding,By technology,Hydrogen and fuel cells,Early stage,2020,0,Percentage,3.583333254
JPN,JAPAN,Probability to receive funding,By technology,Hydrogen and fuel cells,Early stage,2021,0,Percentage,3.583333254
JPN,JAPAN,Fundings of start-ups,By technology,Non-clean energy,Early stage,2014,15415630,USD,3
JPN,JAPAN,Fundings of start-ups,By technology,Non-clean energy,Early stage,2016,9667477,USD,3
JPN,JAPAN,Fundings of start-ups,By technology,Non-clean energy,Early stage,2017,16320453,USD,5
JPN,JAPAN,Fundings of start-ups,By technology,Non-clean energy,Early stage,2018,10279012,USD,7
JPN,JAPAN,Fundings of start-ups,By technology,Non-clean energy,Early stage,2019,19034738,USD,3
JPN,JAPAN,Fundings of start-ups,By technology,Non-clean energy,Early stage,2020,7703365.5,USD,1
JPN,JAPAN,Fundings of start-ups,By technology,Non-clean energy,Early stage,2021,15434.78223,USD,1
JPN,JAPAN,Probability to receive funding,By technology,Non-clean energy,Early stage,2021,6.944444656,Percentage,216
JPN,JAPAN,Fundings of start-ups,By technology,Non-clean energy,Early stage,2022,3.151415586,Years,216
JPN,JAPAN,Probability to receive funding,By technology,Nuclear,Early stage,2015,0,Percentage,1.166666627
JPN,JAPAN,Probability to receive funding,By technology,Nuclear,Early stage,2016,0,Percentage,1.166666627
JPN,JAPAN,Probability to receive funding,By technology,Nuclear,Early stage,2017,0,Percentage,1.166666627
JPN,JAPAN,Probability to receive funding,By technology,Nuclear,Early stage,2018,0,Percentage,1.166666627
JPN,JAPAN,Probability to receive funding,By technology,Nuclear,Early stage,2019,0,Percentage,1.166666627
JPN,JAPAN,Probability to receive funding,By technology,Nuclear,Early stage,2020,0,Percentage,1.166666627
JPN,JAPAN,Probability to receive funding,By technology,Nuclear,Early stage,2021,30,Percentage,1.666666627
JPN,JAPAN,Probability to receive funding,By technology,Other energy,Early stage,2015,3.54828763,Percentage,108.0333328
JPN,JAPAN,Probability to receive funding,By technology,Other energy,Early stage,2016,3.322739124,Percentage,115.3666687
JPN,JAPAN,Probability to receive funding,By technology,Other energy,Early stage,2017,5.032644272,Percentage,122.5333328
JPN,JAPAN,Probability to receive funding,By technology,Other energy,Early stage,2018,6.232511044,Percentage,131.0333405
JPN,JAPAN,Probability to receive funding,By technology,Other energy,Early stage,2019,7.699829102,Percentage,136.3666687
JPN,JAPAN,Probability to receive funding,By technology,Other energy,Early stage,2020,7.574846745,Percentage,138.6166687
JPN,JAPAN,Probability to receive funding,By technology,Other energy,Early stage,2021,8.564291954,Percentage,140.1166687
JPN,JAPAN,Fundings of start-ups,By technology,Other energy,Early stage,2022,1.891152978,Years,140.1166687
JPN,JAPAN,Probability to receive funding,By technology,Other renewables,Early stage,2015,9.46922493,Percentage,66.8833313
JPN,JAPAN,Probability to receive funding,By technology,Other renewables,Early stage,2016,8.74971199,Percentage,72.3833313
JPN,JAPAN,Probability to receive funding,By technology,Other renewables,Early stage,2017,11.5231514,Percentage,79.55000305
JPN,JAPAN,Probability to receive funding,By technology,Other renewables,Early stage,2018,13.12953186,Percentage,85.05000305
JPN,JAPAN,Probability to receive funding,By technology,Other renewables,Early stage,2019,14.96259308,Percentage,86.8833313
JPN,JAPAN,Probability to receive funding,By technology,Other renewables,Early stage,2020,14.79233837,Percentage,87.8833313
JPN,JAPAN,Probability to receive funding,By technology,Other renewables,Early stage,2021,15.75098419,Percentage,88.8833313
JPN,JAPAN,Fundings of start-ups,By technology,Other renewables,Early stage,2022,1.794569492,Years,88.8833313
JPN,JAPAN,Probability to receive funding,By technology,Solar,Early stage,2015,3.939393997,Percentage,27.5
JPN,JAPAN,Probability to receive funding,By technology,Solar,Early stage,2016,3.846153736,Percentage,28.16666603
JPN,JAPAN,Probability to receive funding,By technology,Solar,Early stage,2017,4.970760345,Percentage,28.5
JPN,JAPAN,Probability to receive funding,By technology,Solar,Early stage,2018,4.761904716,Percentage,29.75
JPN,JAPAN,Probability to receive funding,By technology,Solar,Early stage,2019,5.817174435,Percentage,30.08333397
JPN,JAPAN,Probability to receive funding,By technology,Solar,Early stage,2020,5.817174435,Percentage,30.08333397
JPN,JAPAN,Probability to receive funding,By technology,Solar,Early stage,2021,5.817174435,Percentage,30.08333397
JPN,JAPAN,Fundings of start-ups,By technology,Solar,Early stage,2022,2.304892302,Years,30.08333397
JPN,JAPAN,Probability to receive funding,By technology,Wind,Early stage,2015,34.61538315,Percentage,2.166666746
JPN,JAPAN,Probability to receive funding,By technology,Wind,Early stage,2016,34.61538315,Percentage,2.166666746
JPN,JAPAN,Probability to receive funding,By technology,Wind,Early stage,2017,34.61538315,Percentage,2.166666746
JPN,JAPAN,Probability to receive funding,By technology,Wind,Early stage,2018,31.03448296,Percentage,2.416666746
JPN,JAPAN,Probability to receive funding,By technology,Wind,Early stage,2019,31.03448296,Percentage,2.416666746
JPN,JAPAN,Probability to receive funding,By technology,Wind,Early stage,2020,31.03448296,Percentage,2.416666746
JPN,JAPAN,Probability to receive funding,By technology,Wind,Early stage,2021,31.03448296,Percentage,2.416666746
JPN,JAPAN,Probability to receive funding,By technology,Bioenergy,Later stage,2015,27.27272797,Percentage,1.833333373
JPN,JAPAN,Probability to receive funding,By technology,Bioenergy,Later stage,2016,27.27272797,Percentage,1.833333373
JPN,JAPAN,Probability to receive funding,By technology,Bioenergy,Later stage,2017,27.27272797,Percentage,1.833333373
JPN,JAPAN,Probability to receive funding,By technology,Bioenergy,Later stage,2018,17.64705849,Percentage,2.833333254
JPN,JAPAN,Probability to receive funding,By technology,Bioenergy,Later stage,2019,17.64705849,Percentage,2.833333254
JPN,JAPAN,Probability to receive funding,By technology,Bioenergy,Later stage,2020,17.64705849,Percentage,2.833333254
JPN,JAPAN,Probability to receive funding,By technology,Bioenergy,Later stage,2021,17.64705849,Percentage,2.833333254
JPN,JAPAN,Fundings of start-ups,By technology,Clean energy,Later stage,2014,11767956,USD,1
JPN,JAPAN,Fundings of start-ups,By technology,Clean energy,Later stage,2015,1982674.625,USD,1
JPN,JAPAN,Fundings of start-ups,By technology,Clean energy,Later stage,2016,1737898.25,USD,2
JPN,JAPAN,Fundings of start-ups,By technology,Clean energy,Later stage,2017,8273146.5,USD,3
JPN,JAPAN,Fundings of start-ups,By technology,Clean energy,Later stage,2018,71804752,USD,7
JPN,JAPAN,Fundings of start-ups,By technology,Clean energy,Later stage,2019,13968413,USD,2
JPN,JAPAN,Fundings of start-ups,By technology,Clean energy,Later stage,2020,240973984,USD,4
JPN,JAPAN,Probability to receive funding,By technology,Clean energy,Later stage,2021,16.51376152,Percentage,218
JPN,JAPAN,Fundings of start-ups,By technology,Clean energy,Later stage,2022,5.110502243,Years,218
JPN,JAPAN,Probability to receive funding,By technology,Electric mobility,Later stage,2015,18.86792374,Percentage,21.20000076
JPN,JAPAN,Probability to receive funding,By technology,Electric mobility,Later stage,2016,18.01801872,Percentage,22.20000076
JPN,JAPAN,Probability to receive funding,By technology,Electric mobility,Later stage,2017,17.24137878,Percentage,23.20000076
JPN,JAPAN,Probability to receive funding,By technology,Electric mobility,Later stage,2018,16.52892494,Percentage,24.20000076
JPN,JAPAN,Probability to receive funding,By technology,Electric mobility,Later stage,2019,19.84127045,Percentage,25.20000076
JPN,JAPAN,Probability to receive funding,By technology,Electric mobility,Later stage,2020,19.84127045,Percentage,25.20000076
JPN,JAPAN,Probability to receive funding,By technology,Electric mobility,Later stage,2021,19.08396912,Percentage,26.20000076
JPN,JAPAN,Fundings of start-ups,By technology,Electric mobility,Later stage,2022,3.421369791,Years,26.20000076
JPN,JAPAN,Probability to receive funding,By technology,Energy efficiency,Later stage,2015,15.8730154,Percentage,50.40000153
JPN,JAPAN,Probability to receive funding,By technology,Energy efficiency,Later stage,2016,18.72659111,Percentage,53.40000153
JPN,JAPAN,Probability to receive funding,By technology,Energy efficiency,Later stage,2017,20.72538948,Percentage,57.90000153
JPN,JAPAN,Probability to receive funding,By technology,Energy efficiency,Later stage,2018,19.55307198,Percentage,62.65000153
JPN,JAPAN,Probability to receive funding,By technology,Energy efficiency,Later stage,2019,18.94818306,Percentage,64.65000153
JPN,JAPAN,Probability to receive funding,By technology,Energy efficiency,Later stage,2020,18.65955734,Percentage,65.65000153
JPN,JAPAN,Probability to receive funding,By technology,Energy efficiency,Later stage,2021,18.10790825,Percentage,67.65000153
JPN,JAPAN,Fundings of start-ups,By technology,Energy efficiency,Later stage,2022,5.870002747,Years,67.65000153
JPN,JAPAN,Probability to receive funding,By technology,Energy storage and batteries,Later stage,2015,12.23581791,Percentage,14.98333359
JPN,JAPAN,Probability to receive funding,By technology,Energy storage and batteries,Later stage,2016,12.23581791,Percentage,14.98333359
JPN,JAPAN,Probability to receive funding,By technology,Energy storage and batteries,Later stage,2017,10.90188313,Percentage,16.81666756
JPN,JAPAN,Probability to receive funding,By technology,Energy storage and batteries,Later stage,2018,10.90188313,Percentage,16.81666756
JPN,JAPAN,Probability to receive funding,By technology,Energy storage and batteries,Later stage,2019,10.90188313,Percentage,16.81666756
JPN,JAPAN,Probability to receive funding,By technology,Energy storage and batteries,Later stage,2020,10.28999043,Percentage,17.81666756
JPN,JAPAN,Probability to receive funding,By technology,Energy storage and batteries,Later stage,2021,10.28999043,Percentage,17.81666756
JPN,JAPAN,Probability to receive funding,By technology,Fossil fuels,Later stage,2015,7.792207718,Percentage,19.25
JPN,JAPAN,Probability to receive funding,By technology,Fossil fuels,Later stage,2016,7.792207718,Percentage,19.25
JPN,JAPAN,Probability to receive funding,By technology,Fossil fuels,Later stage,2017,7.594936848,Percentage,19.75
JPN,JAPAN,Probability to receive funding,By technology,Fossil fuels,Later stage,2018,7.5,Percentage,20
JPN,JAPAN,Probability to receive funding,By technology,Fossil fuels,Later stage,2019,6.976744175,Percentage,21.5
JPN,JAPAN,Probability to receive funding,By technology,Fossil fuels,Later stage,2020,6.818181992,Percentage,22
JPN,JAPAN,Probability to receive funding,By technology,Fossil fuels,Later stage,2021,6.818181992,Percentage,22
JPN,JAPAN,Probability to receive funding,By technology,Grid,Later stage,2015,13.28125,Percentage,21.33333397
JPN,JAPAN,Probability to receive funding,By technology,Grid,Later stage,2016,12.59259224,Percentage,22.5
JPN,JAPAN,Probability to receive funding,By technology,Grid,Later stage,2017,11.80555534,Percentage,24
JPN,JAPAN,Probability to receive funding,By technology,Grid,Later stage,2018,11.33333302,Percentage,25
JPN,JAPAN,Probability to receive funding,By technology,Grid,Later stage,2019,11.33333302,Percentage,25
JPN,JAPAN,Probability to receive funding,By technology,Grid,Later stage,2020,11.97410965,Percentage,25.75
JPN,JAPAN,Probability to receive funding,By technology,Grid,Later stage,2021,11.97410965,Percentage,25.75
JPN,JAPAN,Fundings of start-ups,By technology,Grid,Later stage,2022,6.149796486,Years,25.75
JPN,JAPAN,Probability to receive funding,By technology,Hydrogen and fuel cells,Later stage,2015,0,Percentage,2.25
JPN,JAPAN,Probability to receive funding,By technology,Hydrogen and fuel cells,Later stage,2016,0,Percentage,2.583333254
JPN,JAPAN,Probability to receive funding,By technology,Hydrogen and fuel cells,Later stage,2017,0,Percentage,2.583333254
JPN,JAPAN,Probability to receive funding,By technology,Hydrogen and fuel cells,Later stage,2018,0,Percentage,3.083333254
JPN,JAPAN,Probability to receive funding,By technology,Hydrogen and fuel cells,Later stage,2019,0,Percentage,3.083333254
JPN,JAPAN,Probability to receive funding,By technology,Hydrogen and fuel cells,Later stage,2020,0,Percentage,3.583333254
JPN,JAPAN,Probability to receive funding,By technology,Hydrogen and fuel cells,Later stage,2021,0,Percentage,3.583333254
JPN,JAPAN,Fundings of start-ups,By technology,Non-clean energy,Later stage,2014,574495.125,USD,1
JPN,JAPAN,Fundings of start-ups,By technology,Non-clean energy,Later stage,2017,830394.125,USD,1
JPN,JAPAN,Fundings of start-ups,By technology,Non-clean energy,Later stage,2018,23864102,USD,4
JPN,JAPAN,Fundings of start-ups,By technology,Non-clean energy,Later stage,2019,37352128,USD,2
JPN,JAPAN,Fundings of start-ups,By technology,Non-clean energy,Later stage,2020,18085356,USD,3
JPN,JAPAN,Probability to receive funding,By technology,Non-clean energy,Later stage,2021,8.79629612,Percentage,216
JPN,JAPAN,Fundings of start-ups,By technology,Non-clean energy,Later stage,2021,85228096,USD,4
JPN,JAPAN,Fundings of start-ups,By technology,Non-clean energy,Later stage,2022,4.938860893,Years,216
JPN,JAPAN,Probability to receive funding,By technology,Nuclear,Later stage,2015,0,Percentage,1.166666627
JPN,JAPAN,Probability to receive funding,By technology,Nuclear,Later stage,2016,0,Percentage,1.166666627
JPN,JAPAN,Probability to receive funding,By technology,Nuclear,Later stage,2017,0,Percentage,1.166666627
JPN,JAPAN,Probability to receive funding,By technology,Nuclear,Later stage,2018,0,Percentage,1.166666627
JPN,JAPAN,Probability to receive funding,By technology,Nuclear,Later stage,2019,0,Percentage,1.166666627
JPN,JAPAN,Probability to receive funding,By technology,Nuclear,Later stage,2020,0,Percentage,1.166666627
JPN,JAPAN,Probability to receive funding,By technology,Nuclear,Later stage,2021,0,Percentage,1.666666627
JPN,JAPAN,Probability to receive funding,By technology,Other energy,Later stage,2015,7.79080534,Percentage,108.0333328
JPN,JAPAN,Probability to receive funding,By technology,Other energy,Later stage,2016,7.295579433,Percentage,115.3666687
JPN,JAPAN,Probability to receive funding,By technology,Other energy,Later stage,2017,6.868879318,Percentage,122.5333328
JPN,JAPAN,Probability to receive funding,By technology,Other energy,Later stage,2018,8.522004128,Percentage,131.0333405
JPN,JAPAN,Probability to receive funding,By technology,Other energy,Later stage,2019,8.188707352,Percentage,136.3666687
JPN,JAPAN,Probability to receive funding,By technology,Other energy,Later stage,2020,8.236143112,Percentage,138.6166687
JPN,JAPAN,Probability to receive funding,By technology,Other energy,Later stage,2021,8.147972107,Percentage,140.1166687
JPN,JAPAN,Fundings of start-ups,By technology,Other energy,Later stage,2022,4.737406254,Years,140.1166687
JPN,JAPAN,Probability to receive funding,By technology,Other renewables,Later stage,2015,18.06628418,Percentage,66.8833313
JPN,JAPAN,Probability to receive funding,By technology,Other renewables,Later stage,2016,19.45659637,Percentage,72.3833313
JPN,JAPAN,Probability to receive funding,By technology,Other renewables,Later stage,2017,18.96082115,Percentage,79.55000305
JPN,JAPAN,Probability to receive funding,By technology,Other renewables,Later stage,2018,17.73466682,Percentage,85.05000305
JPN,JAPAN,Probability to receive funding,By technology,Other renewables,Later stage,2019,17.36044502,Percentage,86.8833313
JPN,JAPAN,Probability to receive funding,By technology,Other renewables,Later stage,2020,17.73184204,Percentage,87.8833313
JPN,JAPAN,Probability to receive funding,By technology,Other renewables,Later stage,2021,17.53234482,Percentage,88.8833313
JPN,JAPAN,Fundings of start-ups,By technology,Other renewables,Later stage,2022,5.154669762,Years,88.8833313
JPN,JAPAN,Probability to receive funding,By technology,Solar,Later stage,2015,8.484848022,Percentage,27.5
JPN,JAPAN,Probability to receive funding,By technology,Solar,Later stage,2016,8.284023285,Percentage,28.16666603
JPN,JAPAN,Probability to receive funding,By technology,Solar,Later stage,2017,8.187134743,Percentage,28.5
JPN,JAPAN,Probability to receive funding,By technology,Solar,Later stage,2018,10.36414528,Percentage,29.75
JPN,JAPAN,Probability to receive funding,By technology,Solar,Later stage,2019,10.24930763,Percentage,30.08333397
JPN,JAPAN,Probability to receive funding,By technology,Solar,Later stage,2020,10.24930763,Percentage,30.08333397
JPN,JAPAN,Probability to receive funding,By technology,Solar,Later stage,2021,10.24930763,Percentage,30.08333397
JPN,JAPAN,Fundings of start-ups,By technology,Solar,Later stage,2022,4.292558193,Years,30.08333397
JPN,JAPAN,Probability to receive funding,By technology,Wind,Later stage,2015,23.07692337,Percentage,2.166666746
JPN,JAPAN,Probability to receive funding,By technology,Wind,Later stage,2016,23.07692337,Percentage,2.166666746
JPN,JAPAN,Probability to receive funding,By technology,Wind,Later stage,2017,23.07692337,Percentage,2.166666746
JPN,JAPAN,Probability to receive funding,By technology,Wind,Later stage,2018,31.03448296,Percentage,2.416666746
JPN,JAPAN,Probability to receive funding,By technology,Wind,Later stage,2019,31.03448296,Percentage,2.416666746
JPN,JAPAN,Probability to receive funding,By technology,Wind,Later stage,2020,31.03448296,Percentage,2.416666746
JPN,JAPAN,Probability to receive funding,By technology,Wind,Later stage,2021,31.03448296,Percentage,2.416666746
JEY,JERSEY,Probability to receive funding,"By sector (energy, green, digital)",Energy,Early stage,2021,0,Percentage,5
JEY,JERSEY,Probability to receive funding,"By sector (energy, green, digital)",Energy and non-digital,Early stage,2021,0,Percentage,5
JEY,JERSEY,Fundings of start-ups,"By sector (energy, green, digital)",Non-energy,Early stage,2012,3146591,USD,1
JEY,JERSEY,Fundings of start-ups,"By sector (energy, green, digital)",Non-energy,Early stage,2016,1850112.25,USD,1
JEY,JERSEY,Fundings of start-ups,"By sector (energy, green, digital)",Non-energy,Early stage,2021,25724638,USD,1
JEY,JERSEY,Probability to receive funding,"By sector (energy, green, digital)",Non-energy,Early stage,2021,3.030303001,Percentage,99
JEY,JERSEY,Fundings of start-ups,"By sector (energy, green, digital)",Non-energy,Early stage,2022,2.820091248,Years,99
JEY,JERSEY,Probability to receive funding,"By sector (energy, green, digital)",Energy,Later stage,2021,20,Percentage,5
JEY,JERSEY,Fundings of start-ups,"By sector (energy, green, digital)",Energy,Later stage,2022,2.95616436,Years,5
JEY,JERSEY,Probability to receive funding,"By sector (energy, green, digital)",Energy and non-digital,Later stage,2021,20,Percentage,5
JEY,JERSEY,Fundings of start-ups,"By sector (energy, green, digital)",Energy and non-digital,Later stage,2022,2.95616436,Years,5
JEY,JERSEY,Fundings of start-ups,"By sector (energy, green, digital)",Non-energy,Later stage,2016,23152174,USD,1
JEY,JERSEY,Probability to receive funding,"By sector (energy, green, digital)",Non-energy,Later stage,2021,4.040403843,Percentage,99
JEY,JERSEY,Fundings of start-ups,"By sector (energy, green, digital)",Non-energy,Later stage,2022,3.991780758,Years,99
JEY,JERSEY,Probability to receive funding,By technology,Clean energy,Early stage,2021,0,Percentage,2
JEY,JERSEY,Probability to receive funding,By technology,Energy storage and batteries,Early stage,2015,0,Percentage,0.25
JEY,JERSEY,Probability to receive funding,By technology,Energy storage and batteries,Early stage,2016,0,Percentage,0.25
JEY,JERSEY,Probability to receive funding,By technology,Energy storage and batteries,Early stage,2017,0,Percentage,0.25
JEY,JERSEY,Probability to receive funding,By technology,Energy storage and batteries,Early stage,2018,0,Percentage,0.25
JEY,JERSEY,Probability to receive funding,By technology,Energy storage and batteries,Early stage,2019,0,Percentage,0.25
JEY,JERSEY,Probability to receive funding,By technology,Energy storage and batteries,Early stage,2020,0,Percentage,0.25
JEY,JERSEY,Probability to receive funding,By technology,Energy storage and batteries,Early stage,2021,0,Percentage,0.25
JEY,JERSEY,Probability to receive funding,By technology,Fossil fuels,Early stage,2015,0,Percentage,3
JEY,JERSEY,Probability to receive funding,By technology,Fossil fuels,Early stage,2016,0,Percentage,3
JEY,JERSEY,Probability to receive funding,By technology,Fossil fuels,Early stage,2017,0,Percentage,3
JEY,JERSEY,Probability to receive funding,By technology,Fossil fuels,Early stage,2018,0,Percentage,3
JEY,JERSEY,Probability to receive funding,By technology,Fossil fuels,Early stage,2019,0,Percentage,3
JEY,JERSEY,Probability to receive funding,By technology,Fossil fuels,Early stage,2020,0,Percentage,3
JEY,JERSEY,Probability to receive funding,By technology,Fossil fuels,Early stage,2021,0,Percentage,3
JEY,JERSEY,Probability to receive funding,By technology,Non-clean energy,Early stage,2021,0,Percentage,3
JEY,JERSEY,Probability to receive funding,By technology,Other energy,Early stage,2015,0,Percentage,0.25
JEY,JERSEY,Probability to receive funding,By technology,Other energy,Early stage,2016,0,Percentage,0.25
JEY,JERSEY,Probability to receive funding,By technology,Other energy,Early stage,2017,0,Percentage,0.25
JEY,JERSEY,Probability to receive funding,By technology,Other energy,Early stage,2018,0,Percentage,0.25
JEY,JERSEY,Probability to receive funding,By technology,Other energy,Early stage,2019,0,Percentage,0.25
JEY,JERSEY,Probability to receive funding,By technology,Other energy,Early stage,2020,0,Percentage,0.25
JEY,JERSEY,Probability to receive funding,By technology,Other energy,Early stage,2021,0,Percentage,0.25
JEY,JERSEY,Probability to receive funding,By technology,Other renewables,Early stage,2015,0,Percentage,0.25
JEY,JERSEY,Probability to receive funding,By technology,Other renewables,Early stage,2016,0,Percentage,0.25
JEY,JERSEY,Probability to receive funding,By technology,Other renewables,Early stage,2017,0,Percentage,0.25
JEY,JERSEY,Probability to receive funding,By technology,Other renewables,Early stage,2018,0,Percentage,0.25
JEY,JERSEY,Probability to receive funding,By technology,Other renewables,Early stage,2019,0,Percentage,0.25
JEY,JERSEY,Probability to receive funding,By technology,Other renewables,Early stage,2020,0,Percentage,0.25
JEY,JERSEY,Probability to receive funding,By technology,Other renewables,Early stage,2021,0,Percentage,0.25
JEY,JERSEY,Probability to receive funding,By technology,Solar,Early stage,2015,0,Percentage,0.25
JEY,JERSEY,Probability to receive funding,By technology,Solar,Early stage,2016,0,Percentage,0.25
JEY,JERSEY,Probability to receive funding,By technology,Solar,Early stage,2017,0,Percentage,0.25
JEY,JERSEY,Probability to receive funding,By technology,Solar,Early stage,2018,0,Percentage,0.25
JEY,JERSEY,Probability to receive funding,By technology,Solar,Early stage,2019,0,Percentage,0.25
JEY,JERSEY,Probability to receive funding,By technology,Solar,Early stage,2020,0,Percentage,0.25
JEY,JERSEY,Probability to receive funding,By technology,Solar,Early stage,2021,0,Percentage,0.25
JEY,JERSEY,Probability to receive funding,By technology,Clean energy,Later stage,2021,50,Percentage,2
JEY,JERSEY,Fundings of start-ups,By technology,Clean energy,Later stage,2022,2.95616436,Years,2
JEY,JERSEY,Probability to receive funding,By technology,Energy storage and batteries,Later stage,2015,100,Percentage,0.25
JEY,JERSEY,Probability to receive funding,By technology,Energy storage and batteries,Later stage,2016,100,Percentage,0.25
JEY,JERSEY,Probability to receive funding,By technology,Energy storage and batteries,Later stage,2017,100,Percentage,0.25
JEY,JERSEY,Probability to receive funding,By technology,Energy storage and batteries,Later stage,2018,100,Percentage,0.25
JEY,JERSEY,Probability to receive funding,By technology,Energy storage and batteries,Later stage,2019,100,Percentage,0.25
JEY,JERSEY,Probability to receive funding,By technology,Energy storage and batteries,Later stage,2020,100,Percentage,0.25
JEY,JERSEY,Probability to receive funding,By technology,Energy storage and batteries,Later stage,2021,100,Percentage,0.25
JEY,JERSEY,Probability to receive funding,By technology,Fossil fuels,Later stage,2015,0,Percentage,3
JEY,JERSEY,Probability to receive funding,By technology,Fossil fuels,Later stage,2016,0,Percentage,3
JEY,JERSEY,Probability to receive funding,By technology,Fossil fuels,Later stage,2017,0,Percentage,3
JEY,JERSEY,Probability to receive funding,By technology,Fossil fuels,Later stage,2018,0,Percentage,3
JEY,JERSEY,Probability to receive funding,By technology,Fossil fuels,Later stage,2019,0,Percentage,3
JEY,JERSEY,Probability to receive funding,By technology,Fossil fuels,Later stage,2020,0,Percentage,3
JEY,JERSEY,Probability to receive funding,By technology,Fossil fuels,Later stage,2021,0,Percentage,3
JEY,JERSEY,Probability to receive funding,By technology,Non-clean energy,Later stage,2021,0,Percentage,3
JEY,JERSEY,Probability to receive funding,By technology,Other energy,Later stage,2015,100,Percentage,0.25
JEY,JERSEY,Probability to receive funding,By technology,Other energy,Later stage,2016,100,Percentage,0.25
JEY,JERSEY,Probability to receive funding,By technology,Other energy,Later stage,2017,100,Percentage,0.25
JEY,JERSEY,Probability to receive funding,By technology,Other energy,Later stage,2018,100,Percentage,0.25
JEY,JERSEY,Probability to receive funding,By technology,Other energy,Later stage,2019,100,Percentage,0.25
JEY,JERSEY,Probability to receive funding,By technology,Other energy,Later stage,2020,100,Percentage,0.25
JEY,JERSEY,Probability to receive funding,By technology,Other energy,Later stage,2021,100,Percentage,0.25
JEY,JERSEY,Probability to receive funding,By technology,Other renewables,Later stage,2015,100,Percentage,0.25
JEY,JERSEY,Probability to receive funding,By technology,Other renewables,Later stage,2016,100,Percentage,0.25
JEY,JERSEY,Probability to receive funding,By technology,Other renewables,Later stage,2017,100,Percentage,0.25
JEY,JERSEY,Probability to receive funding,By technology,Other renewables,Later stage,2018,100,Percentage,0.25
JEY,JERSEY,Probability to receive funding,By technology,Other renewables,Later stage,2019,100,Percentage,0.25
JEY,JERSEY,Probability to receive funding,By technology,Other renewables,Later stage,2020,100,Percentage,0.25
JEY,JERSEY,Probability to receive funding,By technology,Other renewables,Later stage,2021,100,Percentage,0.25
JEY,JERSEY,Probability to receive funding,By technology,Solar,Later stage,2015,100,Percentage,0.25
JEY,JERSEY,Probability to receive funding,By technology,Solar,Later stage,2016,100,Percentage,0.25
JEY,JERSEY,Probability to receive funding,By technology,Solar,Later stage,2017,100,Percentage,0.25
JEY,JERSEY,Probability to receive funding,By technology,Solar,Later stage,2018,100,Percentage,0.25
JEY,JERSEY,Probability to receive funding,By technology,Solar,Later stage,2019,100,Percentage,0.25
JEY,JERSEY,Probability to receive funding,By technology,Solar,Later stage,2020,100,Percentage,0.25
JEY,JERSEY,Probability to receive funding,By technology,Solar,Later stage,2021,100,Percentage,0.25
JOR,JORDAN,Fundings of start-ups,"By sector (energy, green, digital)",Energy,Early stage,2021,3395652.25,USD,1
JOR,JORDAN,Probability to receive funding,"By sector (energy, green, digital)",Energy,Early stage,2021,25,Percentage,8
JOR,JORDAN,Fundings of start-ups,"By sector (energy, green, digital)",Energy,Early stage,2022,2.754794598,Years,8
JOR,JORDAN,Probability to receive funding,"By sector (energy, green, digital)",Energy and digital,Early stage,2021,100,Percentage,2
JOR,JORDAN,Fundings of start-ups,"By sector (energy, green, digital)",Energy and digital,Early stage,2021,3395652.25,USD,1
JOR,JORDAN,Fundings of start-ups,"By sector (energy, green, digital)",Energy and digital,Early stage,2022,2.754794598,Years,2
JOR,JORDAN,Probability to receive funding,"By sector (energy, green, digital)",Energy and non-digital,Early stage,2021,0,Percentage,6
JOR,JORDAN,Fundings of start-ups,"By sector (energy, green, digital)",Non-energy,Early stage,2008,1290909.125,USD,1
JOR,JORDAN,Fundings of start-ups,"By sector (energy, green, digital)",Non-energy,Early stage,2009,122558.125,USD,2
JOR,JORDAN,Fundings of start-ups,"By sector (energy, green, digital)",Non-energy,Early stage,2010,58670.66016,USD,2
JOR,JORDAN,Fundings of start-ups,"By sector (energy, green, digital)",Non-energy,Early stage,2011,8016502.5,USD,21
JOR,JORDAN,Fundings of start-ups,"By sector (energy, green, digital)",Non-energy,Early stage,2012,12721909,USD,8
JOR,JORDAN,Fundings of start-ups,"By sector (energy, green, digital)",Non-energy,Early stage,2013,2561983.25,USD,4
JOR,JORDAN,Fundings of start-ups,"By sector (energy, green, digital)",Non-energy,Early stage,2014,9783511,USD,13
JOR,JORDAN,Fundings of start-ups,"By sector (energy, green, digital)",Non-energy,Early stage,2015,13338978,USD,10
JOR,JORDAN,Fundings of start-ups,"By sector (energy, green, digital)",Non-energy,Early stage,2016,9137776,USD,11
JOR,JORDAN,Fundings of start-ups,"By sector (energy, green, digital)",Non-energy,Early stage,2017,5389580,USD,10
JOR,JORDAN,Fundings of start-ups,"By sector (energy, green, digital)",Non-energy,Early stage,2018,24090078,USD,11
JOR,JORDAN,Fundings of start-ups,"By sector (energy, green, digital)",Non-energy,Early stage,2019,34754356,USD,20
JOR,JORDAN,Fundings of start-ups,"By sector (energy, green, digital)",Non-energy,Early stage,2020,13091970,USD,10
JOR,JORDAN,Probability to receive funding,"By sector (energy, green, digital)",Non-energy,Early stage,2021,18.15126038,Percentage,595
JOR,JORDAN,Fundings of start-ups,"By sector (energy, green, digital)",Non-energy,Early stage,2021,45760700,USD,13
JOR,JORDAN,Fundings of start-ups,"By sector (energy, green, digital)",Non-energy,Early stage,2022,5525000,USD,7
JOR,JORDAN,Fundings of start-ups,"By sector (energy, green, digital)",Non-energy,Early stage,2022,1.573453903,Years,599
JOR,JORDAN,Probability to receive funding,"By sector (energy, green, digital)",Energy,Later stage,2021,0,Percentage,8
JOR,JORDAN,Probability to receive funding,"By sector (energy, green, digital)",Energy and digital,Later stage,2021,0,Percentage,2
JOR,JORDAN,Probability to receive funding,"By sector (energy, green, digital)",Energy and non-digital,Later stage,2021,0,Percentage,6
JOR,JORDAN,Fundings of start-ups,"By sector (energy, green, digital)",Non-energy,Later stage,2014,3765745.75,USD,1
JOR,JORDAN,Fundings of start-ups,"By sector (energy, green, digital)",Non-energy,Later stage,2018,1664062.5,USD,1
JOR,JORDAN,Probability to receive funding,"By sector (energy, green, digital)",Non-energy,Later stage,2021,1.512605071,Percentage,595
JOR,JORDAN,Fundings of start-ups,"By sector (energy, green, digital)",Non-energy,Later stage,2021,5144927.5,USD,1
JOR,JORDAN,Fundings of start-ups,"By sector (energy, green, digital)",Non-energy,Later stage,2022,6.002435207,Years,599
JOR,JORDAN,Fundings of start-ups,"By sector (energy, green, digital)",Non-energy,Later stage,2022,5120000,USD,2
JOR,JORDAN,Fundings of start-ups,By technology,Fossil fuels,all,2021,1697826.125,USD,0.5
JOR,JORDAN,Fundings of start-ups,By technology,Other energy,all,2021,1697826.125,USD,0.5
JOR,JORDAN,Probability to receive funding,By technology,Clean energy,Early stage,2021,0,Percentage,2
JOR,JORDAN,Probability to receive funding,By technology,Energy efficiency,Early stage,2017,100,Percentage,1
JOR,JORDAN,Probability to receive funding,By technology,Energy efficiency,Early stage,2018,100,Percentage,1
JOR,JORDAN,Probability to receive funding,By technology,Energy efficiency,Early stage,2019,100,Percentage,1
JOR,JORDAN,Probability to receive funding,By technology,Energy efficiency,Early stage,2020,100,Percentage,1
JOR,JORDAN,Probability to receive funding,By technology,Energy efficiency,Early stage,2021,100,Percentage,1
JOR,JORDAN,Probability to receive funding,By technology,Fossil fuels,Early stage,2015,0,Percentage,1.5
JOR,JORDAN,Probability to receive funding,By technology,Fossil fuels,Early stage,2016,25,Percentage,2
JOR,JORDAN,Probability to receive funding,By technology,Fossil fuels,Early stage,2017,25,Percentage,2
JOR,JORDAN,Probability to receive funding,By technology,Fossil fuels,Early stage,2018,25,Percentage,2
JOR,JORDAN,Probability to receive funding,By technology,Fossil fuels,Early stage,2019,25,Percentage,2
JOR,JORDAN,Probability to receive funding,By technology,Fossil fuels,Early stage,2020,25,Percentage,2
JOR,JORDAN,Probability to receive funding,By technology,Fossil fuels,Early stage,2021,25,Percentage,2
JOR,JORDAN,Probability to receive funding,By technology,Grid,Early stage,2015,0,Percentage,1
JOR,JORDAN,Probability to receive funding,By technology,Grid,Early stage,2016,0,Percentage,1
JOR,JORDAN,Probability to receive funding,By technology,Grid,Early stage,2017,0,Percentage,1
JOR,JORDAN,Probability to receive funding,By technology,Grid,Early stage,2018,0,Percentage,1
JOR,JORDAN,Probability to receive funding,By technology,Grid,Early stage,2019,0,Percentage,1
JOR,JORDAN,Probability to receive funding,By technology,Grid,Early stage,2020,0,Percentage,1
JOR,JORDAN,Probability to receive funding,By technology,Grid,Early stage,2021,0,Percentage,1
JOR,JORDAN,Probability to receive funding,By technology,Non-clean energy,Early stage,2021,33.33333206,Percentage,6
JOR,JORDAN,Fundings of start-ups,By technology,Non-clean energy,Early stage,2021,3395652.25,USD,1
JOR,JORDAN,Fundings of start-ups,By technology,Non-clean energy,Early stage,2022,2.754794598,Years,6
JOR,JORDAN,Probability to receive funding,By technology,Other energy,Early stage,2015,0,Percentage,1.5
JOR,JORDAN,Probability to receive funding,By technology,Other energy,Early stage,2016,25,Percentage,2
JOR,JORDAN,Probability to receive funding,By technology,Other energy,Early stage,2017,25,Percentage,2
JOR,JORDAN,Probability to receive funding,By technology,Other energy,Early stage,2018,25,Percentage,2
JOR,JORDAN,Probability to receive funding,By technology,Other energy,Early stage,2019,25,Percentage,2
JOR,JORDAN,Probability to receive funding,By technology,Other energy,Early stage,2020,25,Percentage,2
JOR,JORDAN,Probability to receive funding,By technology,Other energy,Early stage,2021,25,Percentage,2
JOR,JORDAN,Probability to receive funding,By technology,Other renewables,Early stage,2015,0,Percentage,1
JOR,JORDAN,Probability to receive funding,By technology,Other renewables,Early stage,2016,0,Percentage,1
JOR,JORDAN,Probability to receive funding,By technology,Other renewables,Early stage,2017,0,Percentage,1
JOR,JORDAN,Probability to receive funding,By technology,Other renewables,Early stage,2018,0,Percentage,1
JOR,JORDAN,Probability to receive funding,By technology,Other renewables,Early stage,2019,0,Percentage,1
JOR,JORDAN,Probability to receive funding,By technology,Other renewables,Early stage,2020,0,Percentage,1
JOR,JORDAN,Probability to receive funding,By technology,Other renewables,Early stage,2021,0,Percentage,1
JOR,JORDAN,Probability to receive funding,By technology,Clean energy,Later stage,2021,0,Percentage,2
JOR,JORDAN,Probability to receive funding,By technology,Energy efficiency,Later stage,2017,0,Percentage,1
JOR,JORDAN,Probability to receive funding,By technology,Energy efficiency,Later stage,2018,0,Percentage,1
JOR,JORDAN,Probability to receive funding,By technology,Energy efficiency,Later stage,2019,0,Percentage,1
JOR,JORDAN,Probability to receive funding,By technology,Energy efficiency,Later stage,2020,0,Percentage,1
JOR,JORDAN,Probability to receive funding,By technology,Energy efficiency,Later stage,2021,0,Percentage,1
JOR,JORDAN,Probability to receive funding,By technology,Fossil fuels,Later stage,2015,0,Percentage,1.5
JOR,JORDAN,Probability to receive funding,By technology,Fossil fuels,Later stage,2016,0,Percentage,2
JOR,JORDAN,Probability to receive funding,By technology,Fossil fuels,Later stage,2017,0,Percentage,2
JOR,JORDAN,Probability to receive funding,By technology,Fossil fuels,Later stage,2018,0,Percentage,2
JOR,JORDAN,Probability to receive funding,By technology,Fossil fuels,Later stage,2019,0,Percentage,2
JOR,JORDAN,Probability to receive funding,By technology,Fossil fuels,Later stage,2020,0,Percentage,2
JOR,JORDAN,Probability to receive funding,By technology,Fossil fuels,Later stage,2021,0,Percentage,2
JOR,JORDAN,Probability to receive funding,By technology,Grid,Later stage,2015,0,Percentage,1
JOR,JORDAN,Probability to receive funding,By technology,Grid,Later stage,2016,0,Percentage,1
JOR,JORDAN,Probability to receive funding,By technology,Grid,Later stage,2017,0,Percentage,1
JOR,JORDAN,Probability to receive funding,By technology,Grid,Later stage,2018,0,Percentage,1
JOR,JORDAN,Probability to receive funding,By technology,Grid,Later stage,2019,0,Percentage,1
JOR,JORDAN,Probability to receive funding,By technology,Grid,Later stage,2020,0,Percentage,1
JOR,JORDAN,Probability to receive funding,By technology,Grid,Later stage,2021,0,Percentage,1
JOR,JORDAN,Probability to receive funding,By technology,Non-clean energy,Later stage,2021,0,Percentage,6
JOR,JORDAN,Probability to receive funding,By technology,Other energy,Later stage,2015,0,Percentage,1.5
JOR,JORDAN,Probability to receive funding,By technology,Other energy,Later stage,2016,0,Percentage,2
JOR,JORDAN,Probability to receive funding,By technology,Other energy,Later stage,2017,0,Percentage,2
JOR,JORDAN,Probability to receive funding,By technology,Other energy,Later stage,2018,0,Percentage,2
JOR,JORDAN,Probability to receive funding,By technology,Other energy,Later stage,2019,0,Percentage,2
JOR,JORDAN,Probability to receive funding,By technology,Other energy,Later stage,2020,0,Percentage,2
JOR,JORDAN,Probability to receive funding,By technology,Other energy,Later stage,2021,0,Percentage,2
JOR,JORDAN,Probability to receive funding,By technology,Other renewables,Later stage,2015,0,Percentage,1
JOR,JORDAN,Probability to receive funding,By technology,Other renewables,Later stage,2016,0,Percentage,1
JOR,JORDAN,Probability to receive funding,By technology,Other renewables,Later stage,2017,0,Percentage,1
JOR,JORDAN,Probability to receive funding,By technology,Other renewables,Later stage,2018,0,Percentage,1
JOR,JORDAN,Probability to receive funding,By technology,Other renewables,Later stage,2019,0,Percentage,1
JOR,JORDAN,Probability to receive funding,By technology,Other renewables,Later stage,2020,0,Percentage,1
JOR,JORDAN,Probability to receive funding,By technology,Other renewables,Later stage,2021,0,Percentage,1
KAZ,KAZAKHSTAN,Probability to receive funding,"By sector (energy, green, digital)",Energy,Early stage,2021,10,Percentage,10
KAZ,KAZAKHSTAN,Fundings of start-ups,"By sector (energy, green, digital)",Energy,Early stage,2022,0.898630142,Years,10
KAZ,KAZAKHSTAN,Probability to receive funding,"By sector (energy, green, digital)",Energy and digital,Early stage,2021,33.33333206,Percentage,3
KAZ,KAZAKHSTAN,Fundings of start-ups,"By sector (energy, green, digital)",Energy and digital,Early stage,2022,0.898630142,Years,3
KAZ,KAZAKHSTAN,Probability to receive funding,"By sector (energy, green, digital)",Energy and non-digital,Early stage,2021,0,Percentage,7
KAZ,KAZAKHSTAN,Fundings of start-ups,"By sector (energy, green, digital)",Non-energy,Early stage,2015,1176795.625,USD,1
KAZ,KAZAKHSTAN,Fundings of start-ups,"By sector (energy, green, digital)",Non-energy,Early stage,2017,1764302.75,USD,3
KAZ,KAZAKHSTAN,Fundings of start-ups,"By sector (energy, green, digital)",Non-energy,Early stage,2018,499218.75,USD,3
KAZ,KAZAKHSTAN,Fundings of start-ups,"By sector (energy, green, digital)",Non-energy,Early stage,2019,1456224.5,USD,4
KAZ,KAZAKHSTAN,Fundings of start-ups,"By sector (energy, green, digital)",Non-energy,Early stage,2020,5109848.5,USD,7
KAZ,KAZAKHSTAN,Probability to receive funding,"By sector (energy, green, digital)",Non-energy,Early stage,2021,16.66666603,Percentage,156
KAZ,KAZAKHSTAN,Fundings of start-ups,"By sector (energy, green, digital)",Non-energy,Early stage,2021,3647753.5,USD,7
KAZ,KAZAKHSTAN,Fundings of start-ups,"By sector (energy, green, digital)",Non-energy,Early stage,2022,1.540054798,Years,159
KAZ,KAZAKHSTAN,Fundings of start-ups,"By sector (energy, green, digital)",Non-energy,Early stage,2022,870000,USD,2
KAZ,KAZAKHSTAN,Probability to receive funding,"By sector (energy, green, digital)",Energy,Later stage,2021,0,Percentage,10
KAZ,KAZAKHSTAN,Probability to receive funding,"By sector (energy, green, digital)",Energy and digital,Later stage,2021,0,Percentage,3
KAZ,KAZAKHSTAN,Probability to receive funding,"By sector (energy, green, digital)",Energy and non-digital,Later stage,2021,0,Percentage,7
KAZ,KAZAKHSTAN,Fundings of start-ups,"By sector (energy, green, digital)",Non-energy,Later stage,2021,1234782.625,USD,1
KAZ,KAZAKHSTAN,Probability to receive funding,"By sector (energy, green, digital)",Non-energy,Later stage,2021,0.641025662,Percentage,156
KAZ,KAZAKHSTAN,Fundings of start-ups,"By sector (energy, green, digital)",Non-energy,Later stage,2022,3.161643744,Years,159
KAZ,KAZAKHSTAN,Probability to receive funding,By technology,Clean energy,Early stage,2021,33.33333206,Percentage,3
KAZ,KAZAKHSTAN,Fundings of start-ups,By technology,Clean energy,Early stage,2022,0.898630142,Years,3
KAZ,KAZAKHSTAN,Probability to receive funding,By technology,Electric mobility,Early stage,2021,100,Percentage,1
KAZ,KAZAKHSTAN,Probability to receive funding,By technology,Energy efficiency,Early stage,2018,0,Percentage,1
KAZ,KAZAKHSTAN,Probability to receive funding,By technology,Energy efficiency,Early stage,2019,0,Percentage,1
KAZ,KAZAKHSTAN,Probability to receive funding,By technology,Energy efficiency,Early stage,2020,0,Percentage,1
KAZ,KAZAKHSTAN,Probability to receive funding,By technology,Energy efficiency,Early stage,2021,0,Percentage,1
KAZ,KAZAKHSTAN,Probability to receive funding,By technology,Fossil fuels,Early stage,2015,0,Percentage,3.700000048
KAZ,KAZAKHSTAN,Probability to receive funding,By technology,Fossil fuels,Early stage,2016,0,Percentage,3.700000048
KAZ,KAZAKHSTAN,Probability to receive funding,By technology,Fossil fuels,Early stage,2017,0,Percentage,3.700000048
KAZ,KAZAKHSTAN,Probability to receive funding,By technology,Fossil fuels,Early stage,2018,0,Percentage,3.700000048
KAZ,KAZAKHSTAN,Probability to receive funding,By technology,Fossil fuels,Early stage,2019,0,Percentage,3.700000048
KAZ,KAZAKHSTAN,Probability to receive funding,By technology,Fossil fuels,Early stage,2020,0,Percentage,3.700000048
KAZ,KAZAKHSTAN,Probability to receive funding,By technology,Fossil fuels,Early stage,2021,0,Percentage,3.700000048
KAZ,KAZAKHSTAN,Probability to receive funding,By technology,Non-clean energy,Early stage,2021,0,Percentage,7
KAZ,KAZAKHSTAN,Probability to receive funding,By technology,Other energy,Early stage,2015,0,Percentage,1.700000048
KAZ,KAZAKHSTAN,Probability to receive funding,By technology,Other energy,Early stage,2016,0,Percentage,1.700000048
KAZ,KAZAKHSTAN,Probability to receive funding,By technology,Other energy,Early stage,2017,0,Percentage,1.700000048
KAZ,KAZAKHSTAN,Probability to receive funding,By technology,Other energy,Early stage,2018,0,Percentage,1.700000048
KAZ,KAZAKHSTAN,Probability to receive funding,By technology,Other energy,Early stage,2019,0,Percentage,1.700000048
KAZ,KAZAKHSTAN,Probability to receive funding,By technology,Other energy,Early stage,2020,0,Percentage,1.700000048
KAZ,KAZAKHSTAN,Probability to receive funding,By technology,Other energy,Early stage,2021,0,Percentage,1.700000048
KAZ,KAZAKHSTAN,Probability to receive funding,By technology,Other renewables,Early stage,2015,0,Percentage,0.200000003
KAZ,KAZAKHSTAN,Probability to receive funding,By technology,Other renewables,Early stage,2016,0,Percentage,0.200000003
KAZ,KAZAKHSTAN,Probability to receive funding,By technology,Other renewables,Early stage,2017,0,Percentage,0.200000003
KAZ,KAZAKHSTAN,Probability to receive funding,By technology,Other renewables,Early stage,2018,0,Percentage,0.200000003
KAZ,KAZAKHSTAN,Probability to receive funding,By technology,Other renewables,Early stage,2019,0,Percentage,0.200000003
KAZ,KAZAKHSTAN,Probability to receive funding,By technology,Other renewables,Early stage,2020,0,Percentage,0.200000003
KAZ,KAZAKHSTAN,Probability to receive funding,By technology,Other renewables,Early stage,2021,0,Percentage,0.200000003
KAZ,KAZAKHSTAN,Probability to receive funding,By technology,Solar,Early stage,2015,0,Percentage,0.200000003
KAZ,KAZAKHSTAN,Probability to receive funding,By technology,Solar,Early stage,2016,0,Percentage,0.200000003
KAZ,KAZAKHSTAN,Probability to receive funding,By technology,Solar,Early stage,2017,0,Percentage,0.200000003
KAZ,KAZAKHSTAN,Probability to receive funding,By technology,Solar,Early stage,2018,0,Percentage,0.200000003
KAZ,KAZAKHSTAN,Probability to receive funding,By technology,Solar,Early stage,2019,0,Percentage,0.200000003
KAZ,KAZAKHSTAN,Probability to receive funding,By technology,Solar,Early stage,2020,0,Percentage,0.200000003
KAZ,KAZAKHSTAN,Probability to receive funding,By technology,Solar,Early stage,2021,0,Percentage,0.200000003
KAZ,KAZAKHSTAN,Probability to receive funding,By technology,Wind,Early stage,2015,0,Percentage,0.200000003
KAZ,KAZAKHSTAN,Probability to receive funding,By technology,Wind,Early stage,2016,0,Percentage,0.200000003
KAZ,KAZAKHSTAN,Probability to receive funding,By technology,Wind,Early stage,2017,0,Percentage,0.200000003
KAZ,KAZAKHSTAN,Probability to receive funding,By technology,Wind,Early stage,2018,0,Percentage,0.200000003
KAZ,KAZAKHSTAN,Probability to receive funding,By technology,Wind,Early stage,2019,0,Percentage,0.200000003
KAZ,KAZAKHSTAN,Probability to receive funding,By technology,Wind,Early stage,2020,0,Percentage,0.200000003
KAZ,KAZAKHSTAN,Probability to receive funding,By technology,Wind,Early stage,2021,0,Percentage,0.200000003
KAZ,KAZAKHSTAN,Probability to receive funding,By technology,Clean energy,Later stage,2021,0,Percentage,3
KAZ,KAZAKHSTAN,Probability to receive funding,By technology,Electric mobility,Later stage,2021,0,Percentage,1
KAZ,KAZAKHSTAN,Probability to receive funding,By technology,Energy efficiency,Later stage,2018,0,Percentage,1
KAZ,KAZAKHSTAN,Probability to receive funding,By technology,Energy efficiency,Later stage,2019,0,Percentage,1
KAZ,KAZAKHSTAN,Probability to receive funding,By technology,Energy efficiency,Later stage,2020,0,Percentage,1
KAZ,KAZAKHSTAN,Probability to receive funding,By technology,Energy efficiency,Later stage,2021,0,Percentage,1
KAZ,KAZAKHSTAN,Probability to receive funding,By technology,Fossil fuels,Later stage,2015,0,Percentage,3.700000048
KAZ,KAZAKHSTAN,Probability to receive funding,By technology,Fossil fuels,Later stage,2016,0,Percentage,3.700000048
KAZ,KAZAKHSTAN,Probability to receive funding,By technology,Fossil fuels,Later stage,2017,0,Percentage,3.700000048
KAZ,KAZAKHSTAN,Probability to receive funding,By technology,Fossil fuels,Later stage,2018,0,Percentage,3.700000048
KAZ,KAZAKHSTAN,Probability to receive funding,By technology,Fossil fuels,Later stage,2019,0,Percentage,3.700000048
KAZ,KAZAKHSTAN,Probability to receive funding,By technology,Fossil fuels,Later stage,2020,0,Percentage,3.700000048
KAZ,KAZAKHSTAN,Probability to receive funding,By technology,Fossil fuels,Later stage,2021,0,Percentage,3.700000048
KAZ,KAZAKHSTAN,Probability to receive funding,By technology,Non-clean energy,Later stage,2021,0,Percentage,7
KAZ,KAZAKHSTAN,Probability to receive funding,By technology,Other energy,Later stage,2015,0,Percentage,1.700000048
KAZ,KAZAKHSTAN,Probability to receive funding,By technology,Other energy,Later stage,2016,0,Percentage,1.700000048
KAZ,KAZAKHSTAN,Probability to receive funding,By technology,Other energy,Later stage,2017,0,Percentage,1.700000048
KAZ,KAZAKHSTAN,Probability to receive funding,By technology,Other energy,Later stage,2018,0,Percentage,1.700000048
KAZ,KAZAKHSTAN,Probability to receive funding,By technology,Other energy,Later stage,2019,0,Percentage,1.700000048
KAZ,KAZAKHSTAN,Probability to receive funding,By technology,Other energy,Later stage,2020,0,Percentage,1.700000048
KAZ,KAZAKHSTAN,Probability to receive funding,By technology,Other energy,Later stage,2021,0,Percentage,1.700000048
KAZ,KAZAKHSTAN,Probability to receive funding,By technology,Other renewables,Later stage,2015,0,Percentage,0.200000003
KAZ,KAZAKHSTAN,Probability to receive funding,By technology,Other renewables,Later stage,2016,0,Percentage,0.200000003
KAZ,KAZAKHSTAN,Probability to receive funding,By technology,Other renewables,Later stage,2017,0,Percentage,0.200000003
KAZ,KAZAKHSTAN,Probability to receive funding,By technology,Other renewables,Later stage,2018,0,Percentage,0.200000003
KAZ,KAZAKHSTAN,Probability to receive funding,By technology,Other renewables,Later stage,2019,0,Percentage,0.200000003
KAZ,KAZAKHSTAN,Probability to receive funding,By technology,Other renewables,Later stage,2020,0,Percentage,0.200000003
KAZ,KAZAKHSTAN,Probability to receive funding,By technology,Other renewables,Later stage,2021,0,Percentage,0.200000003
KAZ,KAZAKHSTAN,Probability to receive funding,By technology,Solar,Later stage,2015,0,Percentage,0.200000003
KAZ,KAZAKHSTAN,Probability to receive funding,By technology,Solar,Later stage,2016,0,Percentage,0.200000003
KAZ,KAZAKHSTAN,Probability to receive funding,By technology,Solar,Later stage,2017,0,Percentage,0.200000003
KAZ,KAZAKHSTAN,Probability to receive funding,By technology,Solar,Later stage,2018,0,Percentage,0.200000003
KAZ,KAZAKHSTAN,Probability to receive funding,By technology,Solar,Later stage,2019,0,Percentage,0.200000003
KAZ,KAZAKHSTAN,Probability to receive funding,By technology,Solar,Later stage,2020,0,Percentage,0.200000003
KAZ,KAZAKHSTAN,Probability to receive funding,By technology,Solar,Later stage,2021,0,Percentage,0.200000003
KAZ,KAZAKHSTAN,Probability to receive funding,By technology,Wind,Later stage,2015,0,Percentage,0.200000003
KAZ,KAZAKHSTAN,Probability to receive funding,By technology,Wind,Later stage,2016,0,Percentage,0.200000003
KAZ,KAZAKHSTAN,Probability to receive funding,By technology,Wind,Later stage,2017,0,Percentage,0.200000003
KAZ,KAZAKHSTAN,Probability to receive funding,By technology,Wind,Later stage,2018,0,Percentage,0.200000003
KAZ,KAZAKHSTAN,Probability to receive funding,By technology,Wind,Later stage,2019,0,Percentage,0.200000003
KAZ,KAZAKHSTAN,Probability to receive funding,By technology,Wind,Later stage,2020,0,Percentage,0.200000003
KAZ,KAZAKHSTAN,Probability to receive funding,By technology,Wind,Later stage,2021,0,Percentage,0.200000003
KEN,KENYA,Fundings of start-ups,"By sector (energy, green, digital)",Energy,Early stage,2008,7745454.5,USD,1
KEN,KENYA,Fundings of start-ups,"By sector (energy, green, digital)",Energy,Early stage,2010,7014970,USD,1
KEN,KENYA,Fundings of start-ups,"By sector (energy, green, digital)",Energy,Early stage,2011,49534.88281,USD,1
KEN,KENYA,Fundings of start-ups,"By sector (energy, green, digital)",Energy,Early stage,2014,2941989,USD,1
KEN,KENYA,Fundings of start-ups,"By sector (energy, green, digital)",Energy,Early stage,2015,4636574.5,USD,2
KEN,KENYA,Fundings of start-ups,"By sector (energy, green, digital)",Energy,Early stage,2016,31486956,USD,3
KEN,KENYA,Fundings of start-ups,"By sector (energy, green, digital)",Energy,Early stage,2017,11250469,USD,3
KEN,KENYA,Fundings of start-ups,"By sector (energy, green, digital)",Energy,Early stage,2018,6101562.5,USD,2
KEN,KENYA,Fundings of start-ups,"By sector (energy, green, digital)",Energy,Early stage,2019,26489158,USD,3
KEN,KENYA,Fundings of start-ups,"By sector (energy, green, digital)",Energy,Early stage,2020,16136364,USD,3
KEN,KENYA,Fundings of start-ups,"By sector (energy, green, digital)",Energy,Early stage,2021,5144927.5,USD,1
KEN,KENYA,Probability to receive funding,"By sector (energy, green, digital)",Energy,Early stage,2021,21.12676048,Percentage,71
KEN,KENYA,Fundings of start-ups,"By sector (energy, green, digital)",Energy,Early stage,2022,4.170228481,Years,72
KEN,KENYA,Fundings of start-ups,"By sector (energy, green, digital)",Energy,Early stage,2022,8000000,USD,1
KEN,KENYA,Fundings of start-ups,"By sector (energy, green, digital)",Energy and digital,Early stage,2011,49534.88281,USD,1
KEN,KENYA,Fundings of start-ups,"By sector (energy, green, digital)",Energy and digital,Early stage,2016,23152174,USD,1
KEN,KENYA,Fundings of start-ups,"By sector (energy, green, digital)",Energy and digital,Early stage,2019,10188138,USD,2
KEN,KENYA,Fundings of start-ups,"By sector (energy, green, digital)",Energy and digital,Early stage,2021,5144927.5,USD,1
KEN,KENYA,Probability to receive funding,"By sector (energy, green, digital)",Energy and digital,Early stage,2021,30.76922989,Percentage,13
KEN,KENYA,Fundings of start-ups,"By sector (energy, green, digital)",Energy and digital,Early stage,2022,3.790410995,Years,13
KEN,KENYA,Fundings of start-ups,"By sector (energy, green, digital)",Energy and non-digital,Early stage,2008,7745454.5,USD,1
KEN,KENYA,Fundings of start-ups,"By sector (energy, green, digital)",Energy and non-digital,Early stage,2010,7014970,USD,1
KEN,KENYA,Fundings of start-ups,"By sector (energy, green, digital)",Energy and non-digital,Early stage,2014,2941989,USD,1
KEN,KENYA,Fundings of start-ups,"By sector (energy, green, digital)",Energy and non-digital,Early stage,2015,4636574.5,USD,2
KEN,KENYA,Fundings of start-ups,"By sector (energy, green, digital)",Energy and non-digital,Early stage,2016,8334782.5,USD,2
KEN,KENYA,Fundings of start-ups,"By sector (energy, green, digital)",Energy and non-digital,Early stage,2017,11250469,USD,3
KEN,KENYA,Fundings of start-ups,"By sector (energy, green, digital)",Energy and non-digital,Early stage,2018,6101562.5,USD,2
KEN,KENYA,Fundings of start-ups,"By sector (energy, green, digital)",Energy and non-digital,Early stage,2019,16301020,USD,1
KEN,KENYA,Fundings of start-ups,"By sector (energy, green, digital)",Energy and non-digital,Early stage,2020,16136364,USD,3
KEN,KENYA,Probability to receive funding,"By sector (energy, green, digital)",Energy and non-digital,Early stage,2021,18.96551704,Percentage,58
KEN,KENYA,Fundings of start-ups,"By sector (energy, green, digital)",Energy and non-digital,Early stage,2022,4.308343887,Years,59
KEN,KENYA,Fundings of start-ups,"By sector (energy, green, digital)",Energy and non-digital,Early stage,2022,8000000,USD,1
KEN,KENYA,Fundings of start-ups,"By sector (energy, green, digital)",Non-energy,Early stage,2010,95658.67969,USD,1
KEN,KENYA,Fundings of start-ups,"By sector (energy, green, digital)",Non-energy,Early stage,2011,1287811.625,USD,5
KEN,KENYA,Fundings of start-ups,"By sector (energy, green, digital)",Non-energy,Early stage,2012,6497710,USD,7
KEN,KENYA,Fundings of start-ups,"By sector (energy, green, digital)",Non-energy,Early stage,2013,3823230.25,USD,5
KEN,KENYA,Fundings of start-ups,"By sector (energy, green, digital)",Non-energy,Early stage,2014,10369736,USD,8
KEN,KENYA,Fundings of start-ups,"By sector (energy, green, digital)",Non-energy,Early stage,2015,10048196,USD,10
KEN,KENYA,Fundings of start-ups,"By sector (energy, green, digital)",Non-energy,Early stage,2016,2634561,USD,10
KEN,KENYA,Fundings of start-ups,"By sector (energy, green, digital)",Non-energy,Early stage,2017,66968188,USD,24
KEN,KENYA,Fundings of start-ups,"By sector (energy, green, digital)",Non-energy,Early stage,2018,55618208,USD,31
KEN,KENYA,Fundings of start-ups,"By sector (energy, green, digital)",Non-energy,Early stage,2019,82876080,USD,30
KEN,KENYA,Fundings of start-ups,"By sector (energy, green, digital)",Non-energy,Early stage,2020,89248592,USD,23
KEN,KENYA,Fundings of start-ups,"By sector (energy, green, digital)",Non-energy,Early stage,2021,68012640,USD,28
KEN,KENYA,Probability to receive funding,"By sector (energy, green, digital)",Non-energy,Early stage,2021,14.32858181,Percentage,1333
KEN,KENYA,Fundings of start-ups,"By sector (energy, green, digital)",Non-energy,Early stage,2022,2.273191929,Years,1355
KEN,KENYA,Fundings of start-ups,"By sector (energy, green, digital)",Non-energy,Early stage,2022,299514976,USD,22
KEN,KENYA,Fundings of start-ups,"By sector (energy, green, digital)",Energy,Later stage,2015,14121547,USD,1
KEN,KENYA,Fundings of start-ups,"By sector (energy, green, digital)",Energy,Later stage,2017,198271.2813,USD,1
KEN,KENYA,Fundings of start-ups,"By sector (energy, green, digital)",Energy,Later stage,2020,2834788,USD,1
KEN,KENYA,Probability to receive funding,"By sector (energy, green, digital)",Energy,Later stage,2021,9.859154701,Percentage,71
KEN,KENYA,Fundings of start-ups,"By sector (energy, green, digital)",Energy,Later stage,2021,3086956.5,USD,2
KEN,KENYA,Fundings of start-ups,"By sector (energy, green, digital)",Energy,Later stage,2022,7.769080162,Years,72
KEN,KENYA,Fundings of start-ups,"By sector (energy, green, digital)",Energy,Later stage,2022,19028260,USD,1
KEN,KENYA,Fundings of start-ups,"By sector (energy, green, digital)",Energy and digital,Later stage,2015,14121547,USD,1
KEN,KENYA,Fundings of start-ups,"By sector (energy, green, digital)",Energy and digital,Later stage,2017,198271.2813,USD,1
KEN,KENYA,Probability to receive funding,"By sector (energy, green, digital)",Energy and digital,Later stage,2021,15.38461494,Percentage,13
KEN,KENYA,Fundings of start-ups,"By sector (energy, green, digital)",Energy and digital,Later stage,2021,514492.75,USD,1
KEN,KENYA,Fundings of start-ups,"By sector (energy, green, digital)",Energy and digital,Later stage,2022,8.267123222,Years,13
KEN,KENYA,Fundings of start-ups,"By sector (energy, green, digital)",Energy and non-digital,Later stage,2020,2834788,USD,1
KEN,KENYA,Fundings of start-ups,"By sector (energy, green, digital)",Energy and non-digital,Later stage,2021,2572463.75,USD,1
KEN,KENYA,Probability to receive funding,"By sector (energy, green, digital)",Energy and non-digital,Later stage,2021,8.620689392,Percentage,58
KEN,KENYA,Fundings of start-ups,"By sector (energy, green, digital)",Energy and non-digital,Later stage,2022,19028260,USD,1
KEN,KENYA,Fundings of start-ups,"By sector (energy, green, digital)",Energy and non-digital,Later stage,2022,7.569862843,Years,59
KEN,KENYA,Fundings of start-ups,"By sector (energy, green, digital)",Non-energy,Later stage,2011,1857558.125,USD,1
KEN,KENYA,Fundings of start-ups,"By sector (energy, green, digital)",Non-energy,Later stage,2014,2292397.75,USD,1
KEN,KENYA,Fundings of start-ups,"By sector (energy, green, digital)",Non-energy,Later stage,2015,37010220,USD,2
KEN,KENYA,Fundings of start-ups,"By sector (energy, green, digital)",Non-energy,Later stage,2016,25988200,USD,4
KEN,KENYA,Fundings of start-ups,"By sector (energy, green, digital)",Non-energy,Later stage,2017,13595745,USD,2
KEN,KENYA,Fundings of start-ups,"By sector (energy, green, digital)",Non-energy,Later stage,2018,92632816,USD,4
KEN,KENYA,Fundings of start-ups,"By sector (energy, green, digital)",Non-energy,Later stage,2019,43741072,USD,5
KEN,KENYA,Fundings of start-ups,"By sector (energy, green, digital)",Non-energy,Later stage,2020,16136474,USD,4
KEN,KENYA,Probability to receive funding,"By sector (energy, green, digital)",Non-energy,Later stage,2021,3.450862646,Percentage,1333
KEN,KENYA,Fundings of start-ups,"By sector (energy, green, digital)",Non-energy,Later stage,2021,52478260,USD,2
KEN,KENYA,Fundings of start-ups,"By sector (energy, green, digital)",Non-energy,Later stage,2022,153000000,USD,3
KEN,KENYA,Fundings of start-ups,"By sector (energy, green, digital)",Non-energy,Later stage,2022,4.452812672,Years,1355
KEN,KENYA,Fundings of start-ups,By technology,Bioenergy,all,2020,268939.4063,USD,0.5
KEN,KENYA,Fundings of start-ups,By technology,Electric mobility,all,2021,3858695.75,USD,1
KEN,KENYA,Fundings of start-ups,By technology,Energy efficiency,all,2020,358585.8438,USD,0.666666687
KEN,KENYA,Fundings of start-ups,By technology,Fossil fuels,all,2016,57880.43359,USD,0.5
KEN,KENYA,Fundings of start-ups,By technology,Fossil fuels,all,2017,2792792.5,USD,1
KEN,KENYA,Fundings of start-ups,By technology,Fossil fuels,all,2018,1941406.25,USD,0.5
KEN,KENYA,Fundings of start-ups,By technology,Fossil fuels,all,2019,40752.55078,USD,0.5
KEN,KENYA,Fundings of start-ups,By technology,Grid,all,2016,1591712,USD,0.25
KEN,KENYA,Fundings of start-ups,By technology,Grid,all,2019,4075255,USD,0.25
KEN,KENYA,Fundings of start-ups,By technology,Other energy,all,2011,24767.44141,USD,0.5
KEN,KENYA,Fundings of start-ups,By technology,Other energy,all,2014,2941989,USD,1
KEN,KENYA,Fundings of start-ups,By technology,Other energy,all,2015,9351602,USD,1.333333373
KEN,KENYA,Fundings of start-ups,By technology,Other energy,all,2016,13167799,USD,0.75
KEN,KENYA,Fundings of start-ups,By technology,Other energy,all,2017,99135.64063,USD,0.5
KEN,KENYA,Fundings of start-ups,By technology,Other energy,all,2018,940380.1875,USD,0.666666687
KEN,KENYA,Fundings of start-ups,By technology,Other energy,all,2019,9169324,USD,1.25
KEN,KENYA,Fundings of start-ups,By technology,Other energy,all,2020,448232.3125,USD,0.833333313
KEN,KENYA,Fundings of start-ups,By technology,Other energy,all,2021,257246.375,USD,0.5
KEN,KENYA,Fundings of start-ups,By technology,Other renewables,all,2011,148604.6563,USD,1.5
KEN,KENYA,Fundings of start-ups,By technology,Other renewables,all,2013,1914606.75,USD,2
KEN,KENYA,Fundings of start-ups,By technology,Other renewables,all,2014,117679.5547,USD,1
KEN,KENYA,Fundings of start-ups,By technology,Other renewables,all,2015,109834.2578,USD,0.666666687
KEN,KENYA,Fundings of start-ups,By technology,Other renewables,all,2016,3617527.25,USD,1.75
KEN,KENYA,Fundings of start-ups,By technology,Other renewables,all,2017,8556812,USD,2.5
KEN,KENYA,Fundings of start-ups,By technology,Other renewables,all,2018,2881786.5,USD,1.166666627
KEN,KENYA,Fundings of start-ups,By technology,Other renewables,all,2019,4075255,USD,0.25
KEN,KENYA,Fundings of start-ups,By technology,Other renewables,all,2020,6062060.5,USD,2
KEN,KENYA,Fundings of start-ups,By technology,Other renewables,all,2021,6688406,USD,2.5
KEN,KENYA,Fundings of start-ups,By technology,Other renewables,all,2022,27028260,USD,2
KEN,KENYA,Fundings of start-ups,By technology,Solar,all,2008,7745454.5,USD,1
KEN,KENYA,Fundings of start-ups,By technology,Solar,all,2010,7014970,USD,1
KEN,KENYA,Fundings of start-ups,By technology,Solar,all,2014,2941989,USD,1
KEN,KENYA,Fundings of start-ups,By technology,Solar,all,2015,9296685,USD,1
KEN,KENYA,Fundings of start-ups,By technology,Solar,all,2016,13167799,USD,0.75
KEN,KENYA,Fundings of start-ups,By technology,Solar,all,2018,940380.1875,USD,0.666666687
KEN,KENYA,Fundings of start-ups,By technology,Solar,all,2019,11573724,USD,1.75
KEN,KENYA,Fundings of start-ups,By technology,Solar,all,2020,15060606,USD,1
KEN,KENYA,Fundings of start-ups,By technology,Solar,all,2021,11318841,USD,1
KEN,KENYA,Probability to receive funding,By technology,Bioenergy,Early stage,2017,100,Percentage,0.5
KEN,KENYA,Probability to receive funding,By technology,Bioenergy,Early stage,2018,100,Percentage,0.5
KEN,KENYA,Probability to receive funding,By technology,Bioenergy,Early stage,2019,100,Percentage,0.5
KEN,KENYA,Probability to receive funding,By technology,Bioenergy,Early stage,2020,100,Percentage,0.5
KEN,KENYA,Probability to receive funding,By technology,Bioenergy,Early stage,2021,100,Percentage,0.5
KEN,KENYA,Fundings of start-ups,By technology,Clean energy,Early stage,2011,49534.88281,USD,1
KEN,KENYA,Fundings of start-ups,By technology,Clean energy,Early stage,2015,164751.375,USD,1
KEN,KENYA,Fundings of start-ups,By technology,Clean energy,Early stage,2016,8334782.5,USD,2
KEN,KENYA,Fundings of start-ups,By technology,Clean energy,Early stage,2017,11250469,USD,3
KEN,KENYA,Fundings of start-ups,By technology,Clean energy,Early stage,2018,6101562.5,USD,2
KEN,KENYA,Fundings of start-ups,By technology,Clean energy,Early stage,2019,16301020,USD,1
KEN,KENYA,Fundings of start-ups,By technology,Clean energy,Early stage,2020,1075757.625,USD,2
KEN,KENYA,Fundings of start-ups,By technology,Clean energy,Early stage,2021,5144927.5,USD,1
KEN,KENYA,Probability to receive funding,By technology,Clean energy,Early stage,2021,23.80952454,Percentage,42
KEN,KENYA,Fundings of start-ups,By technology,Clean energy,Early stage,2022,8000000,USD,1
KEN,KENYA,Fundings of start-ups,By technology,Clean energy,Early stage,2022,4.211506844,Years,43
KEN,KENYA,Probability to receive funding,By technology,Electric mobility,Early stage,2016,0,Percentage,1
KEN,KENYA,Probability to receive funding,By technology,Electric mobility,Early stage,2017,33.33333206,Percentage,1.5
KEN,KENYA,Probability to receive funding,By technology,Electric mobility,Early stage,2018,33.33333206,Percentage,1.5
KEN,KENYA,Probability to receive funding,By technology,Electric mobility,Early stage,2019,33.33333206,Percentage,1.5
KEN,KENYA,Probability to receive funding,By technology,Electric mobility,Early stage,2020,33.33333206,Percentage,1.5
KEN,KENYA,Probability to receive funding,By technology,Electric mobility,Early stage,2021,33.33333206,Percentage,1.5
KEN,KENYA,Probability to receive funding,By technology,Energy efficiency,Early stage,2015,0,Percentage,1.083333373
KEN,KENYA,Probability to receive funding,By technology,Energy efficiency,Early stage,2016,38.09523773,Percentage,1.75
KEN,KENYA,Probability to receive funding,By technology,Energy efficiency,Early stage,2017,38.09523773,Percentage,1.75
KEN,KENYA,Probability to receive funding,By technology,Energy efficiency,Early stage,2018,32,Percentage,2.083333254
KEN,KENYA,Probability to receive funding,By technology,Energy efficiency,Early stage,2019,32,Percentage,2.083333254
KEN,KENYA,Probability to receive funding,By technology,Energy efficiency,Early stage,2020,32,Percentage,2.083333254
KEN,KENYA,Probability to receive funding,By technology,Energy efficiency,Early stage,2021,32,Percentage,2.083333254
KEN,KENYA,Probability to receive funding,By technology,Fossil fuels,Early stage,2015,20,Percentage,2.5
KEN,KENYA,Probability to receive funding,By technology,Fossil fuels,Early stage,2016,14.28571415,Percentage,3.5
KEN,KENYA,Probability to receive funding,By technology,Fossil fuels,Early stage,2017,12,Percentage,4.166666508
KEN,KENYA,Probability to receive funding,By technology,Fossil fuels,Early stage,2018,8.823529243,Percentage,5.666666508
KEN,KENYA,Probability to receive funding,By technology,Fossil fuels,Early stage,2019,16.21621704,Percentage,6.166666508
KEN,KENYA,Probability to receive funding,By technology,Fossil fuels,Early stage,2020,16.21621704,Percentage,6.166666508
KEN,KENYA,Probability to receive funding,By technology,Fossil fuels,Early stage,2021,16.21621704,Percentage,6.166666508
KEN,KENYA,Probability to receive funding,By technology,Grid,Early stage,2015,100,Percentage,0.25
KEN,KENYA,Probability to receive funding,By technology,Grid,Early stage,2016,33.33333206,Percentage,0.75
KEN,KENYA,Probability to receive funding,By technology,Grid,Early stage,2017,33.33333206,Percentage,0.75
KEN,KENYA,Probability to receive funding,By technology,Grid,Early stage,2018,14.28571415,Percentage,1.75
KEN,KENYA,Probability to receive funding,By technology,Grid,Early stage,2019,14.28571415,Percentage,1.75
KEN,KENYA,Probability to receive funding,By technology,Grid,Early stage,2020,14.28571415,Percentage,1.75
KEN,KENYA,Probability to receive funding,By technology,Grid,Early stage,2021,14.28571415,Percentage,1.75
KEN,KENYA,Probability to receive funding,By technology,Hydrogen and fuel cells,Early stage,2015,0,Percentage,0.5
KEN,KENYA,Probability to receive funding,By technology,Hydrogen and fuel cells,Early stage,2016,0,Percentage,0.5
KEN,KENYA,Probability to receive funding,By technology,Hydrogen and fuel cells,Early stage,2017,0,Percentage,0.5
KEN,KENYA,Probability to receive funding,By technology,Hydrogen and fuel cells,Early stage,2018,0,Percentage,0.5
KEN,KENYA,Probability to receive funding,By technology,Hydrogen and fuel cells,Early stage,2019,0,Percentage,0.5
KEN,KENYA,Probability to receive funding,By technology,Hydrogen and fuel cells,Early stage,2020,0,Percentage,0.5
KEN,KENYA,Probability to receive funding,By technology,Hydrogen and fuel cells,Early stage,2021,0,Percentage,0.5
KEN,KENYA,Fundings of start-ups,By technology,Non-clean energy,Early stage,2008,7745454.5,USD,1
KEN,KENYA,Fundings of start-ups,By technology,Non-clean energy,Early stage,2010,7014970,USD,1
KEN,KENYA,Fundings of start-ups,By technology,Non-clean energy,Early stage,2014,2941989,USD,1
KEN,KENYA,Fundings of start-ups,By technology,Non-clean energy,Early stage,2015,4471823,USD,1
KEN,KENYA,Fundings of start-ups,By technology,Non-clean energy,Early stage,2016,23152174,USD,1
KEN,KENYA,Fundings of start-ups,By technology,Non-clean energy,Early stage,2019,10188138,USD,2
KEN,KENYA,Fundings of start-ups,By technology,Non-clean energy,Early stage,2020,15060606,USD,1
KEN,KENYA,Probability to receive funding,By technology,Non-clean energy,Early stage,2021,17.24137878,Percentage,29
KEN,KENYA,Fundings of start-ups,By technology,Non-clean energy,Early stage,2022,4.08767128,Years,29
KEN,KENYA,Probability to receive funding,By technology,Other energy,Early stage,2015,14.4508667,Percentage,14.41666698
KEN,KENYA,Probability to receive funding,By technology,Other energy,Early stage,2016,16.92307663,Percentage,16.25
KEN,KENYA,Probability to receive funding,By technology,Other energy,Early stage,2017,19.02439117,Percentage,17.08333397
KEN,KENYA,Probability to receive funding,By technology,Other energy,Early stage,2018,17.80821991,Percentage,18.25
KEN,KENYA,Probability to receive funding,By technology,Other energy,Early stage,2019,19.65065575,Percentage,19.08333397
KEN,KENYA,Probability to receive funding,By technology,Other energy,Early stage,2020,19.39655113,Percentage,19.33333397
KEN,KENYA,Probability to receive funding,By technology,Other energy,Early stage,2021,19.39655113,Percentage,19.33333397
KEN,KENYA,Fundings of start-ups,By technology,Other energy,Early stage,2022,3.370593548,Years,19.33333397
KEN,KENYA,Probability to receive funding,By technology,Other renewables,Early stage,2015,22.15189934,Percentage,13.16666698
KEN,KENYA,Probability to receive funding,By technology,Other renewables,Early stage,2016,22.94117737,Percentage,14.16666698
KEN,KENYA,Probability to receive funding,By technology,Other renewables,Early stage,2017,26.88679314,Percentage,17.66666603
KEN,KENYA,Probability to receive funding,By technology,Other renewables,Early stage,2018,25.90909004,Percentage,18.33333397
KEN,KENYA,Probability to receive funding,By technology,Other renewables,Early stage,2019,25,Percentage,19
KEN,KENYA,Probability to receive funding,By technology,Other renewables,Early stage,2020,23.1707325,Percentage,20.5
KEN,KENYA,Probability to receive funding,By technology,Other renewables,Early stage,2021,23.1707325,Percentage,20.5
KEN,KENYA,Probability to receive funding,By technology,Solar,Early stage,2015,28.05755424,Percentage,11.58333302
KEN,KENYA,Probability to receive funding,By technology,Solar,Early stage,2016,28.4768219,Percentage,12.58333302
KEN,KENYA,Probability to receive funding,By technology,Solar,Early stage,2017,28.4768219,Percentage,12.58333302
KEN,KENYA,Probability to receive funding,By technology,Solar,Early stage,2018,27.74193573,Percentage,12.91666698
KEN,KENYA,Probability to receive funding,By technology,Solar,Early stage,2019,27.74193573,Percentage,12.91666698
KEN,KENYA,Probability to receive funding,By technology,Solar,Early stage,2020,27.21518898,Percentage,13.16666698
KEN,KENYA,Probability to receive funding,By technology,Solar,Early stage,2021,27.21518898,Percentage,13.16666698
KEN,KENYA,Fundings of start-ups,By technology,Solar,Early stage,2022,5.261548042,Years,13.16666698
KEN,KENYA,Probability to receive funding,By technology,Wind,Early stage,2015,0,Percentage,0.5
KEN,KENYA,Probability to receive funding,By technology,Wind,Early stage,2016,0,Percentage,0.5
KEN,KENYA,Probability to receive funding,By technology,Wind,Early stage,2017,0,Percentage,0.5
KEN,KENYA,Probability to receive funding,By technology,Wind,Early stage,2018,0,Percentage,0.5
KEN,KENYA,Probability to receive funding,By technology,Wind,Early stage,2019,0,Percentage,0.5
KEN,KENYA,Probability to receive funding,By technology,Wind,Early stage,2020,0,Percentage,0.5
KEN,KENYA,Probability to receive funding,By technology,Wind,Early stage,2021,0,Percentage,0.5
KEN,KENYA,Probability to receive funding,By technology,Bioenergy,Later stage,2017,0,Percentage,0.5
KEN,KENYA,Probability to receive funding,By technology,Bioenergy,Later stage,2018,0,Percentage,0.5
KEN,KENYA,Probability to receive funding,By technology,Bioenergy,Later stage,2019,0,Percentage,0.5
KEN,KENYA,Probability to receive funding,By technology,Bioenergy,Later stage,2020,0,Percentage,0.5
KEN,KENYA,Probability to receive funding,By technology,Bioenergy,Later stage,2021,0,Percentage,0.5
KEN,KENYA,Fundings of start-ups,By technology,Clean energy,Later stage,2017,198271.2813,USD,1
KEN,KENYA,Fundings of start-ups,By technology,Clean energy,Later stage,2020,2834788,USD,1
KEN,KENYA,Probability to receive funding,By technology,Clean energy,Later stage,2021,11.90476227,Percentage,42
KEN,KENYA,Fundings of start-ups,By technology,Clean energy,Later stage,2021,3086956.5,USD,2
KEN,KENYA,Fundings of start-ups,By technology,Clean energy,Later stage,2022,19028260,USD,1
KEN,KENYA,Fundings of start-ups,By technology,Clean energy,Later stage,2022,7.661917686,Years,43
KEN,KENYA,Probability to receive funding,By technology,Electric mobility,Later stage,2016,0,Percentage,1
KEN,KENYA,Probability to receive funding,By technology,Electric mobility,Later stage,2017,0,Percentage,1.5
KEN,KENYA,Probability to receive funding,By technology,Electric mobility,Later stage,2018,0,Percentage,1.5
KEN,KENYA,Probability to receive funding,By technology,Electric mobility,Later stage,2019,0,Percentage,1.5
KEN,KENYA,Probability to receive funding,By technology,Electric mobility,Later stage,2020,0,Percentage,1.5
KEN,KENYA,Probability to receive funding,By technology,Electric mobility,Later stage,2021,0,Percentage,1.5
KEN,KENYA,Probability to receive funding,By technology,Energy efficiency,Later stage,2015,0,Percentage,1.083333373
KEN,KENYA,Probability to receive funding,By technology,Energy efficiency,Later stage,2016,0,Percentage,1.75
KEN,KENYA,Probability to receive funding,By technology,Energy efficiency,Later stage,2017,0,Percentage,1.75
KEN,KENYA,Probability to receive funding,By technology,Energy efficiency,Later stage,2018,0,Percentage,2.083333254
KEN,KENYA,Probability to receive funding,By technology,Energy efficiency,Later stage,2019,0,Percentage,2.083333254
KEN,KENYA,Probability to receive funding,By technology,Energy efficiency,Later stage,2020,0,Percentage,2.083333254
KEN,KENYA,Probability to receive funding,By technology,Energy efficiency,Later stage,2021,0,Percentage,2.083333254
KEN,KENYA,Probability to receive funding,By technology,Fossil fuels,Later stage,2015,0,Percentage,2.5
KEN,KENYA,Probability to receive funding,By technology,Fossil fuels,Later stage,2016,0,Percentage,3.5
KEN,KENYA,Probability to receive funding,By technology,Fossil fuels,Later stage,2017,0,Percentage,4.166666508
KEN,KENYA,Probability to receive funding,By technology,Fossil fuels,Later stage,2018,0,Percentage,5.666666508
KEN,KENYA,Probability to receive funding,By technology,Fossil fuels,Later stage,2019,0,Percentage,6.166666508
KEN,KENYA,Probability to receive funding,By technology,Fossil fuels,Later stage,2020,0,Percentage,6.166666508
KEN,KENYA,Probability to receive funding,By technology,Fossil fuels,Later stage,2021,0,Percentage,6.166666508
KEN,KENYA,Probability to receive funding,By technology,Grid,Later stage,2015,0,Percentage,0.25
KEN,KENYA,Probability to receive funding,By technology,Grid,Later stage,2016,0,Percentage,0.75
KEN,KENYA,Probability to receive funding,By technology,Grid,Later stage,2017,0,Percentage,0.75
KEN,KENYA,Probability to receive funding,By technology,Grid,Later stage,2018,0,Percentage,1.75
KEN,KENYA,Probability to receive funding,By technology,Grid,Later stage,2019,0,Percentage,1.75
KEN,KENYA,Probability to receive funding,By technology,Grid,Later stage,2020,0,Percentage,1.75
KEN,KENYA,Probability to receive funding,By technology,Grid,Later stage,2021,0,Percentage,1.75
KEN,KENYA,Probability to receive funding,By technology,Hydrogen and fuel cells,Later stage,2015,0,Percentage,0.5
KEN,KENYA,Probability to receive funding,By technology,Hydrogen and fuel cells,Later stage,2016,0,Percentage,0.5
KEN,KENYA,Probability to receive funding,By technology,Hydrogen and fuel cells,Later stage,2017,0,Percentage,0.5
KEN,KENYA,Probability to receive funding,By technology,Hydrogen and fuel cells,Later stage,2018,0,Percentage,0.5
KEN,KENYA,Probability to receive funding,By technology,Hydrogen and fuel cells,Later stage,2019,0,Percentage,0.5
KEN,KENYA,Probability to receive funding,By technology,Hydrogen and fuel cells,Later stage,2020,0,Percentage,0.5
KEN,KENYA,Probability to receive funding,By technology,Hydrogen and fuel cells,Later stage,2021,0,Percentage,0.5
KEN,KENYA,Fundings of start-ups,By technology,Non-clean energy,Later stage,2015,14121547,USD,1
KEN,KENYA,Probability to receive funding,By technology,Non-clean energy,Later stage,2021,6.896551609,Percentage,29
KEN,KENYA,Fundings of start-ups,By technology,Non-clean energy,Later stage,2022,8.036986351,Years,29
KEN,KENYA,Probability to receive funding,By technology,Other energy,Later stage,2015,13.8728323,Percentage,14.41666698
KEN,KENYA,Probability to receive funding,By technology,Other energy,Later stage,2016,12.30769253,Percentage,16.25
KEN,KENYA,Probability to receive funding,By technology,Other energy,Later stage,2017,11.70731735,Percentage,17.08333397
KEN,KENYA,Probability to receive funding,By technology,Other energy,Later stage,2018,10.95890427,Percentage,18.25
KEN,KENYA,Probability to receive funding,By technology,Other energy,Later stage,2019,10.48034954,Percentage,19.08333397
KEN,KENYA,Probability to receive funding,By technology,Other energy,Later stage,2020,10.34482765,Percentage,19.33333397
KEN,KENYA,Probability to receive funding,By technology,Other energy,Later stage,2021,10.34482765,Percentage,19.33333397
KEN,KENYA,Fundings of start-ups,By technology,Other energy,Later stage,2022,7.41643858,Years,19.33333397
KEN,KENYA,Probability to receive funding,By technology,Other renewables,Later stage,2015,26.58227921,Percentage,13.16666698
KEN,KENYA,Probability to receive funding,By technology,Other renewables,Later stage,2016,24.70588303,Percentage,14.16666698
KEN,KENYA,Probability to receive funding,By technology,Other renewables,Later stage,2017,19.81132126,Percentage,17.66666603
KEN,KENYA,Probability to receive funding,By technology,Other renewables,Later stage,2018,19.09090996,Percentage,18.33333397
KEN,KENYA,Probability to receive funding,By technology,Other renewables,Later stage,2019,18.42105293,Percentage,19
KEN,KENYA,Probability to receive funding,By technology,Other renewables,Later stage,2020,17.07317162,Percentage,20.5
KEN,KENYA,Probability to receive funding,By technology,Other renewables,Later stage,2021,17.07317162,Percentage,20.5
KEN,KENYA,Probability to receive funding,By technology,Solar,Later stage,2015,4.316546917,Percentage,11.58333302
KEN,KENYA,Probability to receive funding,By technology,Solar,Later stage,2016,3.973510027,Percentage,12.58333302
KEN,KENYA,Probability to receive funding,By technology,Solar,Later stage,2017,3.973510027,Percentage,12.58333302
KEN,KENYA,Probability to receive funding,By technology,Solar,Later stage,2018,3.870967627,Percentage,12.91666698
KEN,KENYA,Probability to receive funding,By technology,Solar,Later stage,2019,3.870967627,Percentage,12.91666698
KEN,KENYA,Probability to receive funding,By technology,Solar,Later stage,2020,3.797468424,Percentage,13.16666698
KEN,KENYA,Probability to receive funding,By technology,Solar,Later stage,2021,3.797468424,Percentage,13.16666698
KEN,KENYA,Fundings of start-ups,By technology,Solar,Later stage,2022,4.610959053,Years,13.16666698
KEN,KENYA,Probability to receive funding,By technology,Wind,Later stage,2015,0,Percentage,0.5
KEN,KENYA,Probability to receive funding,By technology,Wind,Later stage,2016,0,Percentage,0.5
KEN,KENYA,Probability to receive funding,By technology,Wind,Later stage,2017,0,Percentage,0.5
KEN,KENYA,Probability to receive funding,By technology,Wind,Later stage,2018,0,Percentage,0.5
KEN,KENYA,Probability to receive funding,By technology,Wind,Later stage,2019,0,Percentage,0.5
KEN,KENYA,Probability to receive funding,By technology,Wind,Later stage,2020,0,Percentage,0.5
KEN,KENYA,Probability to receive funding,By technology,Wind,Later stage,2021,0,Percentage,0.5
KOR,KOREA,Fundings of start-ups,"By sector (energy, green, digital)",Energy,Early stage,2012,3607922.25,USD,2
KOR,KOREA,Fundings of start-ups,"By sector (energy, green, digital)",Energy,Early stage,2013,1094088.875,USD,1
KOR,KOREA,Fundings of start-ups,"By sector (energy, green, digital)",Energy,Early stage,2014,1168307.375,USD,3
KOR,KOREA,Fundings of start-ups,"By sector (energy, green, digital)",Energy,Early stage,2015,1732950.375,USD,2
KOR,KOREA,Fundings of start-ups,"By sector (energy, green, digital)",Energy,Early stage,2016,6904271,USD,3
KOR,KOREA,Fundings of start-ups,"By sector (energy, green, digital)",Energy,Early stage,2018,6300726.5,USD,4
KOR,KOREA,Fundings of start-ups,"By sector (energy, green, digital)",Energy,Early stage,2019,11338959,USD,2
KOR,KOREA,Fundings of start-ups,"By sector (energy, green, digital)",Energy,Early stage,2020,22507142,USD,3
KOR,KOREA,Fundings of start-ups,"By sector (energy, green, digital)",Energy,Early stage,2021,25724638,USD,2
KOR,KOREA,Probability to receive funding,"By sector (energy, green, digital)",Energy,Early stage,2021,5.699481964,Percentage,193
KOR,KOREA,Fundings of start-ups,"By sector (energy, green, digital)",Energy,Early stage,2022,2.979452133,Years,193
KOR,KOREA,Fundings of start-ups,"By sector (energy, green, digital)",Energy,Early stage,2022,10000000,USD,1
KOR,KOREA,Fundings of start-ups,"By sector (energy, green, digital)",Energy and digital,Early stage,2012,533811.875,USD,1
KOR,KOREA,Fundings of start-ups,"By sector (energy, green, digital)",Energy and digital,Early stage,2013,1094088.875,USD,1
KOR,KOREA,Fundings of start-ups,"By sector (energy, green, digital)",Energy and digital,Early stage,2014,1168307.375,USD,3
KOR,KOREA,Fundings of start-ups,"By sector (energy, green, digital)",Energy and digital,Early stage,2015,1732950.375,USD,2
KOR,KOREA,Fundings of start-ups,"By sector (energy, green, digital)",Energy and digital,Early stage,2016,6904271,USD,3
KOR,KOREA,Fundings of start-ups,"By sector (energy, green, digital)",Energy and digital,Early stage,2018,6300726.5,USD,4
KOR,KOREA,Fundings of start-ups,"By sector (energy, green, digital)",Energy and digital,Early stage,2019,11338959,USD,2
KOR,KOREA,Fundings of start-ups,"By sector (energy, green, digital)",Energy and digital,Early stage,2020,22507142,USD,3
KOR,KOREA,Probability to receive funding,"By sector (energy, green, digital)",Energy and digital,Early stage,2021,12.85714245,Percentage,70
KOR,KOREA,Fundings of start-ups,"By sector (energy, green, digital)",Energy and digital,Early stage,2021,10289855,USD,1
KOR,KOREA,Fundings of start-ups,"By sector (energy, green, digital)",Energy and digital,Early stage,2022,10000000,USD,1
KOR,KOREA,Fundings of start-ups,"By sector (energy, green, digital)",Energy and digital,Early stage,2022,1.568835616,Years,70
KOR,KOREA,Fundings of start-ups,"By sector (energy, green, digital)",Energy and non-digital,Early stage,2012,3074110.5,USD,1
KOR,KOREA,Fundings of start-ups,"By sector (energy, green, digital)",Energy and non-digital,Early stage,2021,15434783,USD,1
KOR,KOREA,Probability to receive funding,"By sector (energy, green, digital)",Energy and non-digital,Early stage,2021,1.626016259,Percentage,123
KOR,KOREA,Fundings of start-ups,"By sector (energy, green, digital)",Energy and non-digital,Early stage,2022,8.621917725,Years,123
KOR,KOREA,Fundings of start-ups,"By sector (energy, green, digital)",Non-energy,Early stage,2000,24204546,USD,1
KOR,KOREA,Fundings of start-ups,"By sector (energy, green, digital)",Non-energy,Early stage,2001,36022060,USD,4
KOR,KOREA,Fundings of start-ups,"By sector (energy, green, digital)",Non-energy,Early stage,2003,755319.125,USD,1
KOR,KOREA,Fundings of start-ups,"By sector (energy, green, digital)",Non-energy,Early stage,2006,15905844,USD,2
KOR,KOREA,Fundings of start-ups,"By sector (energy, green, digital)",Non-energy,Early stage,2007,21286604,USD,5
KOR,KOREA,Fundings of start-ups,"By sector (energy, green, digital)",Non-energy,Early stage,2008,24553670,USD,5
KOR,KOREA,Fundings of start-ups,"By sector (energy, green, digital)",Non-energy,Early stage,2009,34677440,USD,6
KOR,KOREA,Fundings of start-ups,"By sector (energy, green, digital)",Non-energy,Early stage,2010,11424533,USD,10
KOR,KOREA,Fundings of start-ups,"By sector (energy, green, digital)",Non-energy,Early stage,2011,14770661,USD,13
KOR,KOREA,Fundings of start-ups,"By sector (energy, green, digital)",Non-energy,Early stage,2012,36789896,USD,38
KOR,KOREA,Fundings of start-ups,"By sector (energy, green, digital)",Non-energy,Early stage,2013,49999200,USD,62
KOR,KOREA,Fundings of start-ups,"By sector (energy, green, digital)",Non-energy,Early stage,2014,207297920,USD,126
KOR,KOREA,Fundings of start-ups,"By sector (energy, green, digital)",Non-energy,Early stage,2015,363982688,USD,126
KOR,KOREA,Fundings of start-ups,"By sector (energy, green, digital)",Non-energy,Early stage,2016,323688000,USD,113
KOR,KOREA,Fundings of start-ups,"By sector (energy, green, digital)",Non-energy,Early stage,2017,371169024,USD,112
KOR,KOREA,Fundings of start-ups,"By sector (energy, green, digital)",Non-energy,Early stage,2018,719821248,USD,112
KOR,KOREA,Fundings of start-ups,"By sector (energy, green, digital)",Non-energy,Early stage,2019,1303883776,USD,129
KOR,KOREA,Fundings of start-ups,"By sector (energy, green, digital)",Non-energy,Early stage,2020,754973056,USD,114
KOR,KOREA,Fundings of start-ups,"By sector (energy, green, digital)",Non-energy,Early stage,2021,1383552512,USD,102
KOR,KOREA,Probability to receive funding,"By sector (energy, green, digital)",Non-energy,Early stage,2021,7.577036858,Percentage,9476
KOR,KOREA,Fundings of start-ups,"By sector (energy, green, digital)",Non-energy,Early stage,2022,2.131216049,Years,9482
KOR,KOREA,Fundings of start-ups,"By sector (energy, green, digital)",Non-energy,Early stage,2022,943822208,USD,84
KOR,KOREA,Probability to receive funding,"By sector (energy, green, digital)",Energy,Later stage,2021,2.072538853,Percentage,193
KOR,KOREA,Fundings of start-ups,"By sector (energy, green, digital)",Energy,Later stage,2022,4.163698673,Years,193
KOR,KOREA,Probability to receive funding,"By sector (energy, green, digital)",Energy and digital,Later stage,2021,0,Percentage,70
KOR,KOREA,Probability to receive funding,"By sector (energy, green, digital)",Energy and non-digital,Later stage,2021,3.252032518,Percentage,123
KOR,KOREA,Fundings of start-ups,"By sector (energy, green, digital)",Energy and non-digital,Later stage,2022,4.163698673,Years,123
KOR,KOREA,Fundings of start-ups,"By sector (energy, green, digital)",Non-energy,Later stage,2009,1512435.125,USD,1
KOR,KOREA,Fundings of start-ups,"By sector (energy, green, digital)",Non-energy,Later stage,2011,6784868.5,USD,3
KOR,KOREA,Fundings of start-ups,"By sector (energy, green, digital)",Non-energy,Later stage,2012,5035764,USD,2
KOR,KOREA,Fundings of start-ups,"By sector (energy, green, digital)",Non-energy,Later stage,2013,3996415,USD,3
KOR,KOREA,Fundings of start-ups,"By sector (energy, green, digital)",Non-energy,Later stage,2014,105860128,USD,15
KOR,KOREA,Fundings of start-ups,"By sector (energy, green, digital)",Non-energy,Later stage,2015,102063128,USD,14
KOR,KOREA,Fundings of start-ups,"By sector (energy, green, digital)",Non-energy,Later stage,2016,195199168,USD,16
KOR,KOREA,Fundings of start-ups,"By sector (energy, green, digital)",Non-energy,Later stage,2017,178880064,USD,14
KOR,KOREA,Fundings of start-ups,"By sector (energy, green, digital)",Non-energy,Later stage,2018,739662720,USD,15
KOR,KOREA,Fundings of start-ups,"By sector (energy, green, digital)",Non-energy,Later stage,2019,498605664,USD,21
KOR,KOREA,Fundings of start-ups,"By sector (energy, green, digital)",Non-energy,Later stage,2020,765371584,USD,22
KOR,KOREA,Fundings of start-ups,"By sector (energy, green, digital)",Non-energy,Later stage,2021,1702560384,USD,35
KOR,KOREA,Probability to receive funding,"By sector (energy, green, digital)",Non-energy,Later stage,2021,2.564373255,Percentage,9476
KOR,KOREA,Fundings of start-ups,"By sector (energy, green, digital)",Non-energy,Later stage,2022,1438621952,USD,25
KOR,KOREA,Fundings of start-ups,"By sector (energy, green, digital)",Non-energy,Later stage,2022,3.993603468,Years,9482
KOR,KOREA,Fundings of start-ups,By technology,Energy efficiency,all,2012,300438.9063,USD,1
KOR,KOREA,Fundings of start-ups,By technology,Energy efficiency,all,2014,923404.4375,USD,2.5
KOR,KOREA,Fundings of start-ups,By technology,Energy efficiency,all,2015,1732950.375,USD,2
KOR,KOREA,Fundings of start-ups,By technology,Energy efficiency,all,2016,6650719.5,USD,2.5
KOR,KOREA,Fundings of start-ups,By technology,Energy efficiency,all,2018,3150363.25,USD,2.5
KOR,KOREA,Fundings of start-ups,By technology,Energy efficiency,all,2019,8929684,USD,1.5
KOR,KOREA,Fundings of start-ups,By technology,Energy efficiency,all,2020,6239394,USD,1
KOR,KOREA,Fundings of start-ups,By technology,Energy efficiency,all,2021,10289855,USD,1
KOR,KOREA,Fundings of start-ups,By technology,Energy efficiency,all,2022,10000000,USD,1
KOR,KOREA,Fundings of start-ups,By technology,Hydrogen and fuel cells,all,2021,7717391.5,USD,0.5
KOR,KOREA,Fundings of start-ups,By technology,Other energy,all,2012,3074110.5,USD,1
KOR,KOREA,Fundings of start-ups,By technology,Other energy,all,2013,1094088.875,USD,1
KOR,KOREA,Fundings of start-ups,By technology,Other energy,all,2020,5486363.5,USD,1
KOR,KOREA,Fundings of start-ups,By technology,Other energy,all,2021,7717391.5,USD,0.5
KOR,KOREA,Fundings of start-ups,By technology,Other renewables,all,2018,1664062.5,USD,1
KOR,KOREA,Fundings of start-ups,By technology,Other renewables,all,2020,10781384,USD,1
KOR,KOREA,Fundings of start-ups,By technology,Solar,all,2012,300438.9063,USD,1
KOR,KOREA,Fundings of start-ups,By technology,Solar,all,2014,244902.9219,USD,0.5
KOR,KOREA,Fundings of start-ups,By technology,Solar,all,2016,253551.6094,USD,0.5
KOR,KOREA,Fundings of start-ups,By technology,Solar,all,2018,1486300.75,USD,0.5
KOR,KOREA,Fundings of start-ups,By technology,Solar,all,2019,2409275.5,USD,0.5
KOR,KOREA,Probability to receive funding,By technology,Bioenergy,Early stage,2015,0,Percentage,1.333333373
KOR,KOREA,Probability to receive funding,By technology,Bioenergy,Early stage,2016,0,Percentage,1.333333373
KOR,KOREA,Probability to receive funding,By technology,Bioenergy,Early stage,2017,0,Percentage,1.333333373
KOR,KOREA,Probability to receive funding,By technology,Bioenergy,Early stage,2018,0,Percentage,1.333333373
KOR,KOREA,Probability to receive funding,By technology,Bioenergy,Early stage,2019,0,Percentage,1.333333373
KOR,KOREA,Probability to receive funding,By technology,Bioenergy,Early stage,2020,0,Percentage,1.333333373
KOR,KOREA,Probability to receive funding,By technology,Bioenergy,Early stage,2021,0,Percentage,1.333333373
KOR,KOREA,Fundings of start-ups,By technology,Clean energy,Early stage,2012,533811.875,USD,1
KOR,KOREA,Fundings of start-ups,By technology,Clean energy,Early stage,2014,489805.8438,USD,1
KOR,KOREA,Fundings of start-ups,By technology,Clean energy,Early stage,2016,507103.2188,USD,1
KOR,KOREA,Fundings of start-ups,By technology,Clean energy,Early stage,2018,4636664,USD,2
KOR,KOREA,Fundings of start-ups,By technology,Clean energy,Early stage,2019,4818551,USD,1
KOR,KOREA,Fundings of start-ups,By technology,Clean energy,Early stage,2020,10781384,USD,1
KOR,KOREA,Probability to receive funding,By technology,Clean energy,Early stage,2021,2.857142925,Percentage,70
KOR,KOREA,Fundings of start-ups,By technology,Clean energy,Early stage,2022,0.802739739,Years,70
KOR,KOREA,Probability to receive funding,By technology,Electric mobility,Early stage,2015,0,Percentage,8.583333015
KOR,KOREA,Probability to receive funding,By technology,Electric mobility,Early stage,2016,0,Percentage,12.58333302
KOR,KOREA,Probability to receive funding,By technology,Electric mobility,Early stage,2017,0,Percentage,12.58333302
KOR,KOREA,Probability to receive funding,By technology,Electric mobility,Early stage,2018,0,Percentage,13.08333302
KOR,KOREA,Probability to receive funding,By technology,Electric mobility,Early stage,2019,0,Percentage,13.08333302
KOR,KOREA,Probability to receive funding,By technology,Electric mobility,Early stage,2020,0,Percentage,13.08333302
KOR,KOREA,Probability to receive funding,By technology,Electric mobility,Early stage,2021,0,Percentage,13.08333302
KOR,KOREA,Probability to receive funding,By technology,Energy efficiency,Early stage,2015,10.50583649,Percentage,42.83333206
KOR,KOREA,Probability to receive funding,By technology,Energy efficiency,Early stage,2016,9.608540535,Percentage,46.83333206
KOR,KOREA,Probability to receive funding,By technology,Energy efficiency,Early stage,2017,8.626197815,Percentage,52.16666794
KOR,KOREA,Probability to receive funding,By technology,Energy efficiency,Early stage,2018,9.565217018,Percentage,57.5
KOR,KOREA,Probability to receive funding,By technology,Energy efficiency,Early stage,2019,11.0169487,Percentage,59
KOR,KOREA,Probability to receive funding,By technology,Energy efficiency,Early stage,2020,11.0169487,Percentage,59
KOR,KOREA,Probability to receive funding,By technology,Energy efficiency,Early stage,2021,11.0169487,Percentage,59
KOR,KOREA,Probability to receive funding,By technology,Energy storage and batteries,Early stage,2015,0,Percentage,10.91666698
KOR,KOREA,Probability to receive funding,By technology,Energy storage and batteries,Early stage,2016,0,Percentage,12.91666698
KOR,KOREA,Probability to receive funding,By technology,Energy storage and batteries,Early stage,2017,0,Percentage,13.91666698
KOR,KOREA,Probability to receive funding,By technology,Energy storage and batteries,Early stage,2018,0,Percentage,14.41666698
KOR,KOREA,Probability to receive funding,By technology,Energy storage and batteries,Early stage,2019,0,Percentage,14.41666698
KOR,KOREA,Probability to receive funding,By technology,Energy storage and batteries,Early stage,2020,0,Percentage,14.41666698
KOR,KOREA,Probability to receive funding,By technology,Energy storage and batteries,Early stage,2021,0,Percentage,14.41666698
KOR,KOREA,Probability to receive funding,By technology,Fossil fuels,Early stage,2015,0,Percentage,7.5
KOR,KOREA,Probability to receive funding,By technology,Fossil fuels,Early stage,2016,0,Percentage,8.5
KOR,KOREA,Probability to receive funding,By technology,Fossil fuels,Early stage,2017,0,Percentage,10.5
KOR,KOREA,Probability to receive funding,By technology,Fossil fuels,Early stage,2018,0,Percentage,10.5
KOR,KOREA,Probability to receive funding,By technology,Fossil fuels,Early stage,2019,0,Percentage,10.5
KOR,KOREA,Probability to receive funding,By technology,Fossil fuels,Early stage,2020,0,Percentage,11.5
KOR,KOREA,Probability to receive funding,By technology,Fossil fuels,Early stage,2021,0,Percentage,12.5
KOR,KOREA,Probability to receive funding,By technology,Grid,Early stage,2015,0,Percentage,7.166666508
KOR,KOREA,Probability to receive funding,By technology,Grid,Early stage,2016,0,Percentage,7.166666508
KOR,KOREA,Probability to receive funding,By technology,Grid,Early stage,2017,0,Percentage,7.166666508
KOR,KOREA,Probability to receive funding,By technology,Grid,Early stage,2018,0,Percentage,7.166666508
KOR,KOREA,Probability to receive funding,By technology,Grid,Early stage,2019,0,Percentage,7.166666508
KOR,KOREA,Probability to receive funding,By technology,Grid,Early stage,2020,0,Percentage,7.166666508
KOR,KOREA,Probability to receive funding,By technology,Grid,Early stage,2021,0,Percentage,7.166666508
KOR,KOREA,Probability to receive funding,By technology,Hydrogen and fuel cells,Early stage,2015,18.75,Percentage,2.666666746
KOR,KOREA,Probability to receive funding,By technology,Hydrogen and fuel cells,Early stage,2016,18.75,Percentage,2.666666746
KOR,KOREA,Probability to receive funding,By technology,Hydrogen and fuel cells,Early stage,2017,18.75,Percentage,2.666666746
KOR,KOREA,Probability to receive funding,By technology,Hydrogen and fuel cells,Early stage,2018,18.75,Percentage,2.666666746
KOR,KOREA,Probability to receive funding,By technology,Hydrogen and fuel cells,Early stage,2019,18.75,Percentage,2.666666746
KOR,KOREA,Probability to receive funding,By technology,Hydrogen and fuel cells,Early stage,2020,18.75,Percentage,2.666666746
KOR,KOREA,Probability to receive funding,By technology,Hydrogen and fuel cells,Early stage,2021,18.75,Percentage,2.666666746
KOR,KOREA,Fundings of start-ups,By technology,Non-clean energy,Early stage,2012,3074110.5,USD,1
KOR,KOREA,Fundings of start-ups,By technology,Non-clean energy,Early stage,2013,1094088.875,USD,1
KOR,KOREA,Fundings of start-ups,By technology,Non-clean energy,Early stage,2014,678501.5,USD,2
KOR,KOREA,Fundings of start-ups,By technology,Non-clean energy,Early stage,2015,1732950.375,USD,2
KOR,KOREA,Fundings of start-ups,By technology,Non-clean energy,Early stage,2016,6397168,USD,2
KOR,KOREA,Fundings of start-ups,By technology,Non-clean energy,Early stage,2018,1664062.5,USD,2
KOR,KOREA,Fundings of start-ups,By technology,Non-clean energy,Early stage,2019,6520408,USD,1
KOR,KOREA,Fundings of start-ups,By technology,Non-clean energy,Early stage,2020,11725758,USD,2
KOR,KOREA,Fundings of start-ups,By technology,Non-clean energy,Early stage,2021,25724638,USD,2
KOR,KOREA,Probability to receive funding,By technology,Non-clean energy,Early stage,2021,7.317073345,Percentage,123
KOR,KOREA,Fundings of start-ups,By technology,Non-clean energy,Early stage,2022,3.523630142,Years,123
KOR,KOREA,Fundings of start-ups,By technology,Non-clean energy,Early stage,2022,10000000,USD,1
KOR,KOREA,Probability to receive funding,By technology,Other energy,Early stage,2015,4.67532444,Percentage,32.08333206
KOR,KOREA,Probability to receive funding,By technology,Other energy,Early stage,2016,3.921568632,Percentage,38.25
KOR,KOREA,Probability to receive funding,By technology,Other energy,Early stage,2017,3.789473772,Percentage,39.58333206
KOR,KOREA,Probability to receive funding,By technology,Other energy,Early stage,2018,3.621730328,Percentage,41.41666794
KOR,KOREA,Probability to receive funding,By technology,Other energy,Early stage,2019,5.692599773,Percentage,43.91666794
KOR,KOREA,Probability to receive funding,By technology,Other energy,Early stage,2020,5.692599773,Percentage,43.91666794
KOR,KOREA,Probability to receive funding,By technology,Other energy,Early stage,2021,5.692599773,Percentage,43.91666794
KOR,KOREA,Fundings of start-ups,By technology,Other energy,Early stage,2022,4.981917858,Years,43.91666794
KOR,KOREA,Probability to receive funding,By technology,Other renewables,Early stage,2015,0,Percentage,9.583333015
KOR,KOREA,Probability to receive funding,By technology,Other renewables,Early stage,2016,0,Percentage,14.58333302
KOR,KOREA,Probability to receive funding,By technology,Other renewables,Early stage,2017,6.282722473,Percentage,15.91666698
KOR,KOREA,Probability to receive funding,By technology,Other renewables,Early stage,2018,5.797101498,Percentage,17.25
KOR,KOREA,Probability to receive funding,By technology,Other renewables,Early stage,2019,5.633802891,Percentage,17.75
KOR,KOREA,Probability to receive funding,By technology,Other renewables,Early stage,2020,5.633802891,Percentage,17.75
KOR,KOREA,Probability to receive funding,By technology,Other renewables,Early stage,2021,5.633802891,Percentage,17.75
KOR,KOREA,Fundings of start-ups,By technology,Other renewables,Early stage,2022,0.435616434,Years,17.75
KOR,KOREA,Probability to receive funding,By technology,Solar,Early stage,2015,6,Percentage,8.333333015
KOR,KOREA,Probability to receive funding,By technology,Solar,Early stage,2016,5.454545498,Percentage,9.166666985
KOR,KOREA,Probability to receive funding,By technology,Solar,Early stage,2017,4.918032646,Percentage,10.16666698
KOR,KOREA,Probability to receive funding,By technology,Solar,Early stage,2018,4.6875,Percentage,10.66666698
KOR,KOREA,Probability to receive funding,By technology,Solar,Early stage,2019,4.477612019,Percentage,11.16666698
KOR,KOREA,Probability to receive funding,By technology,Solar,Early stage,2020,4.477612019,Percentage,11.16666698
KOR,KOREA,Probability to receive funding,By technology,Solar,Early stage,2021,4.477612019,Percentage,11.16666698
KOR,KOREA,Probability to receive funding,By technology,Wind,Early stage,2015,0,Percentage,2
KOR,KOREA,Probability to receive funding,By technology,Wind,Early stage,2016,0,Percentage,2
KOR,KOREA,Probability to receive funding,By technology,Wind,Early stage,2017,0,Percentage,2
KOR,KOREA,Probability to receive funding,By technology,Wind,Early stage,2018,0,Percentage,2
KOR,KOREA,Probability to receive funding,By technology,Wind,Early stage,2019,0,Percentage,2
KOR,KOREA,Probability to receive funding,By technology,Wind,Early stage,2020,0,Percentage,2
KOR,KOREA,Probability to receive funding,By technology,Wind,Early stage,2021,0,Percentage,2
KOR,KOREA,Probability to receive funding,By technology,Bioenergy,Later stage,2015,0,Percentage,1.333333373
KOR,KOREA,Probability to receive funding,By technology,Bioenergy,Later stage,2016,0,Percentage,1.333333373
KOR,KOREA,Probability to receive funding,By technology,Bioenergy,Later stage,2017,0,Percentage,1.333333373
KOR,KOREA,Probability to receive funding,By technology,Bioenergy,Later stage,2018,0,Percentage,1.333333373
KOR,KOREA,Probability to receive funding,By technology,Bioenergy,Later stage,2019,0,Percentage,1.333333373
KOR,KOREA,Probability to receive funding,By technology,Bioenergy,Later stage,2020,0,Percentage,1.333333373
KOR,KOREA,Probability to receive funding,By technology,Bioenergy,Later stage,2021,0,Percentage,1.333333373
KOR,KOREA,Probability to receive funding,By technology,Clean energy,Later stage,2021,1.428571463,Percentage,70
KOR,KOREA,Fundings of start-ups,By technology,Clean energy,Later stage,2022,3.180821896,Years,70
KOR,KOREA,Probability to receive funding,By technology,Electric mobility,Later stage,2015,0,Percentage,8.583333015
KOR,KOREA,Probability to receive funding,By technology,Electric mobility,Later stage,2016,0,Percentage,12.58333302
KOR,KOREA,Probability to receive funding,By technology,Electric mobility,Later stage,2017,0,Percentage,12.58333302
KOR,KOREA,Probability to receive funding,By technology,Electric mobility,Later stage,2018,0,Percentage,13.08333302
KOR,KOREA,Probability to receive funding,By technology,Electric mobility,Later stage,2019,0,Percentage,13.08333302
KOR,KOREA,Probability to receive funding,By technology,Electric mobility,Later stage,2020,0,Percentage,13.08333302
KOR,KOREA,Probability to receive funding,By technology,Electric mobility,Later stage,2021,0,Percentage,13.08333302
KOR,KOREA,Probability to receive funding,By technology,Energy efficiency,Later stage,2015,0,Percentage,42.83333206
KOR,KOREA,Probability to receive funding,By technology,Energy efficiency,Later stage,2016,0,Percentage,46.83333206
KOR,KOREA,Probability to receive funding,By technology,Energy efficiency,Later stage,2017,0,Percentage,52.16666794
KOR,KOREA,Probability to receive funding,By technology,Energy efficiency,Later stage,2018,0,Percentage,57.5
KOR,KOREA,Probability to receive funding,By technology,Energy efficiency,Later stage,2019,0,Percentage,59
KOR,KOREA,Probability to receive funding,By technology,Energy efficiency,Later stage,2020,0,Percentage,59
KOR,KOREA,Probability to receive funding,By technology,Energy efficiency,Later stage,2021,0,Percentage,59
KOR,KOREA,Probability to receive funding,By technology,Energy storage and batteries,Later stage,2015,4.580152512,Percentage,10.91666698
KOR,KOREA,Probability to receive funding,By technology,Energy storage and batteries,Later stage,2016,3.870967627,Percentage,12.91666698
KOR,KOREA,Probability to receive funding,By technology,Energy storage and batteries,Later stage,2017,3.592814445,Percentage,13.91666698
KOR,KOREA,Probability to receive funding,By technology,Energy storage and batteries,Later stage,2018,3.468208075,Percentage,14.41666698
KOR,KOREA,Probability to receive funding,By technology,Energy storage and batteries,Later stage,2019,3.468208075,Percentage,14.41666698
KOR,KOREA,Probability to receive funding,By technology,Energy storage and batteries,Later stage,2020,3.468208075,Percentage,14.41666698
KOR,KOREA,Probability to receive funding,By technology,Energy storage and batteries,Later stage,2021,3.468208075,Percentage,14.41666698
KOR,KOREA,Probability to receive funding,By technology,Fossil fuels,Later stage,2015,0,Percentage,7.5
KOR,KOREA,Probability to receive funding,By technology,Fossil fuels,Later stage,2016,11.76470566,Percentage,8.5
KOR,KOREA,Probability to receive funding,By technology,Fossil fuels,Later stage,2017,9.523809433,Percentage,10.5
KOR,KOREA,Probability to receive funding,By technology,Fossil fuels,Later stage,2018,9.523809433,Percentage,10.5
KOR,KOREA,Probability to receive funding,By technology,Fossil fuels,Later stage,2019,9.523809433,Percentage,10.5
KOR,KOREA,Probability to receive funding,By technology,Fossil fuels,Later stage,2020,8.695652008,Percentage,11.5
KOR,KOREA,Probability to receive funding,By technology,Fossil fuels,Later stage,2021,8,Percentage,12.5
KOR,KOREA,Probability to receive funding,By technology,Grid,Later stage,2015,0,Percentage,7.166666508
KOR,KOREA,Probability to receive funding,By technology,Grid,Later stage,2016,0,Percentage,7.166666508
KOR,KOREA,Probability to receive funding,By technology,Grid,Later stage,2017,0,Percentage,7.166666508
KOR,KOREA,Probability to receive funding,By technology,Grid,Later stage,2018,0,Percentage,7.166666508
KOR,KOREA,Probability to receive funding,By technology,Grid,Later stage,2019,0,Percentage,7.166666508
KOR,KOREA,Probability to receive funding,By technology,Grid,Later stage,2020,0,Percentage,7.166666508
KOR,KOREA,Probability to receive funding,By technology,Grid,Later stage,2021,0,Percentage,7.166666508
KOR,KOREA,Probability to receive funding,By technology,Hydrogen and fuel cells,Later stage,2015,0,Percentage,2.666666746
KOR,KOREA,Probability to receive funding,By technology,Hydrogen and fuel cells,Later stage,2016,0,Percentage,2.666666746
KOR,KOREA,Probability to receive funding,By technology,Hydrogen and fuel cells,Later stage,2017,0,Percentage,2.666666746
KOR,KOREA,Probability to receive funding,By technology,Hydrogen and fuel cells,Later stage,2018,0,Percentage,2.666666746
KOR,KOREA,Probability to receive funding,By technology,Hydrogen and fuel cells,Later stage,2019,0,Percentage,2.666666746
KOR,KOREA,Probability to receive funding,By technology,Hydrogen and fuel cells,Later stage,2020,0,Percentage,2.666666746
KOR,KOREA,Probability to receive funding,By technology,Hydrogen and fuel cells,Later stage,2021,0,Percentage,2.666666746
KOR,KOREA,Probability to receive funding,By technology,Non-clean energy,Later stage,2021,2.439024448,Percentage,123
KOR,KOREA,Fundings of start-ups,By technology,Non-clean energy,Later stage,2022,4.491324425,Years,123
KOR,KOREA,Probability to receive funding,By technology,Other energy,Later stage,2015,1.55844152,Percentage,32.08333206
KOR,KOREA,Probability to receive funding,By technology,Other energy,Later stage,2016,1.307189584,Percentage,38.25
KOR,KOREA,Probability to receive funding,By technology,Other energy,Later stage,2017,1.263157845,Percentage,39.58333206
KOR,KOREA,Probability to receive funding,By technology,Other energy,Later stage,2018,2.414486885,Percentage,41.41666794
KOR,KOREA,Probability to receive funding,By technology,Other energy,Later stage,2019,2.277039766,Percentage,43.91666794
KOR,KOREA,Probability to receive funding,By technology,Other energy,Later stage,2020,2.277039766,Percentage,43.91666794
KOR,KOREA,Probability to receive funding,By technology,Other energy,Later stage,2021,2.277039766,Percentage,43.91666794
KOR,KOREA,Fundings of start-ups,By technology,Other energy,Later stage,2022,4.756164551,Years,43.91666794
KOR,KOREA,Probability to receive funding,By technology,Other renewables,Later stage,2015,0,Percentage,9.583333015
KOR,KOREA,Probability to receive funding,By technology,Other renewables,Later stage,2016,0,Percentage,14.58333302
KOR,KOREA,Probability to receive funding,By technology,Other renewables,Later stage,2017,0,Percentage,15.91666698
KOR,KOREA,Probability to receive funding,By technology,Other renewables,Later stage,2018,2.898550749,Percentage,17.25
KOR,KOREA,Probability to receive funding,By technology,Other renewables,Later stage,2019,2.816901445,Percentage,17.75
KOR,KOREA,Probability to receive funding,By technology,Other renewables,Later stage,2020,2.816901445,Percentage,17.75
KOR,KOREA,Probability to receive funding,By technology,Other renewables,Later stage,2021,2.816901445,Percentage,17.75
KOR,KOREA,Fundings of start-ups,By technology,Other renewables,Later stage,2022,3.180821896,Years,17.75
KOR,KOREA,Probability to receive funding,By technology,Solar,Later stage,2015,0,Percentage,8.333333015
KOR,KOREA,Probability to receive funding,By technology,Solar,Later stage,2016,0,Percentage,9.166666985
KOR,KOREA,Probability to receive funding,By technology,Solar,Later stage,2017,0,Percentage,10.16666698
KOR,KOREA,Probability to receive funding,By technology,Solar,Later stage,2018,0,Percentage,10.66666698
KOR,KOREA,Probability to receive funding,By technology,Solar,Later stage,2019,0,Percentage,11.16666698
KOR,KOREA,Probability to receive funding,By technology,Solar,Later stage,2020,0,Percentage,11.16666698
KOR,KOREA,Probability to receive funding,By technology,Solar,Later stage,2021,0,Percentage,11.16666698
KOR,KOREA,Probability to receive funding,By technology,Wind,Later stage,2015,0,Percentage,2
KOR,KOREA,Probability to receive funding,By technology,Wind,Later stage,2016,0,Percentage,2
KOR,KOREA,Probability to receive funding,By technology,Wind,Later stage,2017,0,Percentage,2
KOR,KOREA,Probability to receive funding,By technology,Wind,Later stage,2018,0,Percentage,2
KOR,KOREA,Probability to receive funding,By technology,Wind,Later stage,2019,0,Percentage,2
KOR,KOREA,Probability to receive funding,By technology,Wind,Later stage,2020,0,Percentage,2
KOR,KOREA,Probability to receive funding,By technology,Wind,Later stage,2021,0,Percentage,2
KWT,KUWAIT,Fundings of start-ups,"By sector (energy, green, digital)",Energy,Early stage,2018,1053906.25,USD,1
KWT,KUWAIT,Probability to receive funding,"By sector (energy, green, digital)",Energy,Early stage,2021,16.66666603,Percentage,6
KWT,KUWAIT,Fundings of start-ups,"By sector (energy, green, digital)",Energy,Early stage,2022,0,Years,6
KWT,KUWAIT,Fundings of start-ups,"By sector (energy, green, digital)",Energy and digital,Early stage,2018,1053906.25,USD,1
KWT,KUWAIT,Probability to receive funding,"By sector (energy, green, digital)",Energy and digital,Early stage,2021,100,Percentage,1
KWT,KUWAIT,Fundings of start-ups,"By sector (energy, green, digital)",Energy and digital,Early stage,2022,0,Years,1
KWT,KUWAIT,Probability to receive funding,"By sector (energy, green, digital)",Energy and non-digital,Early stage,2021,0,Percentage,5
KWT,KUWAIT,Fundings of start-ups,"By sector (energy, green, digital)",Non-energy,Early stage,2010,127544.9141,USD,1
KWT,KUWAIT,Fundings of start-ups,"By sector (energy, green, digital)",Non-energy,Early stage,2011,61918.60547,USD,1
KWT,KUWAIT,Fundings of start-ups,"By sector (energy, green, digital)",Non-energy,Early stage,2012,605113.625,USD,1
KWT,KUWAIT,Fundings of start-ups,"By sector (energy, green, digital)",Non-energy,Early stage,2014,1568842.625,USD,1
KWT,KUWAIT,Fundings of start-ups,"By sector (energy, green, digital)",Non-energy,Early stage,2015,2883149.25,USD,2
KWT,KUWAIT,Fundings of start-ups,"By sector (energy, green, digital)",Non-energy,Early stage,2016,3472826,USD,1
KWT,KUWAIT,Fundings of start-ups,"By sector (energy, green, digital)",Non-energy,Early stage,2017,3585877.75,USD,4
KWT,KUWAIT,Fundings of start-ups,"By sector (energy, green, digital)",Non-energy,Early stage,2018,62291408,USD,10
KWT,KUWAIT,Fundings of start-ups,"By sector (energy, green, digital)",Non-energy,Early stage,2019,20512118,USD,10
KWT,KUWAIT,Fundings of start-ups,"By sector (energy, green, digital)",Non-energy,Early stage,2020,17857576,USD,3
KWT,KUWAIT,Probability to receive funding,"By sector (energy, green, digital)",Non-energy,Early stage,2021,11.02941132,Percentage,272
KWT,KUWAIT,Fundings of start-ups,"By sector (energy, green, digital)",Non-energy,Early stage,2021,2160869.5,USD,2
KWT,KUWAIT,Fundings of start-ups,"By sector (energy, green, digital)",Non-energy,Early stage,2022,2.099452019,Years,277
KWT,KUWAIT,Fundings of start-ups,"By sector (energy, green, digital)",Non-energy,Early stage,2022,13850000,USD,4
KWT,KUWAIT,Probability to receive funding,"By sector (energy, green, digital)",Energy,Later stage,2021,0,Percentage,6
KWT,KUWAIT,Probability to receive funding,"By sector (energy, green, digital)",Energy and digital,Later stage,2021,0,Percentage,1
KWT,KUWAIT,Probability to receive funding,"By sector (energy, green, digital)",Energy and non-digital,Later stage,2021,0,Percentage,5
KWT,KUWAIT,Fundings of start-ups,"By sector (energy, green, digital)",Non-energy,Later stage,2021,10289855,USD,1
KWT,KUWAIT,Probability to receive funding,"By sector (energy, green, digital)",Non-energy,Later stage,2021,1.470588207,Percentage,272
KWT,KUWAIT,Fundings of start-ups,"By sector (energy, green, digital)",Non-energy,Later stage,2022,6000000,USD,1
KWT,KUWAIT,Fundings of start-ups,"By sector (energy, green, digital)",Non-energy,Later stage,2022,7.807534218,Years,277
KWT,KUWAIT,Probability to receive funding,By technology,Clean energy,Early stage,2021,0,Percentage,1
KWT,KUWAIT,Probability to receive funding,By technology,Energy efficiency,Early stage,2015,0,Percentage,0.200000003
KWT,KUWAIT,Probability to receive funding,By technology,Energy efficiency,Early stage,2016,0,Percentage,0.200000003
KWT,KUWAIT,Probability to receive funding,By technology,Energy efficiency,Early stage,2017,0,Percentage,0.200000003
KWT,KUWAIT,Probability to receive funding,By technology,Energy efficiency,Early stage,2018,0,Percentage,0.200000003
KWT,KUWAIT,Probability to receive funding,By technology,Energy efficiency,Early stage,2019,0,Percentage,0.200000003
KWT,KUWAIT,Probability to receive funding,By technology,Energy efficiency,Early stage,2020,0,Percentage,0.200000003
KWT,KUWAIT,Probability to receive funding,By technology,Energy efficiency,Early stage,2021,0,Percentage,0.200000003
KWT,KUWAIT,Probability to receive funding,By technology,Energy storage and batteries,Early stage,2015,0,Percentage,0.200000003
KWT,KUWAIT,Probability to receive funding,By technology,Energy storage and batteries,Early stage,2016,0,Percentage,0.200000003
KWT,KUWAIT,Probability to receive funding,By technology,Energy storage and batteries,Early stage,2017,0,Percentage,0.200000003
KWT,KUWAIT,Probability to receive funding,By technology,Energy storage and batteries,Early stage,2018,0,Percentage,0.200000003
KWT,KUWAIT,Probability to receive funding,By technology,Energy storage and batteries,Early stage,2019,0,Percentage,0.200000003
KWT,KUWAIT,Probability to receive funding,By technology,Energy storage and batteries,Early stage,2020,0,Percentage,0.200000003
KWT,KUWAIT,Probability to receive funding,By technology,Energy storage and batteries,Early stage,2021,0,Percentage,0.200000003
KWT,KUWAIT,Probability to receive funding,By technology,Fossil fuels,Early stage,2015,0,Percentage,2
KWT,KUWAIT,Probability to receive funding,By technology,Fossil fuels,Early stage,2016,0,Percentage,2
KWT,KUWAIT,Probability to receive funding,By technology,Fossil fuels,Early stage,2017,0,Percentage,2.5
KWT,KUWAIT,Probability to receive funding,By technology,Fossil fuels,Early stage,2018,0,Percentage,2.5
KWT,KUWAIT,Probability to receive funding,By technology,Fossil fuels,Early stage,2019,0,Percentage,2.5
KWT,KUWAIT,Probability to receive funding,By technology,Fossil fuels,Early stage,2020,0,Percentage,2.5
KWT,KUWAIT,Probability to receive funding,By technology,Fossil fuels,Early stage,2021,0,Percentage,2.5
KWT,KUWAIT,Probability to receive funding,By technology,Grid,Early stage,2015,0,Percentage,0.400000006
KWT,KUWAIT,Probability to receive funding,By technology,Grid,Early stage,2016,0,Percentage,0.400000006
KWT,KUWAIT,Probability to receive funding,By technology,Grid,Early stage,2017,0,Percentage,0.400000006
KWT,KUWAIT,Probability to receive funding,By technology,Grid,Early stage,2018,0,Percentage,0.400000006
KWT,KUWAIT,Probability to receive funding,By technology,Grid,Early stage,2019,0,Percentage,0.400000006
KWT,KUWAIT,Probability to receive funding,By technology,Grid,Early stage,2020,0,Percentage,0.400000006
KWT,KUWAIT,Probability to receive funding,By technology,Grid,Early stage,2021,0,Percentage,0.400000006
KWT,KUWAIT,Fundings of start-ups,By technology,Non-clean energy,Early stage,2018,1053906.25,USD,1
KWT,KUWAIT,Probability to receive funding,By technology,Non-clean energy,Early stage,2021,20,Percentage,5
KWT,KUWAIT,Fundings of start-ups,By technology,Non-clean energy,Early stage,2022,0,Years,5
KWT,KUWAIT,Probability to receive funding,By technology,Other energy,Early stage,2015,0,Percentage,1.200000048
KWT,KUWAIT,Probability to receive funding,By technology,Other energy,Early stage,2016,0,Percentage,1.200000048
KWT,KUWAIT,Probability to receive funding,By technology,Other energy,Early stage,2017,0,Percentage,1.700000048
KWT,KUWAIT,Probability to receive funding,By technology,Other energy,Early stage,2018,0,Percentage,1.700000048
KWT,KUWAIT,Probability to receive funding,By technology,Other energy,Early stage,2019,0,Percentage,1.700000048
KWT,KUWAIT,Probability to receive funding,By technology,Other energy,Early stage,2020,0,Percentage,1.700000048
KWT,KUWAIT,Probability to receive funding,By technology,Other energy,Early stage,2021,0,Percentage,1.700000048
KWT,KUWAIT,Probability to receive funding,By technology,Clean energy,Later stage,2021,0,Percentage,1
KWT,KUWAIT,Probability to receive funding,By technology,Energy efficiency,Later stage,2015,0,Percentage,0.200000003
KWT,KUWAIT,Probability to receive funding,By technology,Energy efficiency,Later stage,2016,0,Percentage,0.200000003
KWT,KUWAIT,Probability to receive funding,By technology,Energy efficiency,Later stage,2017,0,Percentage,0.200000003
KWT,KUWAIT,Probability to receive funding,By technology,Energy efficiency,Later stage,2018,0,Percentage,0.200000003
KWT,KUWAIT,Probability to receive funding,By technology,Energy efficiency,Later stage,2019,0,Percentage,0.200000003
KWT,KUWAIT,Probability to receive funding,By technology,Energy efficiency,Later stage,2020,0,Percentage,0.200000003
KWT,KUWAIT,Probability to receive funding,By technology,Energy efficiency,Later stage,2021,0,Percentage,0.200000003
KWT,KUWAIT,Probability to receive funding,By technology,Energy storage and batteries,Later stage,2015,0,Percentage,0.200000003
KWT,KUWAIT,Probability to receive funding,By technology,Energy storage and batteries,Later stage,2016,0,Percentage,0.200000003
KWT,KUWAIT,Probability to receive funding,By technology,Energy storage and batteries,Later stage,2017,0,Percentage,0.200000003
KWT,KUWAIT,Probability to receive funding,By technology,Energy storage and batteries,Later stage,2018,0,Percentage,0.200000003
KWT,KUWAIT,Probability to receive funding,By technology,Energy storage and batteries,Later stage,2019,0,Percentage,0.200000003
KWT,KUWAIT,Probability to receive funding,By technology,Energy storage and batteries,Later stage,2020,0,Percentage,0.200000003
KWT,KUWAIT,Probability to receive funding,By technology,Energy storage and batteries,Later stage,2021,0,Percentage,0.200000003
KWT,KUWAIT,Probability to receive funding,By technology,Fossil fuels,Later stage,2015,0,Percentage,2
KWT,KUWAIT,Probability to receive funding,By technology,Fossil fuels,Later stage,2016,0,Percentage,2
KWT,KUWAIT,Probability to receive funding,By technology,Fossil fuels,Later stage,2017,0,Percentage,2.5
KWT,KUWAIT,Probability to receive funding,By technology,Fossil fuels,Later stage,2018,0,Percentage,2.5
KWT,KUWAIT,Probability to receive funding,By technology,Fossil fuels,Later stage,2019,0,Percentage,2.5
KWT,KUWAIT,Probability to receive funding,By technology,Fossil fuels,Later stage,2020,0,Percentage,2.5
KWT,KUWAIT,Probability to receive funding,By technology,Fossil fuels,Later stage,2021,0,Percentage,2.5
KWT,KUWAIT,Probability to receive funding,By technology,Grid,Later stage,2015,0,Percentage,0.400000006
KWT,KUWAIT,Probability to receive funding,By technology,Grid,Later stage,2016,0,Percentage,0.400000006
KWT,KUWAIT,Probability to receive funding,By technology,Grid,Later stage,2017,0,Percentage,0.400000006
KWT,KUWAIT,Probability to receive funding,By technology,Grid,Later stage,2018,0,Percentage,0.400000006
KWT,KUWAIT,Probability to receive funding,By technology,Grid,Later stage,2019,0,Percentage,0.400000006
KWT,KUWAIT,Probability to receive funding,By technology,Grid,Later stage,2020,0,Percentage,0.400000006
KWT,KUWAIT,Probability to receive funding,By technology,Grid,Later stage,2021,0,Percentage,0.400000006
KWT,KUWAIT,Probability to receive funding,By technology,Non-clean energy,Later stage,2021,0,Percentage,5
KWT,KUWAIT,Probability to receive funding,By technology,Other energy,Later stage,2015,0,Percentage,1.200000048
KWT,KUWAIT,Probability to receive funding,By technology,Other energy,Later stage,2016,0,Percentage,1.200000048
KWT,KUWAIT,Probability to receive funding,By technology,Other energy,Later stage,2017,0,Percentage,1.700000048
KWT,KUWAIT,Probability to receive funding,By technology,Other energy,Later stage,2018,0,Percentage,1.700000048
KWT,KUWAIT,Probability to receive funding,By technology,Other energy,Later stage,2019,0,Percentage,1.700000048
KWT,KUWAIT,Probability to receive funding,By technology,Other energy,Later stage,2020,0,Percentage,1.700000048
KWT,KUWAIT,Probability to receive funding,By technology,Other energy,Later stage,2021,0,Percentage,1.700000048
KGZ,KYRGYZSTAN,Probability to receive funding,"By sector (energy, green, digital)",Non-energy,Early stage,2021,0,Percentage,29
KGZ,KYRGYZSTAN,Probability to receive funding,"By sector (energy, green, digital)",Non-energy,Later stage,2021,0,Percentage,29
LVA,LATVIA,Fundings of start-ups,"By sector (energy, green, digital)",Energy,Early stage,2015,4793785,USD,2
LVA,LATVIA,Fundings of start-ups,"By sector (energy, green, digital)",Energy,Early stage,2017,338183.9375,USD,1
LVA,LATVIA,Probability to receive funding,"By sector (energy, green, digital)",Energy,Early stage,2021,30.43478203,Percentage,23
LVA,LATVIA,Fundings of start-ups,"By sector (energy, green, digital)",Energy,Early stage,2022,1.909589052,Years,23
LVA,LATVIA,Fundings of start-ups,"By sector (energy, green, digital)",Energy and digital,Early stage,2017,338183.9375,USD,1
LVA,LATVIA,Probability to receive funding,"By sector (energy, green, digital)",Energy and digital,Early stage,2021,31.25,Percentage,16
LVA,LATVIA,Fundings of start-ups,"By sector (energy, green, digital)",Energy and digital,Early stage,2022,1.379726052,Years,16
LVA,LATVIA,Fundings of start-ups,"By sector (energy, green, digital)",Energy and non-digital,Early stage,2015,4793785,USD,2
LVA,LATVIA,Probability to receive funding,"By sector (energy, green, digital)",Energy and non-digital,Early stage,2021,28.5714283,Percentage,7
LVA,LATVIA,Fundings of start-ups,"By sector (energy, green, digital)",Energy and non-digital,Early stage,2022,3.234246492,Years,7
LVA,LATVIA,Fundings of start-ups,"By sector (energy, green, digital)",Non-energy,Early stage,2008,145895.9688,USD,1
LVA,LATVIA,Fundings of start-ups,"By sector (energy, green, digital)",Non-energy,Early stage,2010,1579303.125,USD,3
LVA,LATVIA,Fundings of start-ups,"By sector (energy, green, digital)",Non-energy,Early stage,2011,671873.8125,USD,4
LVA,LATVIA,Fundings of start-ups,"By sector (energy, green, digital)",Non-energy,Early stage,2012,9558169,USD,4
LVA,LATVIA,Fundings of start-ups,"By sector (energy, green, digital)",Non-energy,Early stage,2013,2144091.5,USD,9
LVA,LATVIA,Fundings of start-ups,"By sector (energy, green, digital)",Non-energy,Early stage,2014,9507474,USD,24
LVA,LATVIA,Fundings of start-ups,"By sector (energy, green, digital)",Non-energy,Early stage,2015,5918039,USD,14
LVA,LATVIA,Fundings of start-ups,"By sector (energy, green, digital)",Non-energy,Early stage,2016,15028591,USD,21
LVA,LATVIA,Fundings of start-ups,"By sector (energy, green, digital)",Non-energy,Early stage,2017,4800973.5,USD,11
LVA,LATVIA,Fundings of start-ups,"By sector (energy, green, digital)",Non-energy,Early stage,2018,8639301,USD,7
LVA,LATVIA,Fundings of start-ups,"By sector (energy, green, digital)",Non-energy,Early stage,2019,7772532,USD,7
LVA,LATVIA,Fundings of start-ups,"By sector (energy, green, digital)",Non-energy,Early stage,2020,7825302.5,USD,12
LVA,LATVIA,Fundings of start-ups,"By sector (energy, green, digital)",Non-energy,Early stage,2021,10642491,USD,15
LVA,LATVIA,Probability to receive funding,"By sector (energy, green, digital)",Non-energy,Early stage,2021,18.8562603,Percentage,647
LVA,LATVIA,Fundings of start-ups,"By sector (energy, green, digital)",Non-energy,Early stage,2022,1.366299152,Years,652
LVA,LATVIA,Fundings of start-ups,"By sector (energy, green, digital)",Non-energy,Early stage,2022,6449409,USD,5
LVA,LATVIA,Probability to receive funding,"By sector (energy, green, digital)",Energy,Later stage,2021,0,Percentage,23
LVA,LATVIA,Probability to receive funding,"By sector (energy, green, digital)",Energy and digital,Later stage,2021,0,Percentage,16
LVA,LATVIA,Probability to receive funding,"By sector (energy, green, digital)",Energy and non-digital,Later stage,2021,0,Percentage,7
LVA,LATVIA,Fundings of start-ups,"By sector (energy, green, digital)",Non-energy,Later stage,2013,7937903.5,USD,2
LVA,LATVIA,Fundings of start-ups,"By sector (energy, green, digital)",Non-energy,Later stage,2014,9736883,USD,3
LVA,LATVIA,Fundings of start-ups,"By sector (energy, green, digital)",Non-energy,Later stage,2015,1310806.75,USD,2
LVA,LATVIA,Fundings of start-ups,"By sector (energy, green, digital)",Non-energy,Later stage,2016,890468.5,USD,1
LVA,LATVIA,Fundings of start-ups,"By sector (energy, green, digital)",Non-energy,Later stage,2018,3751991.75,USD,1
LVA,LATVIA,Fundings of start-ups,"By sector (energy, green, digital)",Non-energy,Later stage,2019,1778506.5,USD,1
LVA,LATVIA,Probability to receive funding,"By sector (energy, green, digital)",Non-energy,Later stage,2021,2.782071114,Percentage,647
LVA,LATVIA,Fundings of start-ups,"By sector (energy, green, digital)",Non-energy,Later stage,2021,6209798,USD,1
LVA,LATVIA,Fundings of start-ups,"By sector (energy, green, digital)",Non-energy,Later stage,2022,5.575494766,Years,652
LVA,LATVIA,Fundings of start-ups,By technology,Energy efficiency,all,2015,337500.25,USD,0.5
LVA,LATVIA,Fundings of start-ups,By technology,Energy efficiency,all,2017,338183.9375,USD,1
LVA,LATVIA,Fundings of start-ups,By technology,Other energy,all,2015,4456285,USD,1.5
LVA,LATVIA,Fundings of start-ups,By technology,Clean energy,Early stage,2017,338183.9375,USD,1
LVA,LATVIA,Probability to receive funding,By technology,Clean energy,Early stage,2021,33.33333206,Percentage,12
LVA,LATVIA,Fundings of start-ups,By technology,Clean energy,Early stage,2022,1.586301327,Years,12
LVA,LATVIA,Probability to receive funding,By technology,Electric mobility,Early stage,2015,0,Percentage,1
LVA,LATVIA,Probability to receive funding,By technology,Electric mobility,Early stage,2016,0,Percentage,1
LVA,LATVIA,Probability to receive funding,By technology,Electric mobility,Early stage,2017,0,Percentage,2
LVA,LATVIA,Probability to receive funding,By technology,Electric mobility,Early stage,2018,0,Percentage,2
LVA,LATVIA,Probability to receive funding,By technology,Electric mobility,Early stage,2019,0,Percentage,2
LVA,LATVIA,Probability to receive funding,By technology,Electric mobility,Early stage,2020,14.28571415,Percentage,2.333333254
LVA,LATVIA,Probability to receive funding,By technology,Electric mobility,Early stage,2021,14.28571415,Percentage,2.333333254
LVA,LATVIA,Probability to receive funding,By technology,Energy efficiency,Early stage,2015,42.8571434,Percentage,3.5
LVA,LATVIA,Probability to receive funding,By technology,Energy efficiency,Early stage,2016,28.94736862,Percentage,6.333333492
LVA,LATVIA,Probability to receive funding,By technology,Energy efficiency,Early stage,2017,28.94736862,Percentage,6.333333492
LVA,LATVIA,Probability to receive funding,By technology,Energy efficiency,Early stage,2018,28.94736862,Percentage,6.333333492
LVA,LATVIA,Probability to receive funding,By technology,Energy efficiency,Early stage,2019,25,Percentage,7.333333492
LVA,LATVIA,Probability to receive funding,By technology,Energy efficiency,Early stage,2020,34,Percentage,8.333333015
LVA,LATVIA,Probability to receive funding,By technology,Energy efficiency,Early stage,2021,34,Percentage,8.333333015
LVA,LATVIA,Probability to receive funding,By technology,Energy storage and batteries,Early stage,2017,0,Percentage,0.333333343
LVA,LATVIA,Probability to receive funding,By technology,Energy storage and batteries,Early stage,2018,0,Percentage,0.333333343
LVA,LATVIA,Probability to receive funding,By technology,Energy storage and batteries,Early stage,2019,0,Percentage,0.333333343
LVA,LATVIA,Probability to receive funding,By technology,Energy storage and batteries,Early stage,2020,50,Percentage,0.666666687
LVA,LATVIA,Probability to receive funding,By technology,Energy storage and batteries,Early stage,2021,50,Percentage,0.666666687
LVA,LATVIA,Probability to receive funding,By technology,Fossil fuels,Early stage,2015,0,Percentage,1
LVA,LATVIA,Probability to receive funding,By technology,Fossil fuels,Early stage,2016,0,Percentage,1
LVA,LATVIA,Probability to receive funding,By technology,Fossil fuels,Early stage,2017,0,Percentage,1
LVA,LATVIA,Probability to receive funding,By technology,Fossil fuels,Early stage,2018,0,Percentage,1
LVA,LATVIA,Probability to receive funding,By technology,Fossil fuels,Early stage,2019,0,Percentage,1
LVA,LATVIA,Probability to receive funding,By technology,Fossil fuels,Early stage,2020,0,Percentage,1
LVA,LATVIA,Probability to receive funding,By technology,Fossil fuels,Early stage,2021,0,Percentage,1
LVA,LATVIA,Probability to receive funding,By technology,Grid,Early stage,2016,100,Percentage,0.333333343
LVA,LATVIA,Probability to receive funding,By technology,Grid,Early stage,2017,100,Percentage,0.333333343
LVA,LATVIA,Probability to receive funding,By technology,Grid,Early stage,2018,100,Percentage,0.333333343
LVA,LATVIA,Probability to receive funding,By technology,Grid,Early stage,2019,100,Percentage,0.333333343
LVA,LATVIA,Probability to receive funding,By technology,Grid,Early stage,2020,100,Percentage,0.333333343
LVA,LATVIA,Probability to receive funding,By technology,Grid,Early stage,2021,100,Percentage,0.333333343
LVA,LATVIA,Fundings of start-ups,By technology,Non-clean energy,Early stage,2015,4793785,USD,2
LVA,LATVIA,Probability to receive funding,By technology,Non-clean energy,Early stage,2021,27.27272797,Percentage,11
LVA,LATVIA,Fundings of start-ups,By technology,Non-clean energy,Early stage,2022,2.340639353,Years,11
LVA,LATVIA,Probability to receive funding,By technology,Other energy,Early stage,2015,60,Percentage,2.5
LVA,LATVIA,Probability to receive funding,By technology,Other energy,Early stage,2016,59.45946121,Percentage,3.083333254
LVA,LATVIA,Probability to receive funding,By technology,Other energy,Early stage,2017,53.658535,Percentage,3.416666746
LVA,LATVIA,Probability to receive funding,By technology,Other energy,Early stage,2018,41.50943375,Percentage,4.416666508
LVA,LATVIA,Probability to receive funding,By technology,Other energy,Early stage,2019,41.50943375,Percentage,4.416666508
LVA,LATVIA,Probability to receive funding,By technology,Other energy,Early stage,2020,41.50943375,Percentage,4.416666508
LVA,LATVIA,Probability to receive funding,By technology,Other energy,Early stage,2021,41.50943375,Percentage,4.416666508
LVA,LATVIA,Probability to receive funding,By technology,Other renewables,Early stage,2015,0,Percentage,2
LVA,LATVIA,Probability to receive funding,By technology,Other renewables,Early stage,2016,0,Percentage,2.25
LVA,LATVIA,Probability to receive funding,By technology,Other renewables,Early stage,2017,16.21621704,Percentage,3.083333254
LVA,LATVIA,Probability to receive funding,By technology,Other renewables,Early stage,2018,16.21621704,Percentage,3.083333254
LVA,LATVIA,Probability to receive funding,By technology,Other renewables,Early stage,2019,12.24489784,Percentage,4.083333492
LVA,LATVIA,Probability to receive funding,By technology,Other renewables,Early stage,2020,18.86792374,Percentage,4.416666508
LVA,LATVIA,Probability to receive funding,By technology,Other renewables,Early stage,2021,18.86792374,Percentage,4.416666508
LVA,LATVIA,Probability to receive funding,By technology,Solar,Early stage,2017,100,Percentage,0.5
LVA,LATVIA,Probability to receive funding,By technology,Solar,Early stage,2018,100,Percentage,0.5
LVA,LATVIA,Probability to receive funding,By technology,Solar,Early stage,2019,100,Percentage,0.5
LVA,LATVIA,Probability to receive funding,By technology,Solar,Early stage,2020,100,Percentage,0.5
LVA,LATVIA,Probability to receive funding,By technology,Solar,Early stage,2021,100,Percentage,0.5
LVA,LATVIA,Probability to receive funding,By technology,Clean energy,Later stage,2021,0,Percentage,12
LVA,LATVIA,Probability to receive funding,By technology,Electric mobility,Later stage,2015,0,Percentage,1
LVA,LATVIA,Probability to receive funding,By technology,Electric mobility,Later stage,2016,0,Percentage,1
LVA,LATVIA,Probability to receive funding,By technology,Electric mobility,Later stage,2017,0,Percentage,2
LVA,LATVIA,Probability to receive funding,By technology,Electric mobility,Later stage,2018,0,Percentage,2
LVA,LATVIA,Probability to receive funding,By technology,Electric mobility,Later stage,2019,0,Percentage,2
LVA,LATVIA,Probability to receive funding,By technology,Electric mobility,Later stage,2020,0,Percentage,2.333333254
LVA,LATVIA,Probability to receive funding,By technology,Electric mobility,Later stage,2021,0,Percentage,2.333333254
LVA,LATVIA,Probability to receive funding,By technology,Energy efficiency,Later stage,2015,0,Percentage,3.5
LVA,LATVIA,Probability to receive funding,By technology,Energy efficiency,Later stage,2016,0,Percentage,6.333333492
LVA,LATVIA,Probability to receive funding,By technology,Energy efficiency,Later stage,2017,0,Percentage,6.333333492
LVA,LATVIA,Probability to receive funding,By technology,Energy efficiency,Later stage,2018,0,Percentage,6.333333492
LVA,LATVIA,Probability to receive funding,By technology,Energy efficiency,Later stage,2019,0,Percentage,7.333333492
LVA,LATVIA,Probability to receive funding,By technology,Energy efficiency,Later stage,2020,0,Percentage,8.333333015
LVA,LATVIA,Probability to receive funding,By technology,Energy efficiency,Later stage,2021,0,Percentage,8.333333015
LVA,LATVIA,Probability to receive funding,By technology,Energy storage and batteries,Later stage,2017,0,Percentage,0.333333343
LVA,LATVIA,Probability to receive funding,By technology,Energy storage and batteries,Later stage,2018,0,Percentage,0.333333343
LVA,LATVIA,Probability to receive funding,By technology,Energy storage and batteries,Later stage,2019,0,Percentage,0.333333343
LVA,LATVIA,Probability to receive funding,By technology,Energy storage and batteries,Later stage,2020,0,Percentage,0.666666687
LVA,LATVIA,Probability to receive funding,By technology,Energy storage and batteries,Later stage,2021,0,Percentage,0.666666687
LVA,LATVIA,Probability to receive funding,By technology,Fossil fuels,Later stage,2015,0,Percentage,1
LVA,LATVIA,Probability to receive funding,By technology,Fossil fuels,Later stage,2016,0,Percentage,1
LVA,LATVIA,Probability to receive funding,By technology,Fossil fuels,Later stage,2017,0,Percentage,1
LVA,LATVIA,Probability to receive funding,By technology,Fossil fuels,Later stage,2018,0,Percentage,1
LVA,LATVIA,Probability to receive funding,By technology,Fossil fuels,Later stage,2019,0,Percentage,1
LVA,LATVIA,Probability to receive funding,By technology,Fossil fuels,Later stage,2020,0,Percentage,1
LVA,LATVIA,Probability to receive funding,By technology,Fossil fuels,Later stage,2021,0,Percentage,1
LVA,LATVIA,Probability to receive funding,By technology,Grid,Later stage,2016,0,Percentage,0.333333343
LVA,LATVIA,Probability to receive funding,By technology,Grid,Later stage,2017,0,Percentage,0.333333343
LVA,LATVIA,Probability to receive funding,By technology,Grid,Later stage,2018,0,Percentage,0.333333343
LVA,LATVIA,Probability to receive funding,By technology,Grid,Later stage,2019,0,Percentage,0.333333343
LVA,LATVIA,Probability to receive funding,By technology,Grid,Later stage,2020,0,Percentage,0.333333343
LVA,LATVIA,Probability to receive funding,By technology,Grid,Later stage,2021,0,Percentage,0.333333343
LVA,LATVIA,Probability to receive funding,By technology,Non-clean energy,Later stage,2021,0,Percentage,11
LVA,LATVIA,Probability to receive funding,By technology,Other energy,Later stage,2015,0,Percentage,2.5
LVA,LATVIA,Probability to receive funding,By technology,Other energy,Later stage,2016,0,Percentage,3.083333254
LVA,LATVIA,Probability to receive funding,By technology,Other energy,Later stage,2017,0,Percentage,3.416666746
LVA,LATVIA,Probability to receive funding,By technology,Other energy,Later stage,2018,0,Percentage,4.416666508
LVA,LATVIA,Probability to receive funding,By technology,Other energy,Later stage,2019,0,Percentage,4.416666508
LVA,LATVIA,Probability to receive funding,By technology,Other energy,Later stage,2020,0,Percentage,4.416666508
LVA,LATVIA,Probability to receive funding,By technology,Other energy,Later stage,2021,0,Percentage,4.416666508
LVA,LATVIA,Probability to receive funding,By technology,Other renewables,Later stage,2015,0,Percentage,2
LVA,LATVIA,Probability to receive funding,By technology,Other renewables,Later stage,2016,0,Percentage,2.25
LVA,LATVIA,Probability to receive funding,By technology,Other renewables,Later stage,2017,0,Percentage,3.083333254
LVA,LATVIA,Probability to receive funding,By technology,Other renewables,Later stage,2018,0,Percentage,3.083333254
LVA,LATVIA,Probability to receive funding,By technology,Other renewables,Later stage,2019,0,Percentage,4.083333492
LVA,LATVIA,Probability to receive funding,By technology,Other renewables,Later stage,2020,0,Percentage,4.416666508
LVA,LATVIA,Probability to receive funding,By technology,Other renewables,Later stage,2021,0,Percentage,4.416666508
LVA,LATVIA,Probability to receive funding,By technology,Solar,Later stage,2017,0,Percentage,0.5
LVA,LATVIA,Probability to receive funding,By technology,Solar,Later stage,2018,0,Percentage,0.5
LVA,LATVIA,Probability to receive funding,By technology,Solar,Later stage,2019,0,Percentage,0.5
LVA,LATVIA,Probability to receive funding,By technology,Solar,Later stage,2020,0,Percentage,0.5
LVA,LATVIA,Probability to receive funding,By technology,Solar,Later stage,2021,0,Percentage,0.5
LBN,LEBANON,Probability to receive funding,"By sector (energy, green, digital)",Energy,Early stage,2021,0,Percentage,6
LBN,LEBANON,Probability to receive funding,"By sector (energy, green, digital)",Energy and digital,Early stage,2021,0,Percentage,3
LBN,LEBANON,Probability to receive funding,"By sector (energy, green, digital)",Energy and non-digital,Early stage,2021,0,Percentage,3
LBN,LEBANON,Fundings of start-ups,"By sector (energy, green, digital)",Non-energy,Early stage,2012,2182039.75,USD,4
LBN,LEBANON,Fundings of start-ups,"By sector (energy, green, digital)",Non-energy,Early stage,2013,10291011,USD,4
LBN,LEBANON,Fundings of start-ups,"By sector (energy, green, digital)",Non-energy,Early stage,2014,4271768,USD,6
LBN,LEBANON,Fundings of start-ups,"By sector (energy, green, digital)",Non-energy,Early stage,2015,9696796,USD,9
LBN,LEBANON,Fundings of start-ups,"By sector (energy, green, digital)",Non-energy,Early stage,2016,6916712,USD,9
LBN,LEBANON,Fundings of start-ups,"By sector (energy, green, digital)",Non-energy,Early stage,2017,10015532,USD,13
LBN,LEBANON,Fundings of start-ups,"By sector (energy, green, digital)",Non-energy,Early stage,2018,12452734,USD,15
LBN,LEBANON,Fundings of start-ups,"By sector (energy, green, digital)",Non-energy,Early stage,2019,9949880,USD,12
LBN,LEBANON,Fundings of start-ups,"By sector (energy, green, digital)",Non-energy,Early stage,2021,308695.6563,USD,1
LBN,LEBANON,Probability to receive funding,"By sector (energy, green, digital)",Non-energy,Early stage,2021,15.34391499,Percentage,378
LBN,LEBANON,Fundings of start-ups,"By sector (energy, green, digital)",Non-energy,Early stage,2022,1.522999287,Years,378
LBN,LEBANON,Fundings of start-ups,"By sector (energy, green, digital)",Non-energy,Early stage,2022,19600000,USD,2
LBN,LEBANON,Probability to receive funding,"By sector (energy, green, digital)",Energy,Later stage,2021,0,Percentage,6
LBN,LEBANON,Probability to receive funding,"By sector (energy, green, digital)",Energy and digital,Later stage,2021,0,Percentage,3
LBN,LEBANON,Probability to receive funding,"By sector (energy, green, digital)",Energy and non-digital,Later stage,2021,0,Percentage,3
LBN,LEBANON,Probability to receive funding,"By sector (energy, green, digital)",Non-energy,Later stage,2021,1.058201075,Percentage,378
LBN,LEBANON,Fundings of start-ups,"By sector (energy, green, digital)",Non-energy,Later stage,2022,5.95616436,Years,378
LBN,LEBANON,Probability to receive funding,By technology,Clean energy,Early stage,2021,0,Percentage,1
LBN,LEBANON,Probability to receive funding,By technology,Energy storage and batteries,Early stage,2017,0,Percentage,1
LBN,LEBANON,Probability to receive funding,By technology,Energy storage and batteries,Early stage,2018,0,Percentage,1
LBN,LEBANON,Probability to receive funding,By technology,Energy storage and batteries,Early stage,2019,0,Percentage,1
LBN,LEBANON,Probability to receive funding,By technology,Energy storage and batteries,Early stage,2020,0,Percentage,1
LBN,LEBANON,Probability to receive funding,By technology,Energy storage and batteries,Early stage,2021,0,Percentage,1
LBN,LEBANON,Probability to receive funding,By technology,Fossil fuels,Early stage,2015,0,Percentage,0.333333343
LBN,LEBANON,Probability to receive funding,By technology,Fossil fuels,Early stage,2016,0,Percentage,0.333333343
LBN,LEBANON,Probability to receive funding,By technology,Fossil fuels,Early stage,2017,0,Percentage,0.333333343
LBN,LEBANON,Probability to receive funding,By technology,Fossil fuels,Early stage,2018,0,Percentage,0.333333343
LBN,LEBANON,Probability to receive funding,By technology,Fossil fuels,Early stage,2019,0,Percentage,0.333333343
LBN,LEBANON,Probability to receive funding,By technology,Fossil fuels,Early stage,2020,0,Percentage,1.333333373
LBN,LEBANON,Probability to receive funding,By technology,Fossil fuels,Early stage,2021,0,Percentage,1.333333373
LBN,LEBANON,Probability to receive funding,By technology,Grid,Early stage,2015,0,Percentage,1
LBN,LEBANON,Probability to receive funding,By technology,Grid,Early stage,2016,0,Percentage,1
LBN,LEBANON,Probability to receive funding,By technology,Grid,Early stage,2017,0,Percentage,1
LBN,LEBANON,Probability to receive funding,By technology,Grid,Early stage,2018,0,Percentage,1
LBN,LEBANON,Probability to receive funding,By technology,Grid,Early stage,2019,0,Percentage,1
LBN,LEBANON,Probability to receive funding,By technology,Grid,Early stage,2020,0,Percentage,1
LBN,LEBANON,Probability to receive funding,By technology,Grid,Early stage,2021,0,Percentage,1
LBN,LEBANON,Probability to receive funding,By technology,Non-clean energy,Early stage,2021,0,Percentage,5
LBN,LEBANON,Probability to receive funding,By technology,Other energy,Early stage,2015,0,Percentage,1.333333373
LBN,LEBANON,Probability to receive funding,By technology,Other energy,Early stage,2016,0,Percentage,1.333333373
LBN,LEBANON,Probability to receive funding,By technology,Other energy,Early stage,2017,0,Percentage,1.333333373
LBN,LEBANON,Probability to receive funding,By technology,Other energy,Early stage,2018,0,Percentage,1.666666627
LBN,LEBANON,Probability to receive funding,By technology,Other energy,Early stage,2019,0,Percentage,1.666666627
LBN,LEBANON,Probability to receive funding,By technology,Other energy,Early stage,2020,0,Percentage,1.666666627
LBN,LEBANON,Probability to receive funding,By technology,Other energy,Early stage,2021,0,Percentage,1.666666627
LBN,LEBANON,Probability to receive funding,By technology,Other renewables,Early stage,2018,0,Percentage,0.333333343
LBN,LEBANON,Probability to receive funding,By technology,Other renewables,Early stage,2019,0,Percentage,0.333333343
LBN,LEBANON,Probability to receive funding,By technology,Other renewables,Early stage,2020,0,Percentage,0.333333343
LBN,LEBANON,Probability to receive funding,By technology,Other renewables,Early stage,2021,0,Percentage,0.333333343
LBN,LEBANON,Probability to receive funding,By technology,Solar,Early stage,2015,0,Percentage,0.333333343
LBN,LEBANON,Probability to receive funding,By technology,Solar,Early stage,2016,0,Percentage,0.333333343
LBN,LEBANON,Probability to receive funding,By technology,Solar,Early stage,2017,0,Percentage,0.333333343
LBN,LEBANON,Probability to receive funding,By technology,Solar,Early stage,2018,0,Percentage,0.666666687
LBN,LEBANON,Probability to receive funding,By technology,Solar,Early stage,2019,0,Percentage,0.666666687
LBN,LEBANON,Probability to receive funding,By technology,Solar,Early stage,2020,0,Percentage,0.666666687
LBN,LEBANON,Probability to receive funding,By technology,Solar,Early stage,2021,0,Percentage,0.666666687
LBN,LEBANON,Probability to receive funding,By technology,Clean energy,Later stage,2021,0,Percentage,1
LBN,LEBANON,Probability to receive funding,By technology,Energy storage and batteries,Later stage,2017,0,Percentage,1
LBN,LEBANON,Probability to receive funding,By technology,Energy storage and batteries,Later stage,2018,0,Percentage,1
LBN,LEBANON,Probability to receive funding,By technology,Energy storage and batteries,Later stage,2019,0,Percentage,1
LBN,LEBANON,Probability to receive funding,By technology,Energy storage and batteries,Later stage,2020,0,Percentage,1
LBN,LEBANON,Probability to receive funding,By technology,Energy storage and batteries,Later stage,2021,0,Percentage,1
LBN,LEBANON,Probability to receive funding,By technology,Fossil fuels,Later stage,2015,0,Percentage,0.333333343
LBN,LEBANON,Probability to receive funding,By technology,Fossil fuels,Later stage,2016,0,Percentage,0.333333343
LBN,LEBANON,Probability to receive funding,By technology,Fossil fuels,Later stage,2017,0,Percentage,0.333333343
LBN,LEBANON,Probability to receive funding,By technology,Fossil fuels,Later stage,2018,0,Percentage,0.333333343
LBN,LEBANON,Probability to receive funding,By technology,Fossil fuels,Later stage,2019,0,Percentage,0.333333343
LBN,LEBANON,Probability to receive funding,By technology,Fossil fuels,Later stage,2020,0,Percentage,1.333333373
LBN,LEBANON,Probability to receive funding,By technology,Fossil fuels,Later stage,2021,0,Percentage,1.333333373
LBN,LEBANON,Probability to receive funding,By technology,Grid,Later stage,2015,0,Percentage,1
LBN,LEBANON,Probability to receive funding,By technology,Grid,Later stage,2016,0,Percentage,1
LBN,LEBANON,Probability to receive funding,By technology,Grid,Later stage,2017,0,Percentage,1
LBN,LEBANON,Probability to receive funding,By technology,Grid,Later stage,2018,0,Percentage,1
LBN,LEBANON,Probability to receive funding,By technology,Grid,Later stage,2019,0,Percentage,1
LBN,LEBANON,Probability to receive funding,By technology,Grid,Later stage,2020,0,Percentage,1
LBN,LEBANON,Probability to receive funding,By technology,Grid,Later stage,2021,0,Percentage,1
LBN,LEBANON,Probability to receive funding,By technology,Non-clean energy,Later stage,2021,0,Percentage,5
LBN,LEBANON,Probability to receive funding,By technology,Other energy,Later stage,2015,0,Percentage,1.333333373
LBN,LEBANON,Probability to receive funding,By technology,Other energy,Later stage,2016,0,Percentage,1.333333373
LBN,LEBANON,Probability to receive funding,By technology,Other energy,Later stage,2017,0,Percentage,1.333333373
LBN,LEBANON,Probability to receive funding,By technology,Other energy,Later stage,2018,0,Percentage,1.666666627
LBN,LEBANON,Probability to receive funding,By technology,Other energy,Later stage,2019,0,Percentage,1.666666627
LBN,LEBANON,Probability to receive funding,By technology,Other energy,Later stage,2020,0,Percentage,1.666666627
LBN,LEBANON,Probability to receive funding,By technology,Other energy,Later stage,2021,0,Percentage,1.666666627
LBN,LEBANON,Probability to receive funding,By technology,Other renewables,Later stage,2018,0,Percentage,0.333333343
LBN,LEBANON,Probability to receive funding,By technology,Other renewables,Later stage,2019,0,Percentage,0.333333343
LBN,LEBANON,Probability to receive funding,By technology,Other renewables,Later stage,2020,0,Percentage,0.333333343
LBN,LEBANON,Probability to receive funding,By technology,Other renewables,Later stage,2021,0,Percentage,0.333333343
LBN,LEBANON,Probability to receive funding,By technology,Solar,Later stage,2015,0,Percentage,0.333333343
LBN,LEBANON,Probability to receive funding,By technology,Solar,Later stage,2016,0,Percentage,0.333333343
LBN,LEBANON,Probability to receive funding,By technology,Solar,Later stage,2017,0,Percentage,0.333333343
LBN,LEBANON,Probability to receive funding,By technology,Solar,Later stage,2018,0,Percentage,0.666666687
LBN,LEBANON,Probability to receive funding,By technology,Solar,Later stage,2019,0,Percentage,0.666666687
LBN,LEBANON,Probability to receive funding,By technology,Solar,Later stage,2020,0,Percentage,0.666666687
LBN,LEBANON,Probability to receive funding,By technology,Solar,Later stage,2021,0,Percentage,0.666666687
LSO,LESOTHO,Probability to receive funding,"By sector (energy, green, digital)",Energy,Early stage,2021,0,Percentage,2
LSO,LESOTHO,Probability to receive funding,"By sector (energy, green, digital)",Energy and non-digital,Early stage,2021,0,Percentage,2
LSO,LESOTHO,Fundings of start-ups,"By sector (energy, green, digital)",Non-energy,Early stage,2018,412975.9375,USD,1
LSO,LESOTHO,Fundings of start-ups,"By sector (energy, green, digital)",Non-energy,Early stage,2020,143719.0625,USD,1
LSO,LESOTHO,Probability to receive funding,"By sector (energy, green, digital)",Non-energy,Early stage,2021,14.28571415,Percentage,7
LSO,LESOTHO,Fundings of start-ups,"By sector (energy, green, digital)",Non-energy,Early stage,2022,0.709589064,Years,7
LSO,LESOTHO,Probability to receive funding,"By sector (energy, green, digital)",Energy,Later stage,2021,0,Percentage,2
LSO,LESOTHO,Probability to receive funding,"By sector (energy, green, digital)",Energy and non-digital,Later stage,2021,0,Percentage,2
LSO,LESOTHO,Probability to receive funding,"By sector (energy, green, digital)",Non-energy,Later stage,2021,0,Percentage,7
LSO,LESOTHO,Probability to receive funding,By technology,Clean energy,Early stage,2021,0,Percentage,2
LSO,LESOTHO,Probability to receive funding,By technology,Grid,Early stage,2015,0,Percentage,0.333333343
LSO,LESOTHO,Probability to receive funding,By technology,Grid,Early stage,2016,0,Percentage,0.333333343
LSO,LESOTHO,Probability to receive funding,By technology,Grid,Early stage,2017,0,Percentage,0.333333343
LSO,LESOTHO,Probability to receive funding,By technology,Grid,Early stage,2018,0,Percentage,0.333333343
LSO,LESOTHO,Probability to receive funding,By technology,Grid,Early stage,2019,0,Percentage,0.333333343
LSO,LESOTHO,Probability to receive funding,By technology,Grid,Early stage,2020,0,Percentage,0.333333343
LSO,LESOTHO,Probability to receive funding,By technology,Grid,Early stage,2021,0,Percentage,0.333333343
LSO,LESOTHO,Probability to receive funding,By technology,Other energy,Early stage,2015,0,Percentage,0.333333343
LSO,LESOTHO,Probability to receive funding,By technology,Other energy,Early stage,2016,0,Percentage,0.333333343
LSO,LESOTHO,Probability to receive funding,By technology,Other energy,Early stage,2017,0,Percentage,0.333333343
LSO,LESOTHO,Probability to receive funding,By technology,Other energy,Early stage,2018,0,Percentage,0.333333343
LSO,LESOTHO,Probability to receive funding,By technology,Other energy,Early stage,2019,0,Percentage,0.333333343
LSO,LESOTHO,Probability to receive funding,By technology,Other energy,Early stage,2020,0,Percentage,0.333333343
LSO,LESOTHO,Probability to receive funding,By technology,Other energy,Early stage,2021,0,Percentage,0.333333343
LSO,LESOTHO,Probability to receive funding,By technology,Other renewables,Early stage,2015,0,Percentage,1
LSO,LESOTHO,Probability to receive funding,By technology,Other renewables,Early stage,2016,0,Percentage,1
LSO,LESOTHO,Probability to receive funding,By technology,Other renewables,Early stage,2017,0,Percentage,1
LSO,LESOTHO,Probability to receive funding,By technology,Other renewables,Early stage,2018,0,Percentage,1
LSO,LESOTHO,Probability to receive funding,By technology,Other renewables,Early stage,2019,0,Percentage,1
LSO,LESOTHO,Probability to receive funding,By technology,Other renewables,Early stage,2020,0,Percentage,1
LSO,LESOTHO,Probability to receive funding,By technology,Other renewables,Early stage,2021,0,Percentage,1
LSO,LESOTHO,Probability to receive funding,By technology,Solar,Early stage,2015,0,Percentage,0.333333343
LSO,LESOTHO,Probability to receive funding,By technology,Solar,Early stage,2016,0,Percentage,0.333333343
LSO,LESOTHO,Probability to receive funding,By technology,Solar,Early stage,2017,0,Percentage,0.333333343
LSO,LESOTHO,Probability to receive funding,By technology,Solar,Early stage,2018,0,Percentage,0.333333343
LSO,LESOTHO,Probability to receive funding,By technology,Solar,Early stage,2019,0,Percentage,0.333333343
LSO,LESOTHO,Probability to receive funding,By technology,Solar,Early stage,2020,0,Percentage,0.333333343
LSO,LESOTHO,Probability to receive funding,By technology,Solar,Early stage,2021,0,Percentage,0.333333343
LSO,LESOTHO,Probability to receive funding,By technology,Clean energy,Later stage,2021,0,Percentage,2
LSO,LESOTHO,Probability to receive funding,By technology,Grid,Later stage,2015,0,Percentage,0.333333343
LSO,LESOTHO,Probability to receive funding,By technology,Grid,Later stage,2016,0,Percentage,0.333333343
LSO,LESOTHO,Probability to receive funding,By technology,Grid,Later stage,2017,0,Percentage,0.333333343
LSO,LESOTHO,Probability to receive funding,By technology,Grid,Later stage,2018,0,Percentage,0.333333343
LSO,LESOTHO,Probability to receive funding,By technology,Grid,Later stage,2019,0,Percentage,0.333333343
LSO,LESOTHO,Probability to receive funding,By technology,Grid,Later stage,2020,0,Percentage,0.333333343
LSO,LESOTHO,Probability to receive funding,By technology,Grid,Later stage,2021,0,Percentage,0.333333343
LSO,LESOTHO,Probability to receive funding,By technology,Other energy,Later stage,2015,0,Percentage,0.333333343
LSO,LESOTHO,Probability to receive funding,By technology,Other energy,Later stage,2016,0,Percentage,0.333333343
LSO,LESOTHO,Probability to receive funding,By technology,Other energy,Later stage,2017,0,Percentage,0.333333343
LSO,LESOTHO,Probability to receive funding,By technology,Other energy,Later stage,2018,0,Percentage,0.333333343
LSO,LESOTHO,Probability to receive funding,By technology,Other energy,Later stage,2019,0,Percentage,0.333333343
LSO,LESOTHO,Probability to receive funding,By technology,Other energy,Later stage,2020,0,Percentage,0.333333343
LSO,LESOTHO,Probability to receive funding,By technology,Other energy,Later stage,2021,0,Percentage,0.333333343
LSO,LESOTHO,Probability to receive funding,By technology,Other renewables,Later stage,2015,0,Percentage,1
LSO,LESOTHO,Probability to receive funding,By technology,Other renewables,Later stage,2016,0,Percentage,1
LSO,LESOTHO,Probability to receive funding,By technology,Other renewables,Later stage,2017,0,Percentage,1
LSO,LESOTHO,Probability to receive funding,By technology,Other renewables,Later stage,2018,0,Percentage,1
LSO,LESOTHO,Probability to receive funding,By technology,Other renewables,Later stage,2019,0,Percentage,1
LSO,LESOTHO,Probability to receive funding,By technology,Other renewables,Later stage,2020,0,Percentage,1
LSO,LESOTHO,Probability to receive funding,By technology,Other renewables,Later stage,2021,0,Percentage,1
LSO,LESOTHO,Probability to receive funding,By technology,Solar,Later stage,2015,0,Percentage,0.333333343
LSO,LESOTHO,Probability to receive funding,By technology,Solar,Later stage,2016,0,Percentage,0.333333343
LSO,LESOTHO,Probability to receive funding,By technology,Solar,Later stage,2017,0,Percentage,0.333333343
LSO,LESOTHO,Probability to receive funding,By technology,Solar,Later stage,2018,0,Percentage,0.333333343
LSO,LESOTHO,Probability to receive funding,By technology,Solar,Later stage,2019,0,Percentage,0.333333343
LSO,LESOTHO,Probability to receive funding,By technology,Solar,Later stage,2020,0,Percentage,0.333333343
LSO,LESOTHO,Probability to receive funding,By technology,Solar,Later stage,2021,0,Percentage,0.333333343
LBR,LIBERIA,Fundings of start-ups,"By sector (energy, green, digital)",Non-energy,Early stage,2020,10757.57617,USD,1
LBR,LIBERIA,Probability to receive funding,"By sector (energy, green, digital)",Non-energy,Early stage,2021,12.5,Percentage,8
LBR,LIBERIA,Fundings of start-ups,"By sector (energy, green, digital)",Non-energy,Early stage,2022,37500000,USD,2
LBR,LIBERIA,Fundings of start-ups,"By sector (energy, green, digital)",Non-energy,Early stage,2022,0.560273945,Years,9
LBR,LIBERIA,Probability to receive funding,"By sector (energy, green, digital)",Non-energy,Later stage,2021,0,Percentage,8
LBY,LIBYA,Fundings of start-ups,"By sector (energy, green, digital)",Non-energy,Early stage,2017,396542.5625,USD,1
LBY,LIBYA,Fundings of start-ups,"By sector (energy, green, digital)",Non-energy,Early stage,2019,652040.8125,USD,1
LBY,LIBYA,Fundings of start-ups,"By sector (energy, green, digital)",Non-energy,Early stage,2020,645454.5625,USD,1
LBY,LIBYA,Probability to receive funding,"By sector (energy, green, digital)",Non-energy,Early stage,2021,8.333333015,Percentage,12
LBY,LIBYA,Fundings of start-ups,"By sector (energy, green, digital)",Non-energy,Early stage,2021,771739.125,USD,1
LBY,LIBYA,Probability to receive funding,"By sector (energy, green, digital)",Non-energy,Later stage,2021,0,Percentage,12
LIE,LIECHTENSTEIN,Fundings of start-ups,"By sector (energy, green, digital)",Non-energy,Early stage,2007,7472401.5,USD,1
LIE,LIECHTENSTEIN,Fundings of start-ups,"By sector (energy, green, digital)",Non-energy,Early stage,2008,11500723,USD,1
LIE,LIECHTENSTEIN,Fundings of start-ups,"By sector (energy, green, digital)",Non-energy,Early stage,2014,6115702,USD,1
LIE,LIECHTENSTEIN,Fundings of start-ups,"By sector (energy, green, digital)",Non-energy,Early stage,2015,470718.2188,USD,2
LIE,LIECHTENSTEIN,Fundings of start-ups,"By sector (energy, green, digital)",Non-energy,Early stage,2016,3645042.5,USD,2
LIE,LIECHTENSTEIN,Fundings of start-ups,"By sector (energy, green, digital)",Non-energy,Early stage,2017,7145928,USD,3
LIE,LIECHTENSTEIN,Fundings of start-ups,"By sector (energy, green, digital)",Non-energy,Early stage,2018,4254758,USD,1
LIE,LIECHTENSTEIN,Fundings of start-ups,"By sector (energy, green, digital)",Non-energy,Early stage,2020,5227688,USD,1
LIE,LIECHTENSTEIN,Fundings of start-ups,"By sector (energy, green, digital)",Non-energy,Early stage,2021,1543478.25,USD,1
LIE,LIECHTENSTEIN,Probability to receive funding,"By sector (energy, green, digital)",Non-energy,Early stage,2021,13.33333302,Percentage,75
LIE,LIECHTENSTEIN,Fundings of start-ups,"By sector (energy, green, digital)",Non-energy,Early stage,2022,3770584,USD,2
LIE,LIECHTENSTEIN,Fundings of start-ups,"By sector (energy, green, digital)",Non-energy,Early stage,2022,1.731849313,Years,76
LIE,LIECHTENSTEIN,Probability to receive funding,"By sector (energy, green, digital)",Non-energy,Later stage,2021,2.666666746,Percentage,75
LIE,LIECHTENSTEIN,Fundings of start-ups,"By sector (energy, green, digital)",Non-energy,Later stage,2022,2.289041042,Years,76
LTU,LITHUANIA,Fundings of start-ups,"By sector (energy, green, digital)",Energy,Early stage,2012,17233.63672,USD,1
LTU,LITHUANIA,Fundings of start-ups,"By sector (energy, green, digital)",Energy,Early stage,2013,316149.4375,USD,1
LTU,LITHUANIA,Fundings of start-ups,"By sector (energy, green, digital)",Energy,Early stage,2015,128587.2734,USD,1
LTU,LITHUANIA,Fundings of start-ups,"By sector (energy, green, digital)",Energy,Early stage,2018,704824.75,USD,2
LTU,LITHUANIA,Fundings of start-ups,"By sector (energy, green, digital)",Energy,Early stage,2019,367132.6563,USD,2
LTU,LITHUANIA,Fundings of start-ups,"By sector (energy, green, digital)",Energy,Early stage,2020,3059321.25,USD,3
LTU,LITHUANIA,Fundings of start-ups,"By sector (energy, green, digital)",Energy,Early stage,2021,23666666,USD,1
LTU,LITHUANIA,Probability to receive funding,"By sector (energy, green, digital)",Energy,Early stage,2021,13.63636398,Percentage,44
LTU,LITHUANIA,Fundings of start-ups,"By sector (energy, green, digital)",Energy,Early stage,2022,1.586758018,Years,44
LTU,LITHUANIA,Fundings of start-ups,"By sector (energy, green, digital)",Energy and digital,Early stage,2012,17233.63672,USD,1
LTU,LITHUANIA,Fundings of start-ups,"By sector (energy, green, digital)",Energy and digital,Early stage,2013,316149.4375,USD,1
LTU,LITHUANIA,Fundings of start-ups,"By sector (energy, green, digital)",Energy and digital,Early stage,2015,128587.2734,USD,1
LTU,LITHUANIA,Fundings of start-ups,"By sector (energy, green, digital)",Energy and digital,Early stage,2019,60550.68359,USD,1
LTU,LITHUANIA,Fundings of start-ups,"By sector (energy, green, digital)",Energy and digital,Early stage,2020,1770783,USD,2
LTU,LITHUANIA,Probability to receive funding,"By sector (energy, green, digital)",Energy and digital,Early stage,2021,15.78947353,Percentage,19
LTU,LITHUANIA,Fundings of start-ups,"By sector (energy, green, digital)",Energy and digital,Early stage,2022,1.884018302,Years,19
LTU,LITHUANIA,Fundings of start-ups,"By sector (energy, green, digital)",Energy and non-digital,Early stage,2018,704824.75,USD,2
LTU,LITHUANIA,Fundings of start-ups,"By sector (energy, green, digital)",Energy and non-digital,Early stage,2019,306582,USD,1
LTU,LITHUANIA,Fundings of start-ups,"By sector (energy, green, digital)",Energy and non-digital,Early stage,2020,1288538.125,USD,1
LTU,LITHUANIA,Probability to receive funding,"By sector (energy, green, digital)",Energy and non-digital,Early stage,2021,12,Percentage,25
LTU,LITHUANIA,Fundings of start-ups,"By sector (energy, green, digital)",Energy and non-digital,Early stage,2021,23666666,USD,1
LTU,LITHUANIA,Fundings of start-ups,"By sector (energy, green, digital)",Energy and non-digital,Early stage,2022,1.289497733,Years,25
LTU,LITHUANIA,Fundings of start-ups,"By sector (energy, green, digital)",Non-energy,Early stage,2006,1740356.625,USD,1
LTU,LITHUANIA,Fundings of start-ups,"By sector (energy, green, digital)",Non-energy,Early stage,2007,2491698,USD,2
LTU,LITHUANIA,Fundings of start-ups,"By sector (energy, green, digital)",Non-energy,Early stage,2009,1493597.5,USD,2
LTU,LITHUANIA,Fundings of start-ups,"By sector (energy, green, digital)",Non-energy,Early stage,2010,255089.8281,USD,1
LTU,LITHUANIA,Fundings of start-ups,"By sector (energy, green, digital)",Non-energy,Early stage,2011,495348.8438,USD,3
LTU,LITHUANIA,Fundings of start-ups,"By sector (energy, green, digital)",Non-energy,Early stage,2012,10085673,USD,11
LTU,LITHUANIA,Fundings of start-ups,"By sector (energy, green, digital)",Non-energy,Early stage,2013,19133856,USD,13
LTU,LITHUANIA,Fundings of start-ups,"By sector (energy, green, digital)",Non-energy,Early stage,2014,37334236,USD,14
LTU,LITHUANIA,Fundings of start-ups,"By sector (energy, green, digital)",Non-energy,Early stage,2015,15035543,USD,13
LTU,LITHUANIA,Fundings of start-ups,"By sector (energy, green, digital)",Non-energy,Early stage,2016,2467470.75,USD,6
LTU,LITHUANIA,Fundings of start-ups,"By sector (energy, green, digital)",Non-energy,Early stage,2017,13240191,USD,7
LTU,LITHUANIA,Fundings of start-ups,"By sector (energy, green, digital)",Non-energy,Early stage,2018,16133086,USD,14
LTU,LITHUANIA,Fundings of start-ups,"By sector (energy, green, digital)",Non-energy,Early stage,2019,11662998,USD,18
LTU,LITHUANIA,Fundings of start-ups,"By sector (energy, green, digital)",Non-energy,Early stage,2020,13669291,USD,18
LTU,LITHUANIA,Probability to receive funding,"By sector (energy, green, digital)",Non-energy,Early stage,2021,11.86027622,Percentage,1231
LTU,LITHUANIA,Fundings of start-ups,"By sector (energy, green, digital)",Non-energy,Early stage,2021,101639816,USD,35
LTU,LITHUANIA,Fundings of start-ups,"By sector (energy, green, digital)",Non-energy,Early stage,2022,1.785413265,Years,1244
LTU,LITHUANIA,Fundings of start-ups,"By sector (energy, green, digital)",Non-energy,Early stage,2022,89122528,USD,13
LTU,LITHUANIA,Probability to receive funding,"By sector (energy, green, digital)",Energy,Later stage,2021,0,Percentage,44
LTU,LITHUANIA,Probability to receive funding,"By sector (energy, green, digital)",Energy and digital,Later stage,2021,0,Percentage,19
LTU,LITHUANIA,Probability to receive funding,"By sector (energy, green, digital)",Energy and non-digital,Later stage,2021,0,Percentage,25
LTU,LITHUANIA,Fundings of start-ups,"By sector (energy, green, digital)",Non-energy,Later stage,2015,31773480,USD,1
LTU,LITHUANIA,Fundings of start-ups,"By sector (energy, green, digital)",Non-energy,Later stage,2018,64951696,USD,1
LTU,LITHUANIA,Fundings of start-ups,"By sector (energy, green, digital)",Non-energy,Later stage,2019,153172128,USD,1
LTU,LITHUANIA,Probability to receive funding,"By sector (energy, green, digital)",Non-energy,Later stage,2021,1.299756289,Percentage,1231
LTU,LITHUANIA,Fundings of start-ups,"By sector (energy, green, digital)",Non-energy,Later stage,2021,310689280,USD,1
LTU,LITHUANIA,Fundings of start-ups,"By sector (energy, green, digital)",Non-energy,Later stage,2022,5.105136871,Years,1244
LTU,LITHUANIA,Fundings of start-ups,"By sector (energy, green, digital)",Non-energy,Later stage,2022,863787,USD,1
LTU,LITHUANIA,Fundings of start-ups,By technology,Electric mobility,all,2015,66501.89844,USD,1
LTU,LITHUANIA,Fundings of start-ups,By technology,Electric mobility,all,2018,408048.0938,USD,1
LTU,LITHUANIA,Fundings of start-ups,By technology,Electric mobility,all,2019,452758.6563,USD,1
LTU,LITHUANIA,Fundings of start-ups,By technology,Electric mobility,all,2020,2224458,USD,2
LTU,LITHUANIA,Fundings of start-ups,By technology,Energy efficiency,all,2012,17233.63672,USD,1
LTU,LITHUANIA,Fundings of start-ups,By technology,Energy efficiency,all,2013,316149.4375,USD,1
LTU,LITHUANIA,Fundings of start-ups,By technology,Energy efficiency,all,2015,128587.2734,USD,1
LTU,LITHUANIA,Fundings of start-ups,By technology,Energy efficiency,all,2018,867296.0625,USD,1
LTU,LITHUANIA,Fundings of start-ups,By technology,Energy efficiency,all,2019,12110.13672,USD,0.200000003
LTU,LITHUANIA,Fundings of start-ups,By technology,Energy efficiency,all,2020,1261199.25,USD,1.200000048
LTU,LITHUANIA,Fundings of start-ups,By technology,Energy storage and batteries,all,2019,12110.13672,USD,0.200000003
LTU,LITHUANIA,Fundings of start-ups,By technology,Energy storage and batteries,all,2020,127395.9453,USD,0.200000003
LTU,LITHUANIA,Fundings of start-ups,By technology,Other energy,all,2019,12110.13672,USD,0.200000003
LTU,LITHUANIA,Fundings of start-ups,By technology,Other energy,all,2020,127395.9453,USD,0.200000003
LTU,LITHUANIA,Fundings of start-ups,By technology,Other renewables,all,2018,385120.0938,USD,1.5
LTU,LITHUANIA,Fundings of start-ups,By technology,Other renewables,all,2019,318692.125,USD,1.200000048
LTU,LITHUANIA,Fundings of start-ups,By technology,Other renewables,all,2020,127395.9453,USD,0.200000003
LTU,LITHUANIA,Fundings of start-ups,By technology,Other renewables,all,2021,11833333,USD,0.5
LTU,LITHUANIA,Fundings of start-ups,By technology,Solar,all,2018,319704.6875,USD,0.5
LTU,LITHUANIA,Fundings of start-ups,By technology,Solar,all,2019,12110.13672,USD,0.200000003
LTU,LITHUANIA,Fundings of start-ups,By technology,Solar,all,2020,127395.9453,USD,0.200000003
LTU,LITHUANIA,Fundings of start-ups,By technology,Solar,all,2021,11833333,USD,0.5
LTU,LITHUANIA,Fundings of start-ups,By technology,Clean energy,Early stage,2018,704824.75,USD,2
LTU,LITHUANIA,Fundings of start-ups,By technology,Clean energy,Early stage,2019,367132.6563,USD,2
LTU,LITHUANIA,Fundings of start-ups,By technology,Clean energy,Early stage,2020,1925517.875,USD,2
LTU,LITHUANIA,Fundings of start-ups,By technology,Clean energy,Early stage,2021,23666666,USD,1
LTU,LITHUANIA,Probability to receive funding,By technology,Clean energy,Early stage,2021,15.38461494,Percentage,26
LTU,LITHUANIA,Fundings of start-ups,By technology,Clean energy,Early stage,2022,1.120547891,Years,26
LTU,LITHUANIA,Probability to receive funding,By technology,Electric mobility,Early stage,2015,0,Percentage,2
LTU,LITHUANIA,Probability to receive funding,By technology,Electric mobility,Early stage,2016,0,Percentage,3
LTU,LITHUANIA,Probability to receive funding,By technology,Electric mobility,Early stage,2017,25,Percentage,4
LTU,LITHUANIA,Probability to receive funding,By technology,Electric mobility,Early stage,2018,25,Percentage,4
LTU,LITHUANIA,Probability to receive funding,By technology,Electric mobility,Early stage,2019,20,Percentage,5
LTU,LITHUANIA,Probability to receive funding,By technology,Electric mobility,Early stage,2020,20,Percentage,5
LTU,LITHUANIA,Probability to receive funding,By technology,Electric mobility,Early stage,2021,20,Percentage,5
LTU,LITHUANIA,Probability to receive funding,By technology,Energy efficiency,Early stage,2015,25.2631588,Percentage,7.916666508
LTU,LITHUANIA,Probability to receive funding,By technology,Energy efficiency,Early stage,2016,22.42990685,Percentage,8.916666985
LTU,LITHUANIA,Probability to receive funding,By technology,Energy efficiency,Early stage,2017,22.42990685,Percentage,8.916666985
LTU,LITHUANIA,Probability to receive funding,By technology,Energy efficiency,Early stage,2018,16.78321648,Percentage,11.91666698
LTU,LITHUANIA,Probability to receive funding,By technology,Energy efficiency,Early stage,2019,17.20990944,Percentage,12.78333378
LTU,LITHUANIA,Probability to receive funding,By technology,Energy efficiency,Early stage,2020,17.20990944,Percentage,12.78333378
LTU,LITHUANIA,Probability to receive funding,By technology,Energy efficiency,Early stage,2021,17.20990944,Percentage,12.78333378
LTU,LITHUANIA,Probability to receive funding,By technology,Energy storage and batteries,Early stage,2015,0,Percentage,1
LTU,LITHUANIA,Probability to receive funding,By technology,Energy storage and batteries,Early stage,2016,0,Percentage,1
LTU,LITHUANIA,Probability to receive funding,By technology,Energy storage and batteries,Early stage,2017,0,Percentage,1
LTU,LITHUANIA,Probability to receive funding,By technology,Energy storage and batteries,Early stage,2018,0,Percentage,1
LTU,LITHUANIA,Probability to receive funding,By technology,Energy storage and batteries,Early stage,2019,16.66666603,Percentage,1.200000048
LTU,LITHUANIA,Probability to receive funding,By technology,Energy storage and batteries,Early stage,2020,16.66666603,Percentage,1.200000048
LTU,LITHUANIA,Probability to receive funding,By technology,Energy storage and batteries,Early stage,2021,16.66666603,Percentage,1.200000048
LTU,LITHUANIA,Probability to receive funding,By technology,Fossil fuels,Early stage,2015,0,Percentage,3
LTU,LITHUANIA,Probability to receive funding,By technology,Fossil fuels,Early stage,2016,0,Percentage,3
LTU,LITHUANIA,Probability to receive funding,By technology,Fossil fuels,Early stage,2017,0,Percentage,3
LTU,LITHUANIA,Probability to receive funding,By technology,Fossil fuels,Early stage,2018,0,Percentage,3
LTU,LITHUANIA,Probability to receive funding,By technology,Fossil fuels,Early stage,2019,0,Percentage,3
LTU,LITHUANIA,Probability to receive funding,By technology,Fossil fuels,Early stage,2020,0,Percentage,3
LTU,LITHUANIA,Probability to receive funding,By technology,Fossil fuels,Early stage,2021,0,Percentage,3
LTU,LITHUANIA,Probability to receive funding,By technology,Grid,Early stage,2015,0,Percentage,2.5
LTU,LITHUANIA,Probability to receive funding,By technology,Grid,Early stage,2016,0,Percentage,2.5
LTU,LITHUANIA,Probability to receive funding,By technology,Grid,Early stage,2017,0,Percentage,2.5
LTU,LITHUANIA,Probability to receive funding,By technology,Grid,Early stage,2018,0,Percentage,2.5
LTU,LITHUANIA,Probability to receive funding,By technology,Grid,Early stage,2019,0,Percentage,2.5
LTU,LITHUANIA,Probability to receive funding,By technology,Grid,Early stage,2020,0,Percentage,2.5
LTU,LITHUANIA,Probability to receive funding,By technology,Grid,Early stage,2021,0,Percentage,2.5
LTU,LITHUANIA,Fundings of start-ups,By technology,Non-clean energy,Early stage,2012,17233.63672,USD,1
LTU,LITHUANIA,Fundings of start-ups,By technology,Non-clean energy,Early stage,2013,316149.4375,USD,1
LTU,LITHUANIA,Fundings of start-ups,By technology,Non-clean energy,Early stage,2015,128587.2734,USD,1
LTU,LITHUANIA,Fundings of start-ups,By technology,Non-clean energy,Early stage,2020,1133803.25,USD,1
LTU,LITHUANIA,Probability to receive funding,By technology,Non-clean energy,Early stage,2021,11.11111069,Percentage,18
LTU,LITHUANIA,Fundings of start-ups,By technology,Non-clean energy,Early stage,2022,2.519178152,Years,18
LTU,LITHUANIA,Probability to receive funding,By technology,Nuclear,Early stage,2015,0,Percentage,1
LTU,LITHUANIA,Probability to receive funding,By technology,Nuclear,Early stage,2016,0,Percentage,1
LTU,LITHUANIA,Probability to receive funding,By technology,Nuclear,Early stage,2017,0,Percentage,1
LTU,LITHUANIA,Probability to receive funding,By technology,Nuclear,Early stage,2018,0,Percentage,1
LTU,LITHUANIA,Probability to receive funding,By technology,Nuclear,Early stage,2019,0,Percentage,1
LTU,LITHUANIA,Probability to receive funding,By technology,Nuclear,Early stage,2020,0,Percentage,1
LTU,LITHUANIA,Probability to receive funding,By technology,Nuclear,Early stage,2021,0,Percentage,1
LTU,LITHUANIA,Probability to receive funding,By technology,Other energy,Early stage,2015,0,Percentage,4.083333492
LTU,LITHUANIA,Probability to receive funding,By technology,Other energy,Early stage,2016,0,Percentage,5.583333492
LTU,LITHUANIA,Probability to receive funding,By technology,Other energy,Early stage,2017,0,Percentage,5.583333492
LTU,LITHUANIA,Probability to receive funding,By technology,Other energy,Early stage,2018,0,Percentage,5.583333492
LTU,LITHUANIA,Probability to receive funding,By technology,Other energy,Early stage,2019,3.100775242,Percentage,6.449999809
LTU,LITHUANIA,Probability to receive funding,By technology,Other energy,Early stage,2020,2.684563875,Percentage,7.449999809
LTU,LITHUANIA,Probability to receive funding,By technology,Other energy,Early stage,2021,2.684563875,Percentage,7.449999809
LTU,LITHUANIA,Probability to receive funding,By technology,Other renewables,Early stage,2015,0,Percentage,1.5
LTU,LITHUANIA,Probability to receive funding,By technology,Other renewables,Early stage,2016,0,Percentage,2
LTU,LITHUANIA,Probability to receive funding,By technology,Other renewables,Early stage,2017,20,Percentage,2.5
LTU,LITHUANIA,Probability to receive funding,By technology,Other renewables,Early stage,2018,33.33333206,Percentage,4.5
LTU,LITHUANIA,Probability to receive funding,By technology,Other renewables,Early stage,2019,26.70157051,Percentage,6.366666794
LTU,LITHUANIA,Probability to receive funding,By technology,Other renewables,Early stage,2020,26.70157051,Percentage,6.366666794
LTU,LITHUANIA,Probability to receive funding,By technology,Other renewables,Early stage,2021,23.07692337,Percentage,7.366666794
LTU,LITHUANIA,Probability to receive funding,By technology,Solar,Early stage,2017,100,Percentage,0.5
LTU,LITHUANIA,Probability to receive funding,By technology,Solar,Early stage,2018,100,Percentage,0.5
LTU,LITHUANIA,Probability to receive funding,By technology,Solar,Early stage,2019,100,Percentage,0.699999988
LTU,LITHUANIA,Probability to receive funding,By technology,Solar,Early stage,2020,100,Percentage,0.699999988
LTU,LITHUANIA,Probability to receive funding,By technology,Solar,Early stage,2021,100,Percentage,0.699999988
LTU,LITHUANIA,Probability to receive funding,By technology,Clean energy,Later stage,2021,0,Percentage,26
LTU,LITHUANIA,Probability to receive funding,By technology,Electric mobility,Later stage,2015,0,Percentage,2
LTU,LITHUANIA,Probability to receive funding,By technology,Electric mobility,Later stage,2016,0,Percentage,3
LTU,LITHUANIA,Probability to receive funding,By technology,Electric mobility,Later stage,2017,0,Percentage,4
LTU,LITHUANIA,Probability to receive funding,By technology,Electric mobility,Later stage,2018,0,Percentage,4
LTU,LITHUANIA,Probability to receive funding,By technology,Electric mobility,Later stage,2019,0,Percentage,5
LTU,LITHUANIA,Probability to receive funding,By technology,Electric mobility,Later stage,2020,0,Percentage,5
LTU,LITHUANIA,Probability to receive funding,By technology,Electric mobility,Later stage,2021,0,Percentage,5
LTU,LITHUANIA,Probability to receive funding,By technology,Energy efficiency,Later stage,2015,0,Percentage,7.916666508
LTU,LITHUANIA,Probability to receive funding,By technology,Energy efficiency,Later stage,2016,0,Percentage,8.916666985
LTU,LITHUANIA,Probability to receive funding,By technology,Energy efficiency,Later stage,2017,0,Percentage,8.916666985
LTU,LITHUANIA,Probability to receive funding,By technology,Energy efficiency,Later stage,2018,0,Percentage,11.91666698
LTU,LITHUANIA,Probability to receive funding,By technology,Energy efficiency,Later stage,2019,0,Percentage,12.78333378
LTU,LITHUANIA,Probability to receive funding,By technology,Energy efficiency,Later stage,2020,0,Percentage,12.78333378
LTU,LITHUANIA,Probability to receive funding,By technology,Energy efficiency,Later stage,2021,0,Percentage,12.78333378
LTU,LITHUANIA,Probability to receive funding,By technology,Energy storage and batteries,Later stage,2015,0,Percentage,1
LTU,LITHUANIA,Probability to receive funding,By technology,Energy storage and batteries,Later stage,2016,0,Percentage,1
LTU,LITHUANIA,Probability to receive funding,By technology,Energy storage and batteries,Later stage,2017,0,Percentage,1
LTU,LITHUANIA,Probability to receive funding,By technology,Energy storage and batteries,Later stage,2018,0,Percentage,1
LTU,LITHUANIA,Probability to receive funding,By technology,Energy storage and batteries,Later stage,2019,0,Percentage,1.200000048
LTU,LITHUANIA,Probability to receive funding,By technology,Energy storage and batteries,Later stage,2020,0,Percentage,1.200000048
LTU,LITHUANIA,Probability to receive funding,By technology,Energy storage and batteries,Later stage,2021,0,Percentage,1.200000048
LTU,LITHUANIA,Probability to receive funding,By technology,Fossil fuels,Later stage,2015,0,Percentage,3
LTU,LITHUANIA,Probability to receive funding,By technology,Fossil fuels,Later stage,2016,0,Percentage,3
LTU,LITHUANIA,Probability to receive funding,By technology,Fossil fuels,Later stage,2017,0,Percentage,3
LTU,LITHUANIA,Probability to receive funding,By technology,Fossil fuels,Later stage,2018,0,Percentage,3
LTU,LITHUANIA,Probability to receive funding,By technology,Fossil fuels,Later stage,2019,0,Percentage,3
LTU,LITHUANIA,Probability to receive funding,By technology,Fossil fuels,Later stage,2020,0,Percentage,3
LTU,LITHUANIA,Probability to receive funding,By technology,Fossil fuels,Later stage,2021,0,Percentage,3
LTU,LITHUANIA,Probability to receive funding,By technology,Grid,Later stage,2015,0,Percentage,2.5
LTU,LITHUANIA,Probability to receive funding,By technology,Grid,Later stage,2016,0,Percentage,2.5
LTU,LITHUANIA,Probability to receive funding,By technology,Grid,Later stage,2017,0,Percentage,2.5
LTU,LITHUANIA,Probability to receive funding,By technology,Grid,Later stage,2018,0,Percentage,2.5
LTU,LITHUANIA,Probability to receive funding,By technology,Grid,Later stage,2019,0,Percentage,2.5
LTU,LITHUANIA,Probability to receive funding,By technology,Grid,Later stage,2020,0,Percentage,2.5
LTU,LITHUANIA,Probability to receive funding,By technology,Grid,Later stage,2021,0,Percentage,2.5
LTU,LITHUANIA,Probability to receive funding,By technology,Non-clean energy,Later stage,2021,0,Percentage,18
LTU,LITHUANIA,Probability to receive funding,By technology,Nuclear,Later stage,2015,0,Percentage,1
LTU,LITHUANIA,Probability to receive funding,By technology,Nuclear,Later stage,2016,0,Percentage,1
LTU,LITHUANIA,Probability to receive funding,By technology,Nuclear,Later stage,2017,0,Percentage,1
LTU,LITHUANIA,Probability to receive funding,By technology,Nuclear,Later stage,2018,0,Percentage,1
LTU,LITHUANIA,Probability to receive funding,By technology,Nuclear,Later stage,2019,0,Percentage,1
LTU,LITHUANIA,Probability to receive funding,By technology,Nuclear,Later stage,2020,0,Percentage,1
LTU,LITHUANIA,Probability to receive funding,By technology,Nuclear,Later stage,2021,0,Percentage,1
LTU,LITHUANIA,Probability to receive funding,By technology,Other energy,Later stage,2015,0,Percentage,4.083333492
LTU,LITHUANIA,Probability to receive funding,By technology,Other energy,Later stage,2016,0,Percentage,5.583333492
LTU,LITHUANIA,Probability to receive funding,By technology,Other energy,Later stage,2017,0,Percentage,5.583333492
LTU,LITHUANIA,Probability to receive funding,By technology,Other energy,Later stage,2018,0,Percentage,5.583333492
LTU,LITHUANIA,Probability to receive funding,By technology,Other energy,Later stage,2019,0,Percentage,6.449999809
LTU,LITHUANIA,Probability to receive funding,By technology,Other energy,Later stage,2020,0,Percentage,7.449999809
LTU,LITHUANIA,Probability to receive funding,By technology,Other energy,Later stage,2021,0,Percentage,7.449999809
LTU,LITHUANIA,Probability to receive funding,By technology,Other renewables,Later stage,2015,0,Percentage,1.5
LTU,LITHUANIA,Probability to receive funding,By technology,Other renewables,Later stage,2016,0,Percentage,2
LTU,LITHUANIA,Probability to receive funding,By technology,Other renewables,Later stage,2017,0,Percentage,2.5
LTU,LITHUANIA,Probability to receive funding,By technology,Other renewables,Later stage,2018,0,Percentage,4.5
LTU,LITHUANIA,Probability to receive funding,By technology,Other renewables,Later stage,2019,0,Percentage,6.366666794
LTU,LITHUANIA,Probability to receive funding,By technology,Other renewables,Later stage,2020,0,Percentage,6.366666794
LTU,LITHUANIA,Probability to receive funding,By technology,Other renewables,Later stage,2021,0,Percentage,7.366666794
LTU,LITHUANIA,Probability to receive funding,By technology,Solar,Later stage,2017,0,Percentage,0.5
LTU,LITHUANIA,Probability to receive funding,By technology,Solar,Later stage,2018,0,Percentage,0.5
LTU,LITHUANIA,Probability to receive funding,By technology,Solar,Later stage,2019,0,Percentage,0.699999988
LTU,LITHUANIA,Probability to receive funding,By technology,Solar,Later stage,2020,0,Percentage,0.699999988
LTU,LITHUANIA,Probability to receive funding,By technology,Solar,Later stage,2021,0,Percentage,0.699999988
LUX,LUXEMBOURG,Fundings of start-ups,"By sector (energy, green, digital)",Energy,Early stage,2012,12150682,USD,1
LUX,LUXEMBOURG,Fundings of start-ups,"By sector (energy, green, digital)",Energy,Early stage,2016,650835.375,USD,1
LUX,LUXEMBOURG,Fundings of start-ups,"By sector (energy, green, digital)",Energy,Early stage,2018,2718606.75,USD,3
LUX,LUXEMBOURG,Fundings of start-ups,"By sector (energy, green, digital)",Energy,Early stage,2019,3130405.5,USD,1
LUX,LUXEMBOURG,Probability to receive funding,"By sector (energy, green, digital)",Energy,Early stage,2021,22.72727203,Percentage,22
LUX,LUXEMBOURG,Fundings of start-ups,"By sector (energy, green, digital)",Energy,Early stage,2022,19000000,USD,1
LUX,LUXEMBOURG,Fundings of start-ups,"By sector (energy, green, digital)",Energy,Early stage,2022,2.143561602,Years,22
LUX,LUXEMBOURG,Fundings of start-ups,"By sector (energy, green, digital)",Energy and digital,Early stage,2016,650835.375,USD,1
LUX,LUXEMBOURG,Fundings of start-ups,"By sector (energy, green, digital)",Energy and digital,Early stage,2018,2718606.75,USD,3
LUX,LUXEMBOURG,Fundings of start-ups,"By sector (energy, green, digital)",Energy and digital,Early stage,2019,3130405.5,USD,1
LUX,LUXEMBOURG,Probability to receive funding,"By sector (energy, green, digital)",Energy and digital,Early stage,2021,50,Percentage,8
LUX,LUXEMBOURG,Fundings of start-ups,"By sector (energy, green, digital)",Energy and digital,Early stage,2022,0.78287673,Years,8
LUX,LUXEMBOURG,Fundings of start-ups,"By sector (energy, green, digital)",Energy and digital,Early stage,2022,19000000,USD,1
LUX,LUXEMBOURG,Fundings of start-ups,"By sector (energy, green, digital)",Energy and non-digital,Early stage,2012,12150682,USD,1
LUX,LUXEMBOURG,Probability to receive funding,"By sector (energy, green, digital)",Energy and non-digital,Early stage,2021,7.142857075,Percentage,14
LUX,LUXEMBOURG,Fundings of start-ups,"By sector (energy, green, digital)",Energy and non-digital,Early stage,2022,7.586301327,Years,14
LUX,LUXEMBOURG,Fundings of start-ups,"By sector (energy, green, digital)",Non-energy,Early stage,2000,32272728,USD,1
LUX,LUXEMBOURG,Fundings of start-ups,"By sector (energy, green, digital)",Non-energy,Early stage,2003,377659.5625,USD,1
LUX,LUXEMBOURG,Fundings of start-ups,"By sector (energy, green, digital)",Non-energy,Early stage,2004,27616552,USD,1
LUX,LUXEMBOURG,Fundings of start-ups,"By sector (energy, green, digital)",Non-energy,Early stage,2005,5575168,USD,1
LUX,LUXEMBOURG,Fundings of start-ups,"By sector (energy, green, digital)",Non-energy,Early stage,2008,248496.125,USD,2
LUX,LUXEMBOURG,Fundings of start-ups,"By sector (energy, green, digital)",Non-energy,Early stage,2009,1150571.5,USD,1
LUX,LUXEMBOURG,Fundings of start-ups,"By sector (energy, green, digital)",Non-energy,Early stage,2010,13796967,USD,3
LUX,LUXEMBOURG,Fundings of start-ups,"By sector (energy, green, digital)",Non-energy,Early stage,2011,3128001.5,USD,3
LUX,LUXEMBOURG,Fundings of start-ups,"By sector (energy, green, digital)",Non-energy,Early stage,2012,681140.125,USD,2
LUX,LUXEMBOURG,Fundings of start-ups,"By sector (energy, green, digital)",Non-energy,Early stage,2013,1555618,USD,2
LUX,LUXEMBOURG,Fundings of start-ups,"By sector (energy, green, digital)",Non-energy,Early stage,2014,5962678.5,USD,6
LUX,LUXEMBOURG,Fundings of start-ups,"By sector (energy, green, digital)",Non-energy,Early stage,2015,42538716,USD,15
LUX,LUXEMBOURG,Fundings of start-ups,"By sector (energy, green, digital)",Non-energy,Early stage,2016,51089096,USD,12
LUX,LUXEMBOURG,Fundings of start-ups,"By sector (energy, green, digital)",Non-energy,Early stage,2017,50785736,USD,16
LUX,LUXEMBOURG,Fundings of start-ups,"By sector (energy, green, digital)",Non-energy,Early stage,2018,29745170,USD,13
LUX,LUXEMBOURG,Fundings of start-ups,"By sector (energy, green, digital)",Non-energy,Early stage,2019,228739824,USD,23
LUX,LUXEMBOURG,Fundings of start-ups,"By sector (energy, green, digital)",Non-energy,Early stage,2020,20634168,USD,19
LUX,LUXEMBOURG,Probability to receive funding,"By sector (energy, green, digital)",Non-energy,Early stage,2021,12.98882675,Percentage,716
LUX,LUXEMBOURG,Fundings of start-ups,"By sector (energy, green, digital)",Non-energy,Early stage,2021,331158240,USD,21
LUX,LUXEMBOURG,Fundings of start-ups,"By sector (energy, green, digital)",Non-energy,Early stage,2022,1.837422848,Years,719
LUX,LUXEMBOURG,Fundings of start-ups,"By sector (energy, green, digital)",Non-energy,Early stage,2022,55453848,USD,9
LUX,LUXEMBOURG,Fundings of start-ups,"By sector (energy, green, digital)",Energy,Later stage,2018,1648225,USD,1
LUX,LUXEMBOURG,Probability to receive funding,"By sector (energy, green, digital)",Energy,Later stage,2021,4.545454502,Percentage,22
LUX,LUXEMBOURG,Fundings of start-ups,"By sector (energy, green, digital)",Energy,Later stage,2022,1.726027369,Years,22
LUX,LUXEMBOURG,Fundings of start-ups,"By sector (energy, green, digital)",Energy and digital,Later stage,2018,1648225,USD,1
LUX,LUXEMBOURG,Probability to receive funding,"By sector (energy, green, digital)",Energy and digital,Later stage,2021,12.5,Percentage,8
LUX,LUXEMBOURG,Fundings of start-ups,"By sector (energy, green, digital)",Energy and digital,Later stage,2022,1.726027369,Years,8
LUX,LUXEMBOURG,Probability to receive funding,"By sector (energy, green, digital)",Energy and non-digital,Later stage,2021,0,Percentage,14
LUX,LUXEMBOURG,Fundings of start-ups,"By sector (energy, green, digital)",Non-energy,Later stage,2010,9891149,USD,1
LUX,LUXEMBOURG,Fundings of start-ups,"By sector (energy, green, digital)",Non-energy,Later stage,2018,6440867,USD,1
LUX,LUXEMBOURG,Fundings of start-ups,"By sector (energy, green, digital)",Non-energy,Later stage,2019,74576208,USD,2
LUX,LUXEMBOURG,Fundings of start-ups,"By sector (energy, green, digital)",Non-energy,Later stage,2021,4733333.5,USD,1
LUX,LUXEMBOURG,Probability to receive funding,"By sector (energy, green, digital)",Non-energy,Later stage,2021,2.65363121,Percentage,716
LUX,LUXEMBOURG,Fundings of start-ups,"By sector (energy, green, digital)",Non-energy,Later stage,2022,1965865,USD,1
LUX,LUXEMBOURG,Fundings of start-ups,"By sector (energy, green, digital)",Non-energy,Later stage,2022,4.525739193,Years,719
LUX,LUXEMBOURG,Fundings of start-ups,By technology,Electric mobility,all,2018,2267745.5,USD,2
LUX,LUXEMBOURG,Fundings of start-ups,By technology,Electric mobility,all,2019,3130405.5,USD,1
LUX,LUXEMBOURG,Fundings of start-ups,By technology,Electric mobility,all,2021,2086565.5,USD,1
LUX,LUXEMBOURG,Fundings of start-ups,By technology,Electric mobility,all,2022,19000000,USD,1
LUX,LUXEMBOURG,Fundings of start-ups,By technology,Energy efficiency,all,2018,450861.0938,USD,1
LUX,LUXEMBOURG,Fundings of start-ups,By technology,Energy efficiency,all,2019,250549.9375,USD,1
LUX,LUXEMBOURG,Fundings of start-ups,By technology,Fossil fuels,all,2016,650835.375,USD,1
LUX,LUXEMBOURG,Fundings of start-ups,By technology,Fossil fuels,all,2018,2769301.75,USD,2
LUX,LUXEMBOURG,Fundings of start-ups,By technology,Fossil fuels,all,2020,5486363.5,USD,2
LUX,LUXEMBOURG,Fundings of start-ups,By technology,Other energy,all,2012,6075341,USD,0.5
LUX,LUXEMBOURG,Fundings of start-ups,By technology,Other renewables,all,2012,6075341,USD,0.5
LUX,LUXEMBOURG,Fundings of start-ups,By technology,Clean energy,Early stage,2012,12150682,USD,1
LUX,LUXEMBOURG,Fundings of start-ups,By technology,Clean energy,Early stage,2018,2267745.5,USD,2
LUX,LUXEMBOURG,Fundings of start-ups,By technology,Clean energy,Early stage,2019,3130405.5,USD,1
LUX,LUXEMBOURG,Probability to receive funding,By technology,Clean energy,Early stage,2021,25,Percentage,12
LUX,LUXEMBOURG,Fundings of start-ups,By technology,Clean energy,Early stage,2022,19000000,USD,1
LUX,LUXEMBOURG,Fundings of start-ups,By technology,Clean energy,Early stage,2022,3.231050253,Years,12
LUX,LUXEMBOURG,Probability to receive funding,By technology,Electric mobility,Early stage,2017,100,Percentage,1
LUX,LUXEMBOURG,Probability to receive funding,By technology,Electric mobility,Early stage,2018,100,Percentage,2
LUX,LUXEMBOURG,Probability to receive funding,By technology,Electric mobility,Early stage,2019,100,Percentage,2
LUX,LUXEMBOURG,Probability to receive funding,By technology,Electric mobility,Early stage,2020,100,Percentage,2
LUX,LUXEMBOURG,Probability to receive funding,By technology,Electric mobility,Early stage,2021,100,Percentage,2
LUX,LUXEMBOURG,Probability to receive funding,By technology,Energy efficiency,Early stage,2015,0,Percentage,1.833333373
LUX,LUXEMBOURG,Probability to receive funding,By technology,Energy efficiency,Early stage,2016,0,Percentage,1.833333373
LUX,LUXEMBOURG,Probability to receive funding,By technology,Energy efficiency,Early stage,2017,26.08695602,Percentage,3.833333254
LUX,LUXEMBOURG,Probability to receive funding,By technology,Energy efficiency,Early stage,2018,26.08695602,Percentage,3.833333254
LUX,LUXEMBOURG,Probability to receive funding,By technology,Energy efficiency,Early stage,2019,26.08695602,Percentage,3.833333254
LUX,LUXEMBOURG,Probability to receive funding,By technology,Energy efficiency,Early stage,2020,26.08695602,Percentage,3.833333254
LUX,LUXEMBOURG,Probability to receive funding,By technology,Energy efficiency,Early stage,2021,26.08695602,Percentage,3.833333254
LUX,LUXEMBOURG,Probability to receive funding,By technology,Energy storage and batteries,Early stage,2021,0,Percentage,1
LUX,LUXEMBOURG,Probability to receive funding,By technology,Fossil fuels,Early stage,2016,100,Percentage,1
LUX,LUXEMBOURG,Probability to receive funding,By technology,Fossil fuels,Early stage,2017,100,Percentage,1
LUX,LUXEMBOURG,Probability to receive funding,By technology,Fossil fuels,Early stage,2018,100,Percentage,1
LUX,LUXEMBOURG,Probability to receive funding,By technology,Fossil fuels,Early stage,2019,100,Percentage,1
LUX,LUXEMBOURG,Probability to receive funding,By technology,Fossil fuels,Early stage,2020,100,Percentage,1
LUX,LUXEMBOURG,Probability to receive funding,By technology,Fossil fuels,Early stage,2021,100,Percentage,1
LUX,LUXEMBOURG,Probability to receive funding,By technology,Grid,Early stage,2015,0,Percentage,1.333333373
LUX,LUXEMBOURG,Probability to receive funding,By technology,Grid,Early stage,2016,0,Percentage,1.333333373
LUX,LUXEMBOURG,Probability to receive funding,By technology,Grid,Early stage,2017,0,Percentage,1.333333373
LUX,LUXEMBOURG,Probability to receive funding,By technology,Grid,Early stage,2018,0,Percentage,1.333333373
LUX,LUXEMBOURG,Probability to receive funding,By technology,Grid,Early stage,2019,0,Percentage,1.333333373
LUX,LUXEMBOURG,Probability to receive funding,By technology,Grid,Early stage,2020,0,Percentage,1.333333373
LUX,LUXEMBOURG,Probability to receive funding,By technology,Grid,Early stage,2021,0,Percentage,1.333333373
LUX,LUXEMBOURG,Fundings of start-ups,By technology,Non-clean energy,Early stage,2016,650835.375,USD,1
LUX,LUXEMBOURG,Fundings of start-ups,By technology,Non-clean energy,Early stage,2018,450861.0938,USD,1
LUX,LUXEMBOURG,Probability to receive funding,By technology,Non-clean energy,Early stage,2021,20,Percentage,10
LUX,LUXEMBOURG,Fundings of start-ups,By technology,Non-clean energy,Early stage,2022,0.512328744,Years,10
LUX,LUXEMBOURG,Probability to receive funding,By technology,Other energy,Early stage,2015,10,Percentage,5
LUX,LUXEMBOURG,Probability to receive funding,By technology,Other energy,Early stage,2016,10,Percentage,5
LUX,LUXEMBOURG,Probability to receive funding,By technology,Other energy,Early stage,2017,10,Percentage,5
LUX,LUXEMBOURG,Probability to receive funding,By technology,Other energy,Early stage,2018,10,Percentage,5
LUX,LUXEMBOURG,Probability to receive funding,By technology,Other energy,Early stage,2019,10,Percentage,5
LUX,LUXEMBOURG,Probability to receive funding,By technology,Other energy,Early stage,2020,10,Percentage,5
LUX,LUXEMBOURG,Probability to receive funding,By technology,Other energy,Early stage,2021,10,Percentage,5
LUX,LUXEMBOURG,Probability to receive funding,By technology,Other renewables,Early stage,2015,12.5,Percentage,4
LUX,LUXEMBOURG,Probability to receive funding,By technology,Other renewables,Early stage,2016,12.5,Percentage,4
LUX,LUXEMBOURG,Probability to receive funding,By technology,Other renewables,Early stage,2017,12.5,Percentage,4
LUX,LUXEMBOURG,Probability to receive funding,By technology,Other renewables,Early stage,2018,10,Percentage,5
LUX,LUXEMBOURG,Probability to receive funding,By technology,Other renewables,Early stage,2019,10,Percentage,5
LUX,LUXEMBOURG,Probability to receive funding,By technology,Other renewables,Early stage,2020,10,Percentage,5
LUX,LUXEMBOURG,Probability to receive funding,By technology,Other renewables,Early stage,2021,10,Percentage,5
LUX,LUXEMBOURG,Probability to receive funding,By technology,Solar,Early stage,2015,0,Percentage,0.333333343
LUX,LUXEMBOURG,Probability to receive funding,By technology,Solar,Early stage,2016,0,Percentage,0.333333343
LUX,LUXEMBOURG,Probability to receive funding,By technology,Solar,Early stage,2017,0,Percentage,0.333333343
LUX,LUXEMBOURG,Probability to receive funding,By technology,Solar,Early stage,2018,0,Percentage,0.333333343
LUX,LUXEMBOURG,Probability to receive funding,By technology,Solar,Early stage,2019,0,Percentage,0.333333343
LUX,LUXEMBOURG,Probability to receive funding,By technology,Solar,Early stage,2020,0,Percentage,0.333333343
LUX,LUXEMBOURG,Probability to receive funding,By technology,Solar,Early stage,2021,0,Percentage,0.333333343
LUX,LUXEMBOURG,Probability to receive funding,By technology,Wind,Early stage,2015,0,Percentage,0.5
LUX,LUXEMBOURG,Probability to receive funding,By technology,Wind,Early stage,2016,0,Percentage,0.5
LUX,LUXEMBOURG,Probability to receive funding,By technology,Wind,Early stage,2017,0,Percentage,0.5
LUX,LUXEMBOURG,Probability to receive funding,By technology,Wind,Early stage,2018,0,Percentage,0.5
LUX,LUXEMBOURG,Probability to receive funding,By technology,Wind,Early stage,2019,0,Percentage,0.5
LUX,LUXEMBOURG,Probability to receive funding,By technology,Wind,Early stage,2020,0,Percentage,0.5
LUX,LUXEMBOURG,Probability to receive funding,By technology,Wind,Early stage,2021,0,Percentage,0.5
LUX,LUXEMBOURG,Probability to receive funding,By technology,Clean energy,Later stage,2021,0,Percentage,12
LUX,LUXEMBOURG,Probability to receive funding,By technology,Electric mobility,Later stage,2017,0,Percentage,1
LUX,LUXEMBOURG,Probability to receive funding,By technology,Electric mobility,Later stage,2018,0,Percentage,2
LUX,LUXEMBOURG,Probability to receive funding,By technology,Electric mobility,Later stage,2019,0,Percentage,2
LUX,LUXEMBOURG,Probability to receive funding,By technology,Electric mobility,Later stage,2020,0,Percentage,2
LUX,LUXEMBOURG,Probability to receive funding,By technology,Electric mobility,Later stage,2021,0,Percentage,2
LUX,LUXEMBOURG,Probability to receive funding,By technology,Energy efficiency,Later stage,2015,0,Percentage,1.833333373
LUX,LUXEMBOURG,Probability to receive funding,By technology,Energy efficiency,Later stage,2016,0,Percentage,1.833333373
LUX,LUXEMBOURG,Probability to receive funding,By technology,Energy efficiency,Later stage,2017,0,Percentage,3.833333254
LUX,LUXEMBOURG,Probability to receive funding,By technology,Energy efficiency,Later stage,2018,0,Percentage,3.833333254
LUX,LUXEMBOURG,Probability to receive funding,By technology,Energy efficiency,Later stage,2019,0,Percentage,3.833333254
LUX,LUXEMBOURG,Probability to receive funding,By technology,Energy efficiency,Later stage,2020,0,Percentage,3.833333254
LUX,LUXEMBOURG,Probability to receive funding,By technology,Energy efficiency,Later stage,2021,0,Percentage,3.833333254
LUX,LUXEMBOURG,Probability to receive funding,By technology,Energy storage and batteries,Later stage,2021,0,Percentage,1
LUX,LUXEMBOURG,Probability to receive funding,By technology,Fossil fuels,Later stage,2016,100,Percentage,1
LUX,LUXEMBOURG,Probability to receive funding,By technology,Fossil fuels,Later stage,2017,100,Percentage,1
LUX,LUXEMBOURG,Probability to receive funding,By technology,Fossil fuels,Later stage,2018,100,Percentage,1
LUX,LUXEMBOURG,Probability to receive funding,By technology,Fossil fuels,Later stage,2019,100,Percentage,1
LUX,LUXEMBOURG,Probability to receive funding,By technology,Fossil fuels,Later stage,2020,100,Percentage,1
LUX,LUXEMBOURG,Probability to receive funding,By technology,Fossil fuels,Later stage,2021,100,Percentage,1
LUX,LUXEMBOURG,Probability to receive funding,By technology,Grid,Later stage,2015,0,Percentage,1.333333373
LUX,LUXEMBOURG,Probability to receive funding,By technology,Grid,Later stage,2016,0,Percentage,1.333333373
LUX,LUXEMBOURG,Probability to receive funding,By technology,Grid,Later stage,2017,0,Percentage,1.333333373
LUX,LUXEMBOURG,Probability to receive funding,By technology,Grid,Later stage,2018,0,Percentage,1.333333373
LUX,LUXEMBOURG,Probability to receive funding,By technology,Grid,Later stage,2019,0,Percentage,1.333333373
LUX,LUXEMBOURG,Probability to receive funding,By technology,Grid,Later stage,2020,0,Percentage,1.333333373
LUX,LUXEMBOURG,Probability to receive funding,By technology,Grid,Later stage,2021,0,Percentage,1.333333373
LUX,LUXEMBOURG,Fundings of start-ups,By technology,Non-clean energy,Later stage,2018,1648225,USD,1
LUX,LUXEMBOURG,Probability to receive funding,By technology,Non-clean energy,Later stage,2021,10,Percentage,10
LUX,LUXEMBOURG,Fundings of start-ups,By technology,Non-clean energy,Later stage,2022,1.726027369,Years,10
LUX,LUXEMBOURG,Probability to receive funding,By technology,Other energy,Later stage,2015,0,Percentage,5
LUX,LUXEMBOURG,Probability to receive funding,By technology,Other energy,Later stage,2016,0,Percentage,5
LUX,LUXEMBOURG,Probability to receive funding,By technology,Other energy,Later stage,2017,0,Percentage,5
LUX,LUXEMBOURG,Probability to receive funding,By technology,Other energy,Later stage,2018,0,Percentage,5
LUX,LUXEMBOURG,Probability to receive funding,By technology,Other energy,Later stage,2019,0,Percentage,5
LUX,LUXEMBOURG,Probability to receive funding,By technology,Other energy,Later stage,2020,0,Percentage,5
LUX,LUXEMBOURG,Probability to receive funding,By technology,Other energy,Later stage,2021,0,Percentage,5
LUX,LUXEMBOURG,Probability to receive funding,By technology,Other renewables,Later stage,2015,0,Percentage,4
LUX,LUXEMBOURG,Probability to receive funding,By technology,Other renewables,Later stage,2016,0,Percentage,4
LUX,LUXEMBOURG,Probability to receive funding,By technology,Other renewables,Later stage,2017,0,Percentage,4
LUX,LUXEMBOURG,Probability to receive funding,By technology,Other renewables,Later stage,2018,0,Percentage,5
LUX,LUXEMBOURG,Probability to receive funding,By technology,Other renewables,Later stage,2019,0,Percentage,5
LUX,LUXEMBOURG,Probability to receive funding,By technology,Other renewables,Later stage,2020,0,Percentage,5
LUX,LUXEMBOURG,Probability to receive funding,By technology,Other renewables,Later stage,2021,0,Percentage,5
LUX,LUXEMBOURG,Probability to receive funding,By technology,Solar,Later stage,2015,0,Percentage,0.333333343
LUX,LUXEMBOURG,Probability to receive funding,By technology,Solar,Later stage,2016,0,Percentage,0.333333343
LUX,LUXEMBOURG,Probability to receive funding,By technology,Solar,Later stage,2017,0,Percentage,0.333333343
LUX,LUXEMBOURG,Probability to receive funding,By technology,Solar,Later stage,2018,0,Percentage,0.333333343
LUX,LUXEMBOURG,Probability to receive funding,By technology,Solar,Later stage,2019,0,Percentage,0.333333343
LUX,LUXEMBOURG,Probability to receive funding,By technology,Solar,Later stage,2020,0,Percentage,0.333333343
LUX,LUXEMBOURG,Probability to receive funding,By technology,Solar,Later stage,2021,0,Percentage,0.333333343
LUX,LUXEMBOURG,Probability to receive funding,By technology,Wind,Later stage,2015,0,Percentage,0.5
LUX,LUXEMBOURG,Probability to receive funding,By technology,Wind,Later stage,2016,0,Percentage,0.5
LUX,LUXEMBOURG,Probability to receive funding,By technology,Wind,Later stage,2017,0,Percentage,0.5
LUX,LUXEMBOURG,Probability to receive funding,By technology,Wind,Later stage,2018,0,Percentage,0.5
LUX,LUXEMBOURG,Probability to receive funding,By technology,Wind,Later stage,2019,0,Percentage,0.5
LUX,LUXEMBOURG,Probability to receive funding,By technology,Wind,Later stage,2020,0,Percentage,0.5
LUX,LUXEMBOURG,Probability to receive funding,By technology,Wind,Later stage,2021,0,Percentage,0.5
MDG,MADAGASCAR,Probability to receive funding,"By sector (energy, green, digital)",Energy,Early stage,2021,0,Percentage,5
MDG,MADAGASCAR,Probability to receive funding,"By sector (energy, green, digital)",Energy and non-digital,Early stage,2021,0,Percentage,5
MDG,MADAGASCAR,Probability to receive funding,"By sector (energy, green, digital)",Non-energy,Early stage,2021,0,Percentage,42
MDG,MADAGASCAR,Probability to receive funding,"By sector (energy, green, digital)",Energy,Later stage,2021,0,Percentage,5
MDG,MADAGASCAR,Probability to receive funding,"By sector (energy, green, digital)",Energy and non-digital,Later stage,2021,0,Percentage,5
MDG,MADAGASCAR,Probability to receive funding,"By sector (energy, green, digital)",Non-energy,Later stage,2021,0,Percentage,42
MDG,MADAGASCAR,Probability to receive funding,By technology,Clean energy,Early stage,2021,0,Percentage,2
MDG,MADAGASCAR,Probability to receive funding,By technology,Grid,Early stage,2016,0,Percentage,1
MDG,MADAGASCAR,Probability to receive funding,By technology,Grid,Early stage,2017,0,Percentage,1
MDG,MADAGASCAR,Probability to receive funding,By technology,Grid,Early stage,2018,0,Percentage,1
MDG,MADAGASCAR,Probability to receive funding,By technology,Grid,Early stage,2019,0,Percentage,1
MDG,MADAGASCAR,Probability to receive funding,By technology,Grid,Early stage,2020,0,Percentage,1
MDG,MADAGASCAR,Probability to receive funding,By technology,Grid,Early stage,2021,0,Percentage,1
MDG,MADAGASCAR,Probability to receive funding,By technology,Non-clean energy,Early stage,2021,0,Percentage,3
MDG,MADAGASCAR,Probability to receive funding,By technology,Other energy,Early stage,2015,0,Percentage,2.5
MDG,MADAGASCAR,Probability to receive funding,By technology,Other energy,Early stage,2016,0,Percentage,2.5
MDG,MADAGASCAR,Probability to receive funding,By technology,Other energy,Early stage,2017,0,Percentage,2.5
MDG,MADAGASCAR,Probability to receive funding,By technology,Other energy,Early stage,2018,0,Percentage,2.5
MDG,MADAGASCAR,Probability to receive funding,By technology,Other energy,Early stage,2019,0,Percentage,2.5
MDG,MADAGASCAR,Probability to receive funding,By technology,Other energy,Early stage,2020,0,Percentage,2.5
MDG,MADAGASCAR,Probability to receive funding,By technology,Other energy,Early stage,2021,0,Percentage,2.5
MDG,MADAGASCAR,Probability to receive funding,By technology,Other renewables,Early stage,2015,0,Percentage,0.5
MDG,MADAGASCAR,Probability to receive funding,By technology,Other renewables,Early stage,2016,0,Percentage,0.5
MDG,MADAGASCAR,Probability to receive funding,By technology,Other renewables,Early stage,2017,0,Percentage,1
MDG,MADAGASCAR,Probability to receive funding,By technology,Other renewables,Early stage,2018,0,Percentage,1
MDG,MADAGASCAR,Probability to receive funding,By technology,Other renewables,Early stage,2019,0,Percentage,1
MDG,MADAGASCAR,Probability to receive funding,By technology,Other renewables,Early stage,2020,0,Percentage,1
MDG,MADAGASCAR,Probability to receive funding,By technology,Other renewables,Early stage,2021,0,Percentage,1
MDG,MADAGASCAR,Probability to receive funding,By technology,Solar,Early stage,2017,0,Percentage,0.5
MDG,MADAGASCAR,Probability to receive funding,By technology,Solar,Early stage,2018,0,Percentage,0.5
MDG,MADAGASCAR,Probability to receive funding,By technology,Solar,Early stage,2019,0,Percentage,0.5
MDG,MADAGASCAR,Probability to receive funding,By technology,Solar,Early stage,2020,0,Percentage,0.5
MDG,MADAGASCAR,Probability to receive funding,By technology,Solar,Early stage,2021,0,Percentage,0.5
MDG,MADAGASCAR,Probability to receive funding,By technology,Clean energy,Later stage,2021,0,Percentage,2
MDG,MADAGASCAR,Probability to receive funding,By technology,Grid,Later stage,2016,0,Percentage,1
MDG,MADAGASCAR,Probability to receive funding,By technology,Grid,Later stage,2017,0,Percentage,1
MDG,MADAGASCAR,Probability to receive funding,By technology,Grid,Later stage,2018,0,Percentage,1
MDG,MADAGASCAR,Probability to receive funding,By technology,Grid,Later stage,2019,0,Percentage,1
MDG,MADAGASCAR,Probability to receive funding,By technology,Grid,Later stage,2020,0,Percentage,1
MDG,MADAGASCAR,Probability to receive funding,By technology,Grid,Later stage,2021,0,Percentage,1
MDG,MADAGASCAR,Probability to receive funding,By technology,Non-clean energy,Later stage,2021,0,Percentage,3
MDG,MADAGASCAR,Probability to receive funding,By technology,Other energy,Later stage,2015,0,Percentage,2.5
MDG,MADAGASCAR,Probability to receive funding,By technology,Other energy,Later stage,2016,0,Percentage,2.5
MDG,MADAGASCAR,Probability to receive funding,By technology,Other energy,Later stage,2017,0,Percentage,2.5
MDG,MADAGASCAR,Probability to receive funding,By technology,Other energy,Later stage,2018,0,Percentage,2.5
MDG,MADAGASCAR,Probability to receive funding,By technology,Other energy,Later stage,2019,0,Percentage,2.5
MDG,MADAGASCAR,Probability to receive funding,By technology,Other energy,Later stage,2020,0,Percentage,2.5
MDG,MADAGASCAR,Probability to receive funding,By technology,Other energy,Later stage,2021,0,Percentage,2.5
MDG,MADAGASCAR,Probability to receive funding,By technology,Other renewables,Later stage,2015,0,Percentage,0.5
MDG,MADAGASCAR,Probability to receive funding,By technology,Other renewables,Later stage,2016,0,Percentage,0.5
MDG,MADAGASCAR,Probability to receive funding,By technology,Other renewables,Later stage,2017,0,Percentage,1
MDG,MADAGASCAR,Probability to receive funding,By technology,Other renewables,Later stage,2018,0,Percentage,1
MDG,MADAGASCAR,Probability to receive funding,By technology,Other renewables,Later stage,2019,0,Percentage,1
MDG,MADAGASCAR,Probability to receive funding,By technology,Other renewables,Later stage,2020,0,Percentage,1
MDG,MADAGASCAR,Probability to receive funding,By technology,Other renewables,Later stage,2021,0,Percentage,1
MDG,MADAGASCAR,Probability to receive funding,By technology,Solar,Later stage,2017,0,Percentage,0.5
MDG,MADAGASCAR,Probability to receive funding,By technology,Solar,Later stage,2018,0,Percentage,0.5
MDG,MADAGASCAR,Probability to receive funding,By technology,Solar,Later stage,2019,0,Percentage,0.5
MDG,MADAGASCAR,Probability to receive funding,By technology,Solar,Later stage,2020,0,Percentage,0.5
MDG,MADAGASCAR,Probability to receive funding,By technology,Solar,Later stage,2021,0,Percentage,0.5
MWI,MALAWI,Probability to receive funding,"By sector (energy, green, digital)",Energy,Early stage,2021,0,Percentage,2
MWI,MALAWI,Probability to receive funding,"By sector (energy, green, digital)",Energy and non-digital,Early stage,2021,0,Percentage,2
MWI,MALAWI,Probability to receive funding,"By sector (energy, green, digital)",Non-energy,Early stage,2021,0,Percentage,32
MWI,MALAWI,Probability to receive funding,"By sector (energy, green, digital)",Energy,Later stage,2021,0,Percentage,2
MWI,MALAWI,Probability to receive funding,"By sector (energy, green, digital)",Energy and non-digital,Later stage,2021,0,Percentage,2
MWI,MALAWI,Probability to receive funding,"By sector (energy, green, digital)",Non-energy,Later stage,2021,0,Percentage,32
MWI,MALAWI,Probability to receive funding,By technology,Clean energy,Early stage,2021,0,Percentage,1
MWI,MALAWI,Probability to receive funding,By technology,Non-clean energy,Early stage,2021,0,Percentage,1
MWI,MALAWI,Probability to receive funding,By technology,Other renewables,Early stage,2016,0,Percentage,0.5
MWI,MALAWI,Probability to receive funding,By technology,Other renewables,Early stage,2017,0,Percentage,0.5
MWI,MALAWI,Probability to receive funding,By technology,Other renewables,Early stage,2018,0,Percentage,0.5
MWI,MALAWI,Probability to receive funding,By technology,Other renewables,Early stage,2019,0,Percentage,0.5
MWI,MALAWI,Probability to receive funding,By technology,Other renewables,Early stage,2020,0,Percentage,0.5
MWI,MALAWI,Probability to receive funding,By technology,Other renewables,Early stage,2021,0,Percentage,0.5
MWI,MALAWI,Probability to receive funding,By technology,Solar,Early stage,2016,0,Percentage,0.5
MWI,MALAWI,Probability to receive funding,By technology,Solar,Early stage,2017,0,Percentage,0.5
MWI,MALAWI,Probability to receive funding,By technology,Solar,Early stage,2018,0,Percentage,0.5
MWI,MALAWI,Probability to receive funding,By technology,Solar,Early stage,2019,0,Percentage,0.5
MWI,MALAWI,Probability to receive funding,By technology,Solar,Early stage,2020,0,Percentage,0.5
MWI,MALAWI,Probability to receive funding,By technology,Solar,Early stage,2021,0,Percentage,0.5
MWI,MALAWI,Probability to receive funding,By technology,Clean energy,Later stage,2021,0,Percentage,1
MWI,MALAWI,Probability to receive funding,By technology,Non-clean energy,Later stage,2021,0,Percentage,1
MWI,MALAWI,Probability to receive funding,By technology,Other renewables,Later stage,2016,0,Percentage,0.5
MWI,MALAWI,Probability to receive funding,By technology,Other renewables,Later stage,2017,0,Percentage,0.5
MWI,MALAWI,Probability to receive funding,By technology,Other renewables,Later stage,2018,0,Percentage,0.5
MWI,MALAWI,Probability to receive funding,By technology,Other renewables,Later stage,2019,0,Percentage,0.5
MWI,MALAWI,Probability to receive funding,By technology,Other renewables,Later stage,2020,0,Percentage,0.5
MWI,MALAWI,Probability to receive funding,By technology,Other renewables,Later stage,2021,0,Percentage,0.5
MWI,MALAWI,Probability to receive funding,By technology,Solar,Later stage,2016,0,Percentage,0.5
MWI,MALAWI,Probability to receive funding,By technology,Solar,Later stage,2017,0,Percentage,0.5
MWI,MALAWI,Probability to receive funding,By technology,Solar,Later stage,2018,0,Percentage,0.5
MWI,MALAWI,Probability to receive funding,By technology,Solar,Later stage,2019,0,Percentage,0.5
MWI,MALAWI,Probability to receive funding,By technology,Solar,Later stage,2020,0,Percentage,0.5
MWI,MALAWI,Probability to receive funding,By technology,Solar,Later stage,2021,0,Percentage,0.5
MYS,MALAYSIA,Fundings of start-ups,"By sector (energy, green, digital)",Energy,Early stage,2012,145227.2656,USD,1
MYS,MALAYSIA,Fundings of start-ups,"By sector (energy, green, digital)",Energy,Early stage,2014,353038.6875,USD,1
MYS,MALAYSIA,Fundings of start-ups,"By sector (energy, green, digital)",Energy,Early stage,2016,578804.375,USD,1
MYS,MALAYSIA,Fundings of start-ups,"By sector (energy, green, digital)",Energy,Early stage,2018,199687.5,USD,1
MYS,MALAYSIA,Fundings of start-ups,"By sector (energy, green, digital)",Energy,Early stage,2019,314349.9688,USD,1
MYS,MALAYSIA,Probability to receive funding,"By sector (energy, green, digital)",Energy,Early stage,2021,4.918032646,Percentage,61
MYS,MALAYSIA,Fundings of start-ups,"By sector (energy, green, digital)",Energy,Early stage,2022,0,Years,61
MYS,MALAYSIA,Fundings of start-ups,"By sector (energy, green, digital)",Energy and digital,Early stage,2012,145227.2656,USD,1
MYS,MALAYSIA,Fundings of start-ups,"By sector (energy, green, digital)",Energy and digital,Early stage,2014,353038.6875,USD,1
MYS,MALAYSIA,Fundings of start-ups,"By sector (energy, green, digital)",Energy and digital,Early stage,2016,578804.375,USD,1
MYS,MALAYSIA,Fundings of start-ups,"By sector (energy, green, digital)",Energy and digital,Early stage,2018,199687.5,USD,1
MYS,MALAYSIA,Fundings of start-ups,"By sector (energy, green, digital)",Energy and digital,Early stage,2019,314349.9688,USD,1
MYS,MALAYSIA,Probability to receive funding,"By sector (energy, green, digital)",Energy and digital,Early stage,2021,12.5,Percentage,24
MYS,MALAYSIA,Fundings of start-ups,"By sector (energy, green, digital)",Energy and digital,Early stage,2022,0,Years,24
MYS,MALAYSIA,Probability to receive funding,"By sector (energy, green, digital)",Energy and non-digital,Early stage,2021,0,Percentage,37
MYS,MALAYSIA,Fundings of start-ups,"By sector (energy, green, digital)",Non-energy,Early stage,2000,17750000,USD,2
MYS,MALAYSIA,Fundings of start-ups,"By sector (energy, green, digital)",Non-energy,Early stage,2007,53584.90625,USD,1
MYS,MALAYSIA,Fundings of start-ups,"By sector (energy, green, digital)",Non-energy,Early stage,2008,2622953,USD,2
MYS,MALAYSIA,Fundings of start-ups,"By sector (energy, green, digital)",Non-energy,Early stage,2009,11060029,USD,3
MYS,MALAYSIA,Fundings of start-ups,"By sector (energy, green, digital)",Non-energy,Early stage,2010,12754.49121,USD,1
MYS,MALAYSIA,Fundings of start-ups,"By sector (energy, green, digital)",Non-energy,Early stage,2011,2656308.25,USD,6
MYS,MALAYSIA,Fundings of start-ups,"By sector (energy, green, digital)",Non-energy,Early stage,2012,2238999,USD,6
MYS,MALAYSIA,Fundings of start-ups,"By sector (energy, green, digital)",Non-energy,Early stage,2013,7493433.5,USD,10
MYS,MALAYSIA,Fundings of start-ups,"By sector (energy, green, digital)",Non-energy,Early stage,2014,12845890,USD,19
MYS,MALAYSIA,Fundings of start-ups,"By sector (energy, green, digital)",Non-energy,Early stage,2015,70421416,USD,32
MYS,MALAYSIA,Fundings of start-ups,"By sector (energy, green, digital)",Non-energy,Early stage,2016,150853408,USD,58
MYS,MALAYSIA,Fundings of start-ups,"By sector (energy, green, digital)",Non-energy,Early stage,2017,206801456,USD,57
MYS,MALAYSIA,Fundings of start-ups,"By sector (energy, green, digital)",Non-energy,Early stage,2018,143708752,USD,55
MYS,MALAYSIA,Fundings of start-ups,"By sector (energy, green, digital)",Non-energy,Early stage,2019,89730216,USD,54
MYS,MALAYSIA,Fundings of start-ups,"By sector (energy, green, digital)",Non-energy,Early stage,2020,103487544,USD,42
MYS,MALAYSIA,Probability to receive funding,"By sector (energy, green, digital)",Non-energy,Early stage,2021,12.1823616,Percentage,2676
MYS,MALAYSIA,Fundings of start-ups,"By sector (energy, green, digital)",Non-energy,Early stage,2021,155138544,USD,51
MYS,MALAYSIA,Fundings of start-ups,"By sector (energy, green, digital)",Non-energy,Early stage,2022,1.695250273,Years,2690
MYS,MALAYSIA,Fundings of start-ups,"By sector (energy, green, digital)",Non-energy,Early stage,2022,94533296,USD,25
MYS,MALAYSIA,Probability to receive funding,"By sector (energy, green, digital)",Energy,Later stage,2021,0,Percentage,61
MYS,MALAYSIA,Probability to receive funding,"By sector (energy, green, digital)",Energy and digital,Later stage,2021,0,Percentage,24
MYS,MALAYSIA,Probability to receive funding,"By sector (energy, green, digital)",Energy and non-digital,Later stage,2021,0,Percentage,37
MYS,MALAYSIA,Fundings of start-ups,"By sector (energy, green, digital)",Non-energy,Later stage,2005,240161072,USD,1
MYS,MALAYSIA,Fundings of start-ups,"By sector (energy, green, digital)",Non-energy,Later stage,2013,25157.93164,USD,1
MYS,MALAYSIA,Fundings of start-ups,"By sector (energy, green, digital)",Non-energy,Later stage,2016,1041847.813,USD,1
MYS,MALAYSIA,Fundings of start-ups,"By sector (energy, green, digital)",Non-energy,Later stage,2017,155839296,USD,3
MYS,MALAYSIA,Fundings of start-ups,"By sector (energy, green, digital)",Non-energy,Later stage,2018,19525000,USD,1
MYS,MALAYSIA,Fundings of start-ups,"By sector (energy, green, digital)",Non-energy,Later stage,2019,141818880,USD,4
MYS,MALAYSIA,Fundings of start-ups,"By sector (energy, green, digital)",Non-energy,Later stage,2020,32428144,USD,2
MYS,MALAYSIA,Fundings of start-ups,"By sector (energy, green, digital)",Non-energy,Later stage,2021,188121968,USD,7
MYS,MALAYSIA,Probability to receive funding,"By sector (energy, green, digital)",Non-energy,Later stage,2021,1.270553112,Percentage,2676
MYS,MALAYSIA,Fundings of start-ups,"By sector (energy, green, digital)",Non-energy,Later stage,2022,4.843432903,Years,2690
MYS,MALAYSIA,Fundings of start-ups,"By sector (energy, green, digital)",Non-energy,Later stage,2022,361480256,USD,4
MYS,MALAYSIA,Fundings of start-ups,By technology,Energy efficiency,all,2012,145227.2656,USD,1
MYS,MALAYSIA,Fundings of start-ups,By technology,Energy efficiency,all,2014,353038.6875,USD,1
MYS,MALAYSIA,Fundings of start-ups,By technology,Energy efficiency,all,2016,578804.375,USD,1
MYS,MALAYSIA,Fundings of start-ups,By technology,Energy efficiency,all,2018,199687.5,USD,1
MYS,MALAYSIA,Fundings of start-ups,By technology,Energy efficiency,all,2019,314349.9688,USD,1
MYS,MALAYSIA,Probability to receive funding,By technology,Bioenergy,Early stage,2015,0,Percentage,0.25
MYS,MALAYSIA,Probability to receive funding,By technology,Bioenergy,Early stage,2016,0,Percentage,0.25
MYS,MALAYSIA,Probability to receive funding,By technology,Bioenergy,Early stage,2017,0,Percentage,0.25
MYS,MALAYSIA,Probability to receive funding,By technology,Bioenergy,Early stage,2018,0,Percentage,0.25
MYS,MALAYSIA,Probability to receive funding,By technology,Bioenergy,Early stage,2019,0,Percentage,0.25
MYS,MALAYSIA,Probability to receive funding,By technology,Bioenergy,Early stage,2020,0,Percentage,0.25
MYS,MALAYSIA,Probability to receive funding,By technology,Bioenergy,Early stage,2021,0,Percentage,0.25
MYS,MALAYSIA,Fundings of start-ups,By technology,Clean energy,Early stage,2019,314349.9688,USD,1
MYS,MALAYSIA,Probability to receive funding,By technology,Clean energy,Early stage,2021,9.090909004,Percentage,22
MYS,MALAYSIA,Fundings of start-ups,By technology,Clean energy,Early stage,2022,0,Years,22
MYS,MALAYSIA,Probability to receive funding,By technology,Electric mobility,Early stage,2015,0,Percentage,1
MYS,MALAYSIA,Probability to receive funding,By technology,Electric mobility,Early stage,2016,0,Percentage,1
MYS,MALAYSIA,Probability to receive funding,By technology,Electric mobility,Early stage,2017,0,Percentage,1
MYS,MALAYSIA,Probability to receive funding,By technology,Electric mobility,Early stage,2018,0,Percentage,1
MYS,MALAYSIA,Probability to receive funding,By technology,Electric mobility,Early stage,2019,0,Percentage,1.5
MYS,MALAYSIA,Probability to receive funding,By technology,Electric mobility,Early stage,2020,0,Percentage,1.5
MYS,MALAYSIA,Probability to receive funding,By technology,Electric mobility,Early stage,2021,40,Percentage,2.5
MYS,MALAYSIA,Probability to receive funding,By technology,Energy efficiency,Early stage,2015,16.66666603,Percentage,6
MYS,MALAYSIA,Probability to receive funding,By technology,Energy efficiency,Early stage,2016,16.66666603,Percentage,6
MYS,MALAYSIA,Probability to receive funding,By technology,Energy efficiency,Early stage,2017,11.11111069,Percentage,9
MYS,MALAYSIA,Probability to receive funding,By technology,Energy efficiency,Early stage,2018,10,Percentage,10
MYS,MALAYSIA,Probability to receive funding,By technology,Energy efficiency,Early stage,2019,16.66666603,Percentage,12
MYS,MALAYSIA,Probability to receive funding,By technology,Energy efficiency,Early stage,2020,16.66666603,Percentage,12
MYS,MALAYSIA,Probability to receive funding,By technology,Energy efficiency,Early stage,2021,16.66666603,Percentage,12
MYS,MALAYSIA,Probability to receive funding,By technology,Energy storage and batteries,Early stage,2019,0,Percentage,0.5
MYS,MALAYSIA,Probability to receive funding,By technology,Energy storage and batteries,Early stage,2020,0,Percentage,0.5
MYS,MALAYSIA,Probability to receive funding,By technology,Energy storage and batteries,Early stage,2021,0,Percentage,0.5
MYS,MALAYSIA,Probability to receive funding,By technology,Fossil fuels,Early stage,2015,0,Percentage,14.08333302
MYS,MALAYSIA,Probability to receive funding,By technology,Fossil fuels,Early stage,2016,0,Percentage,15.08333302
MYS,MALAYSIA,Probability to receive funding,By technology,Fossil fuels,Early stage,2017,0,Percentage,16.58333397
MYS,MALAYSIA,Probability to receive funding,By technology,Fossil fuels,Early stage,2018,0,Percentage,17.08333397
MYS,MALAYSIA,Probability to receive funding,By technology,Fossil fuels,Early stage,2019,0,Percentage,17.08333397
MYS,MALAYSIA,Probability to receive funding,By technology,Fossil fuels,Early stage,2020,0,Percentage,18.08333397
MYS,MALAYSIA,Probability to receive funding,By technology,Fossil fuels,Early stage,2021,0,Percentage,18.08333397
MYS,MALAYSIA,Probability to receive funding,By technology,Grid,Early stage,2015,0,Percentage,2
MYS,MALAYSIA,Probability to receive funding,By technology,Grid,Early stage,2016,0,Percentage,2
MYS,MALAYSIA,Probability to receive funding,By technology,Grid,Early stage,2017,0,Percentage,2
MYS,MALAYSIA,Probability to receive funding,By technology,Grid,Early stage,2018,0,Percentage,2
MYS,MALAYSIA,Probability to receive funding,By technology,Grid,Early stage,2019,0,Percentage,2
MYS,MALAYSIA,Probability to receive funding,By technology,Grid,Early stage,2020,0,Percentage,2
MYS,MALAYSIA,Probability to receive funding,By technology,Grid,Early stage,2021,0,Percentage,2
MYS,MALAYSIA,Fundings of start-ups,By technology,Non-clean energy,Early stage,2012,145227.2656,USD,1
MYS,MALAYSIA,Fundings of start-ups,By technology,Non-clean energy,Early stage,2014,353038.6875,USD,1
MYS,MALAYSIA,Fundings of start-ups,By technology,Non-clean energy,Early stage,2016,578804.375,USD,1
MYS,MALAYSIA,Fundings of start-ups,By technology,Non-clean energy,Early stage,2018,199687.5,USD,1
MYS,MALAYSIA,Probability to receive funding,By technology,Non-clean energy,Early stage,2021,2.56410265,Percentage,39
MYS,MALAYSIA,Fundings of start-ups,By technology,Non-clean energy,Early stage,2022,0,Years,39
MYS,MALAYSIA,Probability to receive funding,By technology,Other energy,Early stage,2015,0,Percentage,13.33333302
MYS,MALAYSIA,Probability to receive funding,By technology,Other energy,Early stage,2016,0,Percentage,13.33333302
MYS,MALAYSIA,Probability to receive funding,By technology,Other energy,Early stage,2017,0,Percentage,13.83333302
MYS,MALAYSIA,Probability to receive funding,By technology,Other energy,Early stage,2018,0,Percentage,15.33333302
MYS,MALAYSIA,Probability to receive funding,By technology,Other energy,Early stage,2019,0,Percentage,15.33333302
MYS,MALAYSIA,Probability to receive funding,By technology,Other energy,Early stage,2020,0,Percentage,16.33333397
MYS,MALAYSIA,Probability to receive funding,By technology,Other energy,Early stage,2021,0,Percentage,16.33333397
MYS,MALAYSIA,Probability to receive funding,By technology,Other renewables,Early stage,2015,0,Percentage,5.833333492
MYS,MALAYSIA,Probability to receive funding,By technology,Other renewables,Early stage,2016,0,Percentage,5.833333492
MYS,MALAYSIA,Probability to receive funding,By technology,Other renewables,Early stage,2017,0,Percentage,5.833333492
MYS,MALAYSIA,Probability to receive funding,By technology,Other renewables,Early stage,2018,0,Percentage,5.833333492
MYS,MALAYSIA,Probability to receive funding,By technology,Other renewables,Early stage,2019,0,Percentage,5.833333492
MYS,MALAYSIA,Probability to receive funding,By technology,Other renewables,Early stage,2020,0,Percentage,5.833333492
MYS,MALAYSIA,Probability to receive funding,By technology,Other renewables,Early stage,2021,0,Percentage,5.833333492
MYS,MALAYSIA,Probability to receive funding,By technology,Solar,Early stage,2015,0,Percentage,1.25
MYS,MALAYSIA,Probability to receive funding,By technology,Solar,Early stage,2016,0,Percentage,1.25
MYS,MALAYSIA,Probability to receive funding,By technology,Solar,Early stage,2017,0,Percentage,1.25
MYS,MALAYSIA,Probability to receive funding,By technology,Solar,Early stage,2018,0,Percentage,1.25
MYS,MALAYSIA,Probability to receive funding,By technology,Solar,Early stage,2019,0,Percentage,1.25
MYS,MALAYSIA,Probability to receive funding,By technology,Solar,Early stage,2020,0,Percentage,1.25
MYS,MALAYSIA,Probability to receive funding,By technology,Solar,Early stage,2021,0,Percentage,1.25
MYS,MALAYSIA,Probability to receive funding,By technology,Wind,Early stage,2015,0,Percentage,0.25
MYS,MALAYSIA,Probability to receive funding,By technology,Wind,Early stage,2016,0,Percentage,0.25
MYS,MALAYSIA,Probability to receive funding,By technology,Wind,Early stage,2017,0,Percentage,0.25
MYS,MALAYSIA,Probability to receive funding,By technology,Wind,Early stage,2018,0,Percentage,0.25
MYS,MALAYSIA,Probability to receive funding,By technology,Wind,Early stage,2019,0,Percentage,0.25
MYS,MALAYSIA,Probability to receive funding,By technology,Wind,Early stage,2020,0,Percentage,0.25
MYS,MALAYSIA,Probability to receive funding,By technology,Wind,Early stage,2021,0,Percentage,0.25
MYS,MALAYSIA,Probability to receive funding,By technology,Bioenergy,Later stage,2015,0,Percentage,0.25
MYS,MALAYSIA,Probability to receive funding,By technology,Bioenergy,Later stage,2016,0,Percentage,0.25
MYS,MALAYSIA,Probability to receive funding,By technology,Bioenergy,Later stage,2017,0,Percentage,0.25
MYS,MALAYSIA,Probability to receive funding,By technology,Bioenergy,Later stage,2018,0,Percentage,0.25
MYS,MALAYSIA,Probability to receive funding,By technology,Bioenergy,Later stage,2019,0,Percentage,0.25
MYS,MALAYSIA,Probability to receive funding,By technology,Bioenergy,Later stage,2020,0,Percentage,0.25
MYS,MALAYSIA,Probability to receive funding,By technology,Bioenergy,Later stage,2021,0,Percentage,0.25
MYS,MALAYSIA,Probability to receive funding,By technology,Clean energy,Later stage,2021,0,Percentage,22
MYS,MALAYSIA,Probability to receive funding,By technology,Electric mobility,Later stage,2015,0,Percentage,1
MYS,MALAYSIA,Probability to receive funding,By technology,Electric mobility,Later stage,2016,0,Percentage,1
MYS,MALAYSIA,Probability to receive funding,By technology,Electric mobility,Later stage,2017,0,Percentage,1
MYS,MALAYSIA,Probability to receive funding,By technology,Electric mobility,Later stage,2018,0,Percentage,1
MYS,MALAYSIA,Probability to receive funding,By technology,Electric mobility,Later stage,2019,0,Percentage,1.5
MYS,MALAYSIA,Probability to receive funding,By technology,Electric mobility,Later stage,2020,0,Percentage,1.5
MYS,MALAYSIA,Probability to receive funding,By technology,Electric mobility,Later stage,2021,0,Percentage,2.5
MYS,MALAYSIA,Probability to receive funding,By technology,Energy efficiency,Later stage,2015,0,Percentage,6
MYS,MALAYSIA,Probability to receive funding,By technology,Energy efficiency,Later stage,2016,0,Percentage,6
MYS,MALAYSIA,Probability to receive funding,By technology,Energy efficiency,Later stage,2017,0,Percentage,9
MYS,MALAYSIA,Probability to receive funding,By technology,Energy efficiency,Later stage,2018,0,Percentage,10
MYS,MALAYSIA,Probability to receive funding,By technology,Energy efficiency,Later stage,2019,0,Percentage,12
MYS,MALAYSIA,Probability to receive funding,By technology,Energy efficiency,Later stage,2020,0,Percentage,12
MYS,MALAYSIA,Probability to receive funding,By technology,Energy efficiency,Later stage,2021,0,Percentage,12
MYS,MALAYSIA,Probability to receive funding,By technology,Energy storage and batteries,Later stage,2019,0,Percentage,0.5
MYS,MALAYSIA,Probability to receive funding,By technology,Energy storage and batteries,Later stage,2020,0,Percentage,0.5
MYS,MALAYSIA,Probability to receive funding,By technology,Energy storage and batteries,Later stage,2021,0,Percentage,0.5
MYS,MALAYSIA,Probability to receive funding,By technology,Fossil fuels,Later stage,2015,0,Percentage,14.08333302
MYS,MALAYSIA,Probability to receive funding,By technology,Fossil fuels,Later stage,2016,0,Percentage,15.08333302
MYS,MALAYSIA,Probability to receive funding,By technology,Fossil fuels,Later stage,2017,0,Percentage,16.58333397
MYS,MALAYSIA,Probability to receive funding,By technology,Fossil fuels,Later stage,2018,0,Percentage,17.08333397
MYS,MALAYSIA,Probability to receive funding,By technology,Fossil fuels,Later stage,2019,0,Percentage,17.08333397
MYS,MALAYSIA,Probability to receive funding,By technology,Fossil fuels,Later stage,2020,0,Percentage,18.08333397
MYS,MALAYSIA,Probability to receive funding,By technology,Fossil fuels,Later stage,2021,0,Percentage,18.08333397
MYS,MALAYSIA,Probability to receive funding,By technology,Grid,Later stage,2015,0,Percentage,2
MYS,MALAYSIA,Probability to receive funding,By technology,Grid,Later stage,2016,0,Percentage,2
MYS,MALAYSIA,Probability to receive funding,By technology,Grid,Later stage,2017,0,Percentage,2
MYS,MALAYSIA,Probability to receive funding,By technology,Grid,Later stage,2018,0,Percentage,2
MYS,MALAYSIA,Probability to receive funding,By technology,Grid,Later stage,2019,0,Percentage,2
MYS,MALAYSIA,Probability to receive funding,By technology,Grid,Later stage,2020,0,Percentage,2
MYS,MALAYSIA,Probability to receive funding,By technology,Grid,Later stage,2021,0,Percentage,2
MYS,MALAYSIA,Probability to receive funding,By technology,Non-clean energy,Later stage,2021,0,Percentage,39
MYS,MALAYSIA,Probability to receive funding,By technology,Other energy,Later stage,2015,0,Percentage,13.33333302
MYS,MALAYSIA,Probability to receive funding,By technology,Other energy,Later stage,2016,0,Percentage,13.33333302
MYS,MALAYSIA,Probability to receive funding,By technology,Other energy,Later stage,2017,0,Percentage,13.83333302
MYS,MALAYSIA,Probability to receive funding,By technology,Other energy,Later stage,2018,0,Percentage,15.33333302
MYS,MALAYSIA,Probability to receive funding,By technology,Other energy,Later stage,2019,0,Percentage,15.33333302
MYS,MALAYSIA,Probability to receive funding,By technology,Other energy,Later stage,2020,0,Percentage,16.33333397
MYS,MALAYSIA,Probability to receive funding,By technology,Other energy,Later stage,2021,0,Percentage,16.33333397
MYS,MALAYSIA,Probability to receive funding,By technology,Other renewables,Later stage,2015,0,Percentage,5.833333492
MYS,MALAYSIA,Probability to receive funding,By technology,Other renewables,Later stage,2016,0,Percentage,5.833333492
MYS,MALAYSIA,Probability to receive funding,By technology,Other renewables,Later stage,2017,0,Percentage,5.833333492
MYS,MALAYSIA,Probability to receive funding,By technology,Other renewables,Later stage,2018,0,Percentage,5.833333492
MYS,MALAYSIA,Probability to receive funding,By technology,Other renewables,Later stage,2019,0,Percentage,5.833333492
MYS,MALAYSIA,Probability to receive funding,By technology,Other renewables,Later stage,2020,0,Percentage,5.833333492
MYS,MALAYSIA,Probability to receive funding,By technology,Other renewables,Later stage,2021,0,Percentage,5.833333492
MYS,MALAYSIA,Probability to receive funding,By technology,Solar,Later stage,2015,0,Percentage,1.25
MYS,MALAYSIA,Probability to receive funding,By technology,Solar,Later stage,2016,0,Percentage,1.25
MYS,MALAYSIA,Probability to receive funding,By technology,Solar,Later stage,2017,0,Percentage,1.25
MYS,MALAYSIA,Probability to receive funding,By technology,Solar,Later stage,2018,0,Percentage,1.25
MYS,MALAYSIA,Probability to receive funding,By technology,Solar,Later stage,2019,0,Percentage,1.25
MYS,MALAYSIA,Probability to receive funding,By technology,Solar,Later stage,2020,0,Percentage,1.25
MYS,MALAYSIA,Probability to receive funding,By technology,Solar,Later stage,2021,0,Percentage,1.25
MYS,MALAYSIA,Probability to receive funding,By technology,Wind,Later stage,2015,0,Percentage,0.25
MYS,MALAYSIA,Probability to receive funding,By technology,Wind,Later stage,2016,0,Percentage,0.25
MYS,MALAYSIA,Probability to receive funding,By technology,Wind,Later stage,2017,0,Percentage,0.25
MYS,MALAYSIA,Probability to receive funding,By technology,Wind,Later stage,2018,0,Percentage,0.25
MYS,MALAYSIA,Probability to receive funding,By technology,Wind,Later stage,2019,0,Percentage,0.25
MYS,MALAYSIA,Probability to receive funding,By technology,Wind,Later stage,2020,0,Percentage,0.25
MYS,MALAYSIA,Probability to receive funding,By technology,Wind,Later stage,2021,0,Percentage,0.25
MDV,MALDIVES,Probability to receive funding,"By sector (energy, green, digital)",Energy,Early stage,2021,0,Percentage,1
MDV,MALDIVES,Probability to receive funding,"By sector (energy, green, digital)",Energy and digital,Early stage,2021,0,Percentage,1
MDV,MALDIVES,Probability to receive funding,"By sector (energy, green, digital)",Non-energy,Early stage,2021,0,Percentage,35
MDV,MALDIVES,Probability to receive funding,"By sector (energy, green, digital)",Energy,Later stage,2021,0,Percentage,1
MDV,MALDIVES,Probability to receive funding,"By sector (energy, green, digital)",Energy and digital,Later stage,2021,0,Percentage,1
MDV,MALDIVES,Probability to receive funding,"By sector (energy, green, digital)",Non-energy,Later stage,2021,0,Percentage,35
MDV,MALDIVES,Probability to receive funding,By technology,Clean energy,Early stage,2021,0,Percentage,1
MDV,MALDIVES,Probability to receive funding,By technology,Energy efficiency,Early stage,2015,0,Percentage,1
MDV,MALDIVES,Probability to receive funding,By technology,Energy efficiency,Early stage,2016,0,Percentage,1
MDV,MALDIVES,Probability to receive funding,By technology,Energy efficiency,Early stage,2017,0,Percentage,1
MDV,MALDIVES,Probability to receive funding,By technology,Energy efficiency,Early stage,2018,0,Percentage,1
MDV,MALDIVES,Probability to receive funding,By technology,Energy efficiency,Early stage,2019,0,Percentage,1
MDV,MALDIVES,Probability to receive funding,By technology,Energy efficiency,Early stage,2020,0,Percentage,1
MDV,MALDIVES,Probability to receive funding,By technology,Energy efficiency,Early stage,2021,0,Percentage,1
MDV,MALDIVES,Probability to receive funding,By technology,Clean energy,Later stage,2021,0,Percentage,1
MDV,MALDIVES,Probability to receive funding,By technology,Energy efficiency,Later stage,2015,0,Percentage,1
MDV,MALDIVES,Probability to receive funding,By technology,Energy efficiency,Later stage,2016,0,Percentage,1
MDV,MALDIVES,Probability to receive funding,By technology,Energy efficiency,Later stage,2017,0,Percentage,1
MDV,MALDIVES,Probability to receive funding,By technology,Energy efficiency,Later stage,2018,0,Percentage,1
MDV,MALDIVES,Probability to receive funding,By technology,Energy efficiency,Later stage,2019,0,Percentage,1
MDV,MALDIVES,Probability to receive funding,By technology,Energy efficiency,Later stage,2020,0,Percentage,1
MDV,MALDIVES,Probability to receive funding,By technology,Energy efficiency,Later stage,2021,0,Percentage,1
MLI,MALI,Probability to receive funding,"By sector (energy, green, digital)",Energy,Early stage,2021,0,Percentage,3
MLI,MALI,Probability to receive funding,"By sector (energy, green, digital)",Energy and non-digital,Early stage,2021,0,Percentage,3
MLI,MALI,Fundings of start-ups,"By sector (energy, green, digital)",Non-energy,Early stage,2018,1493029,USD,3
MLI,MALI,Fundings of start-ups,"By sector (energy, green, digital)",Non-energy,Early stage,2021,1234782.625,USD,1
MLI,MALI,Probability to receive funding,"By sector (energy, green, digital)",Non-energy,Early stage,2021,10.34482765,Percentage,29
MLI,MALI,Fundings of start-ups,"By sector (energy, green, digital)",Non-energy,Early stage,2022,525000,USD,2
MLI,MALI,Fundings of start-ups,"By sector (energy, green, digital)",Non-energy,Early stage,2022,0.467579901,Years,29
MLI,MALI,Probability to receive funding,"By sector (energy, green, digital)",Energy,Later stage,2021,0,Percentage,3
MLI,MALI,Probability to receive funding,"By sector (energy, green, digital)",Energy and non-digital,Later stage,2021,0,Percentage,3
MLI,MALI,Probability to receive funding,"By sector (energy, green, digital)",Non-energy,Later stage,2021,0,Percentage,29
MLI,MALI,Probability to receive funding,By technology,Grid,Early stage,2017,0,Percentage,0.333333343
MLI,MALI,Probability to receive funding,By technology,Grid,Early stage,2018,0,Percentage,0.333333343
MLI,MALI,Probability to receive funding,By technology,Grid,Early stage,2019,0,Percentage,0.333333343
MLI,MALI,Probability to receive funding,By technology,Grid,Early stage,2020,0,Percentage,0.333333343
MLI,MALI,Probability to receive funding,By technology,Grid,Early stage,2021,0,Percentage,0.333333343
MLI,MALI,Probability to receive funding,By technology,Non-clean energy,Early stage,2021,0,Percentage,3
MLI,MALI,Probability to receive funding,By technology,Other energy,Early stage,2015,0,Percentage,2
MLI,MALI,Probability to receive funding,By technology,Other energy,Early stage,2016,0,Percentage,2
MLI,MALI,Probability to receive funding,By technology,Other energy,Early stage,2017,0,Percentage,2.333333254
MLI,MALI,Probability to receive funding,By technology,Other energy,Early stage,2018,0,Percentage,2.333333254
MLI,MALI,Probability to receive funding,By technology,Other energy,Early stage,2019,0,Percentage,2.333333254
MLI,MALI,Probability to receive funding,By technology,Other energy,Early stage,2020,0,Percentage,2.333333254
MLI,MALI,Probability to receive funding,By technology,Other energy,Early stage,2021,0,Percentage,2.333333254
MLI,MALI,Probability to receive funding,By technology,Solar,Early stage,2017,0,Percentage,0.333333343
MLI,MALI,Probability to receive funding,By technology,Solar,Early stage,2018,0,Percentage,0.333333343
MLI,MALI,Probability to receive funding,By technology,Solar,Early stage,2019,0,Percentage,0.333333343
MLI,MALI,Probability to receive funding,By technology,Solar,Early stage,2020,0,Percentage,0.333333343
MLI,MALI,Probability to receive funding,By technology,Solar,Early stage,2021,0,Percentage,0.333333343
MLI,MALI,Probability to receive funding,By technology,Grid,Later stage,2017,0,Percentage,0.333333343
MLI,MALI,Probability to receive funding,By technology,Grid,Later stage,2018,0,Percentage,0.333333343
MLI,MALI,Probability to receive funding,By technology,Grid,Later stage,2019,0,Percentage,0.333333343
MLI,MALI,Probability to receive funding,By technology,Grid,Later stage,2020,0,Percentage,0.333333343
MLI,MALI,Probability to receive funding,By technology,Grid,Later stage,2021,0,Percentage,0.333333343
MLI,MALI,Probability to receive funding,By technology,Non-clean energy,Later stage,2021,0,Percentage,3
MLI,MALI,Probability to receive funding,By technology,Other energy,Later stage,2015,0,Percentage,2
MLI,MALI,Probability to receive funding,By technology,Other energy,Later stage,2016,0,Percentage,2
MLI,MALI,Probability to receive funding,By technology,Other energy,Later stage,2017,0,Percentage,2.333333254
MLI,MALI,Probability to receive funding,By technology,Other energy,Later stage,2018,0,Percentage,2.333333254
MLI,MALI,Probability to receive funding,By technology,Other energy,Later stage,2019,0,Percentage,2.333333254
MLI,MALI,Probability to receive funding,By technology,Other energy,Later stage,2020,0,Percentage,2.333333254
MLI,MALI,Probability to receive funding,By technology,Other energy,Later stage,2021,0,Percentage,2.333333254
MLI,MALI,Probability to receive funding,By technology,Solar,Later stage,2017,0,Percentage,0.333333343
MLI,MALI,Probability to receive funding,By technology,Solar,Later stage,2018,0,Percentage,0.333333343
MLI,MALI,Probability to receive funding,By technology,Solar,Later stage,2019,0,Percentage,0.333333343
MLI,MALI,Probability to receive funding,By technology,Solar,Later stage,2020,0,Percentage,0.333333343
MLI,MALI,Probability to receive funding,By technology,Solar,Later stage,2021,0,Percentage,0.333333343
MLT,MALTA,Fundings of start-ups,"By sector (energy, green, digital)",Energy,Early stage,2019,1086734.75,USD,1
MLT,MALTA,Probability to receive funding,"By sector (energy, green, digital)",Energy,Early stage,2021,20,Percentage,5
MLT,MALTA,Fundings of start-ups,"By sector (energy, green, digital)",Energy,Early stage,2022,2.328767061,Years,5
MLT,MALTA,Probability to receive funding,"By sector (energy, green, digital)",Energy and digital,Early stage,2021,0,Percentage,3
MLT,MALTA,Fundings of start-ups,"By sector (energy, green, digital)",Energy and non-digital,Early stage,2019,1086734.75,USD,1
MLT,MALTA,Probability to receive funding,"By sector (energy, green, digital)",Energy and non-digital,Early stage,2021,50,Percentage,2
MLT,MALTA,Fundings of start-ups,"By sector (energy, green, digital)",Energy and non-digital,Early stage,2022,2.328767061,Years,2
MLT,MALTA,Fundings of start-ups,"By sector (energy, green, digital)",Non-energy,Early stage,2007,16745283,USD,1
MLT,MALTA,Fundings of start-ups,"By sector (energy, green, digital)",Non-energy,Early stage,2008,39372728,USD,1
MLT,MALTA,Fundings of start-ups,"By sector (energy, green, digital)",Non-energy,Early stage,2009,554722.125,USD,1
MLT,MALTA,Fundings of start-ups,"By sector (energy, green, digital)",Non-energy,Early stage,2013,6057595.5,USD,2
MLT,MALTA,Fundings of start-ups,"By sector (energy, green, digital)",Non-energy,Early stage,2014,2901342.5,USD,5
MLT,MALTA,Fundings of start-ups,"By sector (energy, green, digital)",Non-energy,Early stage,2015,8270378,USD,4
MLT,MALTA,Fundings of start-ups,"By sector (energy, green, digital)",Non-energy,Early stage,2016,1903919,USD,2
MLT,MALTA,Fundings of start-ups,"By sector (energy, green, digital)",Non-energy,Early stage,2017,1780019.5,USD,4
MLT,MALTA,Fundings of start-ups,"By sector (energy, green, digital)",Non-energy,Early stage,2018,7585944,USD,4
MLT,MALTA,Fundings of start-ups,"By sector (energy, green, digital)",Non-energy,Early stage,2019,6965539,USD,4
MLT,MALTA,Fundings of start-ups,"By sector (energy, green, digital)",Non-energy,Early stage,2020,9748999,USD,5
MLT,MALTA,Probability to receive funding,"By sector (energy, green, digital)",Non-energy,Early stage,2021,7.341772079,Percentage,395
MLT,MALTA,Fundings of start-ups,"By sector (energy, green, digital)",Non-energy,Early stage,2021,5144927.5,USD,1
MLT,MALTA,Fundings of start-ups,"By sector (energy, green, digital)",Non-energy,Early stage,2022,2774790,USD,2
MLT,MALTA,Fundings of start-ups,"By sector (energy, green, digital)",Non-energy,Early stage,2022,1.237316966,Years,397
MLT,MALTA,Probability to receive funding,"By sector (energy, green, digital)",Energy,Later stage,2021,20,Percentage,5
MLT,MALTA,Fundings of start-ups,"By sector (energy, green, digital)",Energy,Later stage,2021,123478264,USD,1
MLT,MALTA,Fundings of start-ups,"By sector (energy, green, digital)",Energy,Later stage,2022,4.290410995,Years,5
MLT,MALTA,Probability to receive funding,"By sector (energy, green, digital)",Energy and digital,Later stage,2021,0,Percentage,3
MLT,MALTA,Probability to receive funding,"By sector (energy, green, digital)",Energy and non-digital,Later stage,2021,50,Percentage,2
MLT,MALTA,Fundings of start-ups,"By sector (energy, green, digital)",Energy and non-digital,Later stage,2021,123478264,USD,1
MLT,MALTA,Fundings of start-ups,"By sector (energy, green, digital)",Energy and non-digital,Later stage,2022,4.290410995,Years,2
MLT,MALTA,Probability to receive funding,"By sector (energy, green, digital)",Non-energy,Later stage,2021,1.772151947,Percentage,395
MLT,MALTA,Fundings of start-ups,"By sector (energy, green, digital)",Non-energy,Later stage,2022,3.220352173,Years,397
MLT,MALTA,Fundings of start-ups,By technology,Other energy,all,2019,543367.375,USD,0.5
MLT,MALTA,Fundings of start-ups,By technology,Other energy,all,2020,268939.4063,USD,0.5
MLT,MALTA,Fundings of start-ups,By technology,Other energy,all,2021,61739132,USD,0.5
MLT,MALTA,Fundings of start-ups,By technology,Other renewables,all,2019,543367.375,USD,0.5
MLT,MALTA,Fundings of start-ups,By technology,Other renewables,all,2020,268939.4063,USD,0.5
MLT,MALTA,Fundings of start-ups,By technology,Other renewables,all,2021,61739132,USD,0.5
MLT,MALTA,Fundings of start-ups,By technology,Clean energy,Early stage,2019,1086734.75,USD,1
MLT,MALTA,Probability to receive funding,By technology,Clean energy,Early stage,2021,25,Percentage,4
MLT,MALTA,Fundings of start-ups,By technology,Clean energy,Early stage,2022,2.328767061,Years,4
MLT,MALTA,Probability to receive funding,By technology,Energy efficiency,Early stage,2017,0,Percentage,1
MLT,MALTA,Probability to receive funding,By technology,Energy efficiency,Early stage,2018,0,Percentage,1
MLT,MALTA,Probability to receive funding,By technology,Energy efficiency,Early stage,2019,0,Percentage,1
MLT,MALTA,Probability to receive funding,By technology,Energy efficiency,Early stage,2020,0,Percentage,1
MLT,MALTA,Probability to receive funding,By technology,Energy efficiency,Early stage,2021,0,Percentage,1
MLT,MALTA,Probability to receive funding,By technology,Non-clean energy,Early stage,2021,0,Percentage,1
MLT,MALTA,Probability to receive funding,By technology,Other energy,Early stage,2017,100,Percentage,0.5
MLT,MALTA,Probability to receive funding,By technology,Other energy,Early stage,2018,50,Percentage,1
MLT,MALTA,Probability to receive funding,By technology,Other energy,Early stage,2019,50,Percentage,1
MLT,MALTA,Probability to receive funding,By technology,Other energy,Early stage,2020,50,Percentage,1
MLT,MALTA,Probability to receive funding,By technology,Other energy,Early stage,2021,50,Percentage,1
MLT,MALTA,Probability to receive funding,By technology,Other renewables,Early stage,2017,100,Percentage,0.5
MLT,MALTA,Probability to receive funding,By technology,Other renewables,Early stage,2018,25,Percentage,2
MLT,MALTA,Probability to receive funding,By technology,Other renewables,Early stage,2019,25,Percentage,2
MLT,MALTA,Probability to receive funding,By technology,Other renewables,Early stage,2020,25,Percentage,2
MLT,MALTA,Probability to receive funding,By technology,Other renewables,Early stage,2021,25,Percentage,2
MLT,MALTA,Fundings of start-ups,By technology,Clean energy,Later stage,2021,123478264,USD,1
MLT,MALTA,Probability to receive funding,By technology,Clean energy,Later stage,2021,25,Percentage,4
MLT,MALTA,Fundings of start-ups,By technology,Clean energy,Later stage,2022,4.290410995,Years,4
MLT,MALTA,Probability to receive funding,By technology,Energy efficiency,Later stage,2017,0,Percentage,1
MLT,MALTA,Probability to receive funding,By technology,Energy efficiency,Later stage,2018,0,Percentage,1
MLT,MALTA,Probability to receive funding,By technology,Energy efficiency,Later stage,2019,0,Percentage,1
MLT,MALTA,Probability to receive funding,By technology,Energy efficiency,Later stage,2020,0,Percentage,1
MLT,MALTA,Probability to receive funding,By technology,Energy efficiency,Later stage,2021,0,Percentage,1
MLT,MALTA,Probability to receive funding,By technology,Non-clean energy,Later stage,2021,0,Percentage,1
MLT,MALTA,Probability to receive funding,By technology,Other energy,Later stage,2017,100,Percentage,0.5
MLT,MALTA,Probability to receive funding,By technology,Other energy,Later stage,2018,50,Percentage,1
MLT,MALTA,Probability to receive funding,By technology,Other energy,Later stage,2019,50,Percentage,1
MLT,MALTA,Probability to receive funding,By technology,Other energy,Later stage,2020,50,Percentage,1
MLT,MALTA,Probability to receive funding,By technology,Other energy,Later stage,2021,50,Percentage,1
MLT,MALTA,Probability to receive funding,By technology,Other renewables,Later stage,2017,100,Percentage,0.5
MLT,MALTA,Probability to receive funding,By technology,Other renewables,Later stage,2018,25,Percentage,2
MLT,MALTA,Probability to receive funding,By technology,Other renewables,Later stage,2019,25,Percentage,2
MLT,MALTA,Probability to receive funding,By technology,Other renewables,Later stage,2020,25,Percentage,2
MLT,MALTA,Probability to receive funding,By technology,Other renewables,Later stage,2021,25,Percentage,2
MHL,MARSHALL ISLANDS,Probability to receive funding,"By sector (energy, green, digital)",Non-energy,Early stage,2021,0,Percentage,16
MHL,MARSHALL ISLANDS,Probability to receive funding,"By sector (energy, green, digital)",Non-energy,Later stage,2021,0,Percentage,16
MTQ,MARTINIQUE,Fundings of start-ups,"By sector (energy, green, digital)",Non-energy,Early stage,2009,1935182.875,USD,1
MTQ,MARTINIQUE,Probability to receive funding,"By sector (energy, green, digital)",Non-energy,Early stage,2021,8.333333015,Percentage,12
MTQ,MARTINIQUE,Fundings of start-ups,"By sector (energy, green, digital)",Non-energy,Early stage,2022,1.797260284,Years,12
MTQ,MARTINIQUE,Probability to receive funding,"By sector (energy, green, digital)",Non-energy,Later stage,2021,0,Percentage,12
MRT,MAURITANIA,Probability to receive funding,"By sector (energy, green, digital)",Non-energy,Early stage,2021,0,Percentage,2
MRT,MAURITANIA,Probability to receive funding,"By sector (energy, green, digital)",Non-energy,Later stage,2021,50,Percentage,2
MRT,MAURITANIA,Fundings of start-ups,"By sector (energy, green, digital)",Non-energy,Later stage,2022,6.684931278,Years,2
MUS,MAURITIUS,Fundings of start-ups,"By sector (energy, green, digital)",Energy,Early stage,2018,1220312.5,USD,1
MUS,MAURITIUS,Fundings of start-ups,"By sector (energy, green, digital)",Energy,Early stage,2019,13234255,USD,2
MUS,MAURITIUS,Fundings of start-ups,"By sector (energy, green, digital)",Energy,Early stage,2020,10757576,USD,1
MUS,MAURITIUS,Probability to receive funding,"By sector (energy, green, digital)",Energy,Early stage,2021,33.33333206,Percentage,6
MUS,MAURITIUS,Fundings of start-ups,"By sector (energy, green, digital)",Energy,Early stage,2021,39101448,USD,1
MUS,MAURITIUS,Fundings of start-ups,"By sector (energy, green, digital)",Energy,Early stage,2022,2.041095972,Years,6
MUS,MAURITIUS,Probability to receive funding,"By sector (energy, green, digital)",Energy and digital,Early stage,2021,0,Percentage,1
MUS,MAURITIUS,Fundings of start-ups,"By sector (energy, green, digital)",Energy and non-digital,Early stage,2018,1220312.5,USD,1
MUS,MAURITIUS,Fundings of start-ups,"By sector (energy, green, digital)",Energy and non-digital,Early stage,2019,13234255,USD,2
MUS,MAURITIUS,Fundings of start-ups,"By sector (energy, green, digital)",Energy and non-digital,Early stage,2020,10757576,USD,1
MUS,MAURITIUS,Fundings of start-ups,"By sector (energy, green, digital)",Energy and non-digital,Early stage,2021,39101448,USD,1
MUS,MAURITIUS,Probability to receive funding,"By sector (energy, green, digital)",Energy and non-digital,Early stage,2021,40,Percentage,5
MUS,MAURITIUS,Fundings of start-ups,"By sector (energy, green, digital)",Energy and non-digital,Early stage,2022,2.041095972,Years,5
MUS,MAURITIUS,Fundings of start-ups,"By sector (energy, green, digital)",Non-energy,Early stage,2007,704744.6875,USD,1
MUS,MAURITIUS,Fundings of start-ups,"By sector (energy, green, digital)",Non-energy,Early stage,2013,1020608.625,USD,2
MUS,MAURITIUS,Fundings of start-ups,"By sector (energy, green, digital)",Non-energy,Early stage,2015,2386516.75,USD,4
MUS,MAURITIUS,Fundings of start-ups,"By sector (energy, green, digital)",Non-energy,Early stage,2016,115760.8672,USD,1
MUS,MAURITIUS,Fundings of start-ups,"By sector (energy, green, digital)",Non-energy,Early stage,2017,76992.70313,USD,3
MUS,MAURITIUS,Fundings of start-ups,"By sector (energy, green, digital)",Non-energy,Early stage,2018,9943503,USD,8
MUS,MAURITIUS,Fundings of start-ups,"By sector (energy, green, digital)",Non-energy,Early stage,2019,787882.625,USD,1
MUS,MAURITIUS,Fundings of start-ups,"By sector (energy, green, digital)",Non-energy,Early stage,2020,3550000,USD,1
MUS,MAURITIUS,Probability to receive funding,"By sector (energy, green, digital)",Non-energy,Early stage,2021,7.003890991,Percentage,257
MUS,MAURITIUS,Fundings of start-ups,"By sector (energy, green, digital)",Non-energy,Early stage,2021,4671594,USD,4
MUS,MAURITIUS,Fundings of start-ups,"By sector (energy, green, digital)",Non-energy,Early stage,2022,2.667848587,Years,257
MUS,MAURITIUS,Fundings of start-ups,"By sector (energy, green, digital)",Non-energy,Early stage,2022,20333332,USD,2
MUS,MAURITIUS,Probability to receive funding,"By sector (energy, green, digital)",Energy,Later stage,2021,16.66666603,Percentage,6
MUS,MAURITIUS,Fundings of start-ups,"By sector (energy, green, digital)",Energy,Later stage,2022,8.339726448,Years,6
MUS,MAURITIUS,Probability to receive funding,"By sector (energy, green, digital)",Energy and digital,Later stage,2021,0,Percentage,1
MUS,MAURITIUS,Probability to receive funding,"By sector (energy, green, digital)",Energy and non-digital,Later stage,2021,20,Percentage,5
MUS,MAURITIUS,Fundings of start-ups,"By sector (energy, green, digital)",Energy and non-digital,Later stage,2022,8.339726448,Years,5
MUS,MAURITIUS,Probability to receive funding,"By sector (energy, green, digital)",Non-energy,Later stage,2021,3.891050577,Percentage,257
MUS,MAURITIUS,Fundings of start-ups,"By sector (energy, green, digital)",Non-energy,Later stage,2022,8.896438599,Years,257
MUS,MAURITIUS,Fundings of start-ups,By technology,Other energy,all,2018,406770.8438,USD,0.333333343
MUS,MAURITIUS,Fundings of start-ups,By technology,Other energy,all,2019,14916520,USD,1.333333373
MUS,MAURITIUS,Fundings of start-ups,By technology,Other energy,all,2020,5737373.5,USD,0.833333313
MUS,MAURITIUS,Fundings of start-ups,By technology,Other energy,all,2021,33929340,USD,1.833333373
MUS,MAURITIUS,Fundings of start-ups,By technology,Other renewables,all,2018,406770.8438,USD,0.333333343
MUS,MAURITIUS,Fundings of start-ups,By technology,Other renewables,all,2019,788969.375,USD,0.333333343
MUS,MAURITIUS,Fundings of start-ups,By technology,Other renewables,all,2020,3585858.5,USD,0.333333343
MUS,MAURITIUS,Fundings of start-ups,By technology,Other renewables,all,2021,2030787.625,USD,0.333333343
MUS,MAURITIUS,Fundings of start-ups,By technology,Solar,all,2018,406770.8438,USD,0.333333343
MUS,MAURITIUS,Fundings of start-ups,By technology,Solar,all,2019,14916520,USD,1.333333373
MUS,MAURITIUS,Fundings of start-ups,By technology,Solar,all,2020,5737373.5,USD,0.833333313
MUS,MAURITIUS,Fundings of start-ups,By technology,Solar,all,2021,33929340,USD,1.833333373
MUS,MAURITIUS,Fundings of start-ups,By technology,Clean energy,Early stage,2018,1220312.5,USD,1
MUS,MAURITIUS,Fundings of start-ups,By technology,Clean energy,Early stage,2019,2366908.25,USD,1
MUS,MAURITIUS,Fundings of start-ups,By technology,Clean energy,Early stage,2020,10757576,USD,1
MUS,MAURITIUS,Probability to receive funding,By technology,Clean energy,Early stage,2021,25,Percentage,4
MUS,MAURITIUS,Fundings of start-ups,By technology,Clean energy,Early stage,2022,1.865753412,Years,4
MUS,MAURITIUS,Probability to receive funding,By technology,Energy storage and batteries,Early stage,2015,0,Percentage,0.25
MUS,MAURITIUS,Probability to receive funding,By technology,Energy storage and batteries,Early stage,2016,0,Percentage,0.25
MUS,MAURITIUS,Probability to receive funding,By technology,Energy storage and batteries,Early stage,2017,0,Percentage,0.25
MUS,MAURITIUS,Probability to receive funding,By technology,Energy storage and batteries,Early stage,2018,0,Percentage,0.25
MUS,MAURITIUS,Probability to receive funding,By technology,Energy storage and batteries,Early stage,2019,0,Percentage,0.25
MUS,MAURITIUS,Probability to receive funding,By technology,Energy storage and batteries,Early stage,2020,0,Percentage,0.25
MUS,MAURITIUS,Probability to receive funding,By technology,Energy storage and batteries,Early stage,2021,0,Percentage,0.25
MUS,MAURITIUS,Probability to receive funding,By technology,Grid,Early stage,2015,0,Percentage,0.666666687
MUS,MAURITIUS,Probability to receive funding,By technology,Grid,Early stage,2016,0,Percentage,0.666666687
MUS,MAURITIUS,Probability to receive funding,By technology,Grid,Early stage,2017,0,Percentage,0.666666687
MUS,MAURITIUS,Probability to receive funding,By technology,Grid,Early stage,2018,0,Percentage,0.666666687
MUS,MAURITIUS,Probability to receive funding,By technology,Grid,Early stage,2019,0,Percentage,0.666666687
MUS,MAURITIUS,Probability to receive funding,By technology,Grid,Early stage,2020,0,Percentage,0.666666687
MUS,MAURITIUS,Probability to receive funding,By technology,Grid,Early stage,2021,0,Percentage,0.666666687
MUS,MAURITIUS,Fundings of start-ups,By technology,Non-clean energy,Early stage,2019,10867347,USD,1
MUS,MAURITIUS,Fundings of start-ups,By technology,Non-clean energy,Early stage,2021,39101448,USD,1
MUS,MAURITIUS,Probability to receive funding,By technology,Non-clean energy,Early stage,2021,50,Percentage,2
MUS,MAURITIUS,Fundings of start-ups,By technology,Non-clean energy,Early stage,2022,2.216438293,Years,2
MUS,MAURITIUS,Probability to receive funding,By technology,Other energy,Early stage,2015,0,Percentage,0.583333313
MUS,MAURITIUS,Probability to receive funding,By technology,Other energy,Early stage,2016,0,Percentage,0.583333313
MUS,MAURITIUS,Probability to receive funding,By technology,Other energy,Early stage,2017,47.61904907,Percentage,1.75
MUS,MAURITIUS,Probability to receive funding,By technology,Other energy,Early stage,2018,47.61904907,Percentage,1.75
MUS,MAURITIUS,Probability to receive funding,By technology,Other energy,Early stage,2019,47.61904907,Percentage,1.75
MUS,MAURITIUS,Probability to receive funding,By technology,Other energy,Early stage,2020,47.61904907,Percentage,1.75
MUS,MAURITIUS,Probability to receive funding,By technology,Other energy,Early stage,2021,47.61904907,Percentage,1.75
MUS,MAURITIUS,Probability to receive funding,By technology,Other renewables,Early stage,2015,0,Percentage,1.25
MUS,MAURITIUS,Probability to receive funding,By technology,Other renewables,Early stage,2016,0,Percentage,1.25
MUS,MAURITIUS,Probability to receive funding,By technology,Other renewables,Early stage,2017,14.81481457,Percentage,2.25
MUS,MAURITIUS,Probability to receive funding,By technology,Other renewables,Early stage,2018,14.81481457,Percentage,2.25
MUS,MAURITIUS,Probability to receive funding,By technology,Other renewables,Early stage,2019,14.81481457,Percentage,2.25
MUS,MAURITIUS,Probability to receive funding,By technology,Other renewables,Early stage,2020,14.81481457,Percentage,2.25
MUS,MAURITIUS,Probability to receive funding,By technology,Other renewables,Early stage,2021,14.81481457,Percentage,2.25
MUS,MAURITIUS,Probability to receive funding,By technology,Solar,Early stage,2015,0,Percentage,0.25
MUS,MAURITIUS,Probability to receive funding,By technology,Solar,Early stage,2016,0,Percentage,0.25
MUS,MAURITIUS,Probability to receive funding,By technology,Solar,Early stage,2017,76.92308044,Percentage,1.083333373
MUS,MAURITIUS,Probability to receive funding,By technology,Solar,Early stage,2018,76.92308044,Percentage,1.083333373
MUS,MAURITIUS,Probability to receive funding,By technology,Solar,Early stage,2019,76.92308044,Percentage,1.083333373
MUS,MAURITIUS,Probability to receive funding,By technology,Solar,Early stage,2020,76.92308044,Percentage,1.083333373
MUS,MAURITIUS,Probability to receive funding,By technology,Solar,Early stage,2021,76.92308044,Percentage,1.083333373
MUS,MAURITIUS,Probability to receive funding,By technology,Clean energy,Later stage,2021,25,Percentage,4
MUS,MAURITIUS,Fundings of start-ups,By technology,Clean energy,Later stage,2022,8.339726448,Years,4
MUS,MAURITIUS,Probability to receive funding,By technology,Energy storage and batteries,Later stage,2015,0,Percentage,0.25
MUS,MAURITIUS,Probability to receive funding,By technology,Energy storage and batteries,Later stage,2016,0,Percentage,0.25
MUS,MAURITIUS,Probability to receive funding,By technology,Energy storage and batteries,Later stage,2017,0,Percentage,0.25
MUS,MAURITIUS,Probability to receive funding,By technology,Energy storage and batteries,Later stage,2018,0,Percentage,0.25
MUS,MAURITIUS,Probability to receive funding,By technology,Energy storage and batteries,Later stage,2019,0,Percentage,0.25
MUS,MAURITIUS,Probability to receive funding,By technology,Energy storage and batteries,Later stage,2020,0,Percentage,0.25
MUS,MAURITIUS,Probability to receive funding,By technology,Energy storage and batteries,Later stage,2021,0,Percentage,0.25
MUS,MAURITIUS,Probability to receive funding,By technology,Grid,Later stage,2015,0,Percentage,0.666666687
MUS,MAURITIUS,Probability to receive funding,By technology,Grid,Later stage,2016,0,Percentage,0.666666687
MUS,MAURITIUS,Probability to receive funding,By technology,Grid,Later stage,2017,0,Percentage,0.666666687
MUS,MAURITIUS,Probability to receive funding,By technology,Grid,Later stage,2018,0,Percentage,0.666666687
MUS,MAURITIUS,Probability to receive funding,By technology,Grid,Later stage,2019,0,Percentage,0.666666687
MUS,MAURITIUS,Probability to receive funding,By technology,Grid,Later stage,2020,0,Percentage,0.666666687
MUS,MAURITIUS,Probability to receive funding,By technology,Grid,Later stage,2021,0,Percentage,0.666666687
MUS,MAURITIUS,Probability to receive funding,By technology,Non-clean energy,Later stage,2021,0,Percentage,2
MUS,MAURITIUS,Probability to receive funding,By technology,Other energy,Later stage,2015,0,Percentage,0.583333313
MUS,MAURITIUS,Probability to receive funding,By technology,Other energy,Later stage,2016,0,Percentage,0.583333313
MUS,MAURITIUS,Probability to receive funding,By technology,Other energy,Later stage,2017,0,Percentage,1.75
MUS,MAURITIUS,Probability to receive funding,By technology,Other energy,Later stage,2018,0,Percentage,1.75
MUS,MAURITIUS,Probability to receive funding,By technology,Other energy,Later stage,2019,0,Percentage,1.75
MUS,MAURITIUS,Probability to receive funding,By technology,Other energy,Later stage,2020,0,Percentage,1.75
MUS,MAURITIUS,Probability to receive funding,By technology,Other energy,Later stage,2021,0,Percentage,1.75
MUS,MAURITIUS,Probability to receive funding,By technology,Other renewables,Later stage,2015,80,Percentage,1.25
MUS,MAURITIUS,Probability to receive funding,By technology,Other renewables,Later stage,2016,80,Percentage,1.25
MUS,MAURITIUS,Probability to receive funding,By technology,Other renewables,Later stage,2017,44.44444275,Percentage,2.25
MUS,MAURITIUS,Probability to receive funding,By technology,Other renewables,Later stage,2018,44.44444275,Percentage,2.25
MUS,MAURITIUS,Probability to receive funding,By technology,Other renewables,Later stage,2019,44.44444275,Percentage,2.25
MUS,MAURITIUS,Probability to receive funding,By technology,Other renewables,Later stage,2020,44.44444275,Percentage,2.25
MUS,MAURITIUS,Probability to receive funding,By technology,Other renewables,Later stage,2021,44.44444275,Percentage,2.25
MUS,MAURITIUS,Probability to receive funding,By technology,Solar,Later stage,2015,0,Percentage,0.25
MUS,MAURITIUS,Probability to receive funding,By technology,Solar,Later stage,2016,0,Percentage,0.25
MUS,MAURITIUS,Probability to receive funding,By technology,Solar,Later stage,2017,0,Percentage,1.083333373
MUS,MAURITIUS,Probability to receive funding,By technology,Solar,Later stage,2018,0,Percentage,1.083333373
MUS,MAURITIUS,Probability to receive funding,By technology,Solar,Later stage,2019,0,Percentage,1.083333373
MUS,MAURITIUS,Probability to receive funding,By technology,Solar,Later stage,2020,0,Percentage,1.083333373
MUS,MAURITIUS,Probability to receive funding,By technology,Solar,Later stage,2021,0,Percentage,1.083333373
MYT,MAYOTTE,Probability to receive funding,"By sector (energy, green, digital)",Energy,Early stage,2021,0,Percentage,1
MYT,MAYOTTE,Probability to receive funding,"By sector (energy, green, digital)",Energy and non-digital,Early stage,2021,0,Percentage,1
MYT,MAYOTTE,Probability to receive funding,"By sector (energy, green, digital)",Non-energy,Early stage,2021,0,Percentage,1
MYT,MAYOTTE,Probability to receive funding,"By sector (energy, green, digital)",Energy,Later stage,2021,0,Percentage,1
MYT,MAYOTTE,Probability to receive funding,"By sector (energy, green, digital)",Energy and non-digital,Later stage,2021,0,Percentage,1
MYT,MAYOTTE,Probability to receive funding,"By sector (energy, green, digital)",Non-energy,Later stage,2021,0,Percentage,1
MYT,MAYOTTE,Probability to receive funding,By technology,Grid,Early stage,2017,0,Percentage,1
MYT,MAYOTTE,Probability to receive funding,By technology,Grid,Early stage,2018,0,Percentage,1
MYT,MAYOTTE,Probability to receive funding,By technology,Grid,Early stage,2019,0,Percentage,1
MYT,MAYOTTE,Probability to receive funding,By technology,Grid,Early stage,2020,0,Percentage,1
MYT,MAYOTTE,Probability to receive funding,By technology,Grid,Early stage,2021,0,Percentage,1
MYT,MAYOTTE,Probability to receive funding,By technology,Non-clean energy,Early stage,2021,0,Percentage,1
MYT,MAYOTTE,Probability to receive funding,By technology,Grid,Later stage,2017,0,Percentage,1
MYT,MAYOTTE,Probability to receive funding,By technology,Grid,Later stage,2018,0,Percentage,1
MYT,MAYOTTE,Probability to receive funding,By technology,Grid,Later stage,2019,0,Percentage,1
MYT,MAYOTTE,Probability to receive funding,By technology,Grid,Later stage,2020,0,Percentage,1
MYT,MAYOTTE,Probability to receive funding,By technology,Grid,Later stage,2021,0,Percentage,1
MYT,MAYOTTE,Probability to receive funding,By technology,Non-clean energy,Later stage,2021,0,Percentage,1
MEX,MEXICO,Fundings of start-ups,"By sector (energy, green, digital)",Energy,Early stage,2012,59946.1875,USD,1
MEX,MEXICO,Fundings of start-ups,"By sector (energy, green, digital)",Energy,Early stage,2013,431786.9063,USD,2
MEX,MEXICO,Fundings of start-ups,"By sector (energy, green, digital)",Energy,Early stage,2014,794193.4375,USD,3
MEX,MEXICO,Fundings of start-ups,"By sector (energy, green, digital)",Energy,Early stage,2015,2171187.75,USD,6
MEX,MEXICO,Fundings of start-ups,"By sector (energy, green, digital)",Energy,Early stage,2016,1481739.125,USD,2
MEX,MEXICO,Fundings of start-ups,"By sector (energy, green, digital)",Energy,Early stage,2017,6542952,USD,4
MEX,MEXICO,Fundings of start-ups,"By sector (energy, green, digital)",Energy,Early stage,2018,81046072,USD,5
MEX,MEXICO,Fundings of start-ups,"By sector (energy, green, digital)",Energy,Early stage,2019,28418112,USD,4
MEX,MEXICO,Fundings of start-ups,"By sector (energy, green, digital)",Energy,Early stage,2020,1750257.625,USD,2
MEX,MEXICO,Probability to receive funding,"By sector (energy, green, digital)",Energy,Early stage,2021,15.83333302,Percentage,120
MEX,MEXICO,Fundings of start-ups,"By sector (energy, green, digital)",Energy,Early stage,2022,3.426820517,Years,120
MEX,MEXICO,Fundings of start-ups,"By sector (energy, green, digital)",Energy,Early stage,2022,19400000,USD,2
MEX,MEXICO,Fundings of start-ups,"By sector (energy, green, digital)",Energy and digital,Early stage,2013,431786.9063,USD,2
MEX,MEXICO,Fundings of start-ups,"By sector (energy, green, digital)",Energy and digital,Early stage,2014,670773.5,USD,2
MEX,MEXICO,Fundings of start-ups,"By sector (energy, green, digital)",Energy and digital,Early stage,2015,1671049.75,USD,4
MEX,MEXICO,Fundings of start-ups,"By sector (energy, green, digital)",Energy and digital,Early stage,2016,439891.3125,USD,1
MEX,MEXICO,Fundings of start-ups,"By sector (energy, green, digital)",Energy and digital,Early stage,2017,651462.75,USD,2
MEX,MEXICO,Fundings of start-ups,"By sector (energy, green, digital)",Energy and digital,Early stage,2018,81046072,USD,5
MEX,MEXICO,Fundings of start-ups,"By sector (energy, green, digital)",Energy and digital,Early stage,2019,2336479.5,USD,2
MEX,MEXICO,Fundings of start-ups,"By sector (energy, green, digital)",Energy and digital,Early stage,2020,1750257.625,USD,2
MEX,MEXICO,Probability to receive funding,"By sector (energy, green, digital)",Energy and digital,Early stage,2021,25.49019623,Percentage,51
MEX,MEXICO,Fundings of start-ups,"By sector (energy, green, digital)",Energy and digital,Early stage,2022,2.355321407,Years,51
MEX,MEXICO,Fundings of start-ups,"By sector (energy, green, digital)",Energy and digital,Early stage,2022,3800000,USD,1
MEX,MEXICO,Fundings of start-ups,"By sector (energy, green, digital)",Energy and non-digital,Early stage,2012,59946.1875,USD,1
MEX,MEXICO,Fundings of start-ups,"By sector (energy, green, digital)",Energy and non-digital,Early stage,2014,123419.9688,USD,1
MEX,MEXICO,Fundings of start-ups,"By sector (energy, green, digital)",Energy and non-digital,Early stage,2015,500138.125,USD,2
MEX,MEXICO,Fundings of start-ups,"By sector (energy, green, digital)",Energy and non-digital,Early stage,2016,1041847.813,USD,1
MEX,MEXICO,Fundings of start-ups,"By sector (energy, green, digital)",Energy and non-digital,Early stage,2017,5891489.5,USD,2
MEX,MEXICO,Fundings of start-ups,"By sector (energy, green, digital)",Energy and non-digital,Early stage,2019,26081632,USD,2
MEX,MEXICO,Probability to receive funding,"By sector (energy, green, digital)",Energy and non-digital,Early stage,2021,8.695652008,Percentage,69
MEX,MEXICO,Fundings of start-ups,"By sector (energy, green, digital)",Energy and non-digital,Early stage,2022,5.748401642,Years,69
MEX,MEXICO,Fundings of start-ups,"By sector (energy, green, digital)",Energy and non-digital,Early stage,2022,15600000,USD,1
MEX,MEXICO,Fundings of start-ups,"By sector (energy, green, digital)",Non-energy,Early stage,2000,6454545.5,USD,1
MEX,MEXICO,Fundings of start-ups,"By sector (energy, green, digital)",Non-energy,Early stage,2001,51527204,USD,1
MEX,MEXICO,Fundings of start-ups,"By sector (energy, green, digital)",Non-energy,Early stage,2008,26140910,USD,2
MEX,MEXICO,Fundings of start-ups,"By sector (energy, green, digital)",Non-energy,Early stage,2010,7370599.5,USD,5
MEX,MEXICO,Fundings of start-ups,"By sector (energy, green, digital)",Non-energy,Early stage,2011,23355466,USD,16
MEX,MEXICO,Fundings of start-ups,"By sector (energy, green, digital)",Non-energy,Early stage,2012,18295564,USD,28
MEX,MEXICO,Fundings of start-ups,"By sector (energy, green, digital)",Non-energy,Early stage,2013,20388308,USD,50
MEX,MEXICO,Fundings of start-ups,"By sector (energy, green, digital)",Non-energy,Early stage,2014,23528886,USD,54
MEX,MEXICO,Fundings of start-ups,"By sector (energy, green, digital)",Non-energy,Early stage,2015,77994848,USD,49
MEX,MEXICO,Fundings of start-ups,"By sector (energy, green, digital)",Non-energy,Early stage,2016,71131768,USD,53
MEX,MEXICO,Fundings of start-ups,"By sector (energy, green, digital)",Non-energy,Early stage,2017,105991424,USD,72
MEX,MEXICO,Fundings of start-ups,"By sector (energy, green, digital)",Non-energy,Early stage,2018,123820248,USD,72
MEX,MEXICO,Fundings of start-ups,"By sector (energy, green, digital)",Non-energy,Early stage,2019,383056768,USD,94
MEX,MEXICO,Fundings of start-ups,"By sector (energy, green, digital)",Non-energy,Early stage,2020,471534240,USD,86
MEX,MEXICO,Fundings of start-ups,"By sector (energy, green, digital)",Non-energy,Early stage,2021,1356234624,USD,112
MEX,MEXICO,Probability to receive funding,"By sector (energy, green, digital)",Non-energy,Early stage,2021,14.0718565,Percentage,4008
MEX,MEXICO,Fundings of start-ups,"By sector (energy, green, digital)",Non-energy,Early stage,2022,721331712,USD,77
MEX,MEXICO,Fundings of start-ups,"By sector (energy, green, digital)",Non-energy,Early stage,2022,1.608027458,Years,4040
MEX,MEXICO,Fundings of start-ups,"By sector (energy, green, digital)",Energy,Later stage,2015,282430.9375,USD,1
MEX,MEXICO,Fundings of start-ups,"By sector (energy, green, digital)",Energy,Later stage,2020,1075757.625,USD,1
MEX,MEXICO,Probability to receive funding,"By sector (energy, green, digital)",Energy,Later stage,2021,5,Percentage,120
MEX,MEXICO,Fundings of start-ups,"By sector (energy, green, digital)",Energy,Later stage,2021,4115942,USD,1
MEX,MEXICO,Fundings of start-ups,"By sector (energy, green, digital)",Energy,Later stage,2022,4.223287582,Years,120
MEX,MEXICO,Fundings of start-ups,"By sector (energy, green, digital)",Energy and digital,Later stage,2015,282430.9375,USD,1
MEX,MEXICO,Fundings of start-ups,"By sector (energy, green, digital)",Energy and digital,Later stage,2020,1075757.625,USD,1
MEX,MEXICO,Probability to receive funding,"By sector (energy, green, digital)",Energy and digital,Later stage,2021,5.882352829,Percentage,51
MEX,MEXICO,Fundings of start-ups,"By sector (energy, green, digital)",Energy and digital,Later stage,2021,4115942,USD,1
MEX,MEXICO,Fundings of start-ups,"By sector (energy, green, digital)",Energy and digital,Later stage,2022,4.508675575,Years,51
MEX,MEXICO,Probability to receive funding,"By sector (energy, green, digital)",Energy and non-digital,Later stage,2021,4.347826004,Percentage,69
MEX,MEXICO,Fundings of start-ups,"By sector (energy, green, digital)",Energy and non-digital,Later stage,2022,3.93789959,Years,69
MEX,MEXICO,Fundings of start-ups,"By sector (energy, green, digital)",Non-energy,Later stage,2008,1613636.375,USD,1
MEX,MEXICO,Fundings of start-ups,"By sector (energy, green, digital)",Non-energy,Later stage,2012,4374971.5,USD,1
MEX,MEXICO,Fundings of start-ups,"By sector (energy, green, digital)",Non-energy,Later stage,2013,1196629.25,USD,1
MEX,MEXICO,Fundings of start-ups,"By sector (energy, green, digital)",Non-energy,Later stage,2014,29419.88867,USD,1
MEX,MEXICO,Fundings of start-ups,"By sector (energy, green, digital)",Non-energy,Later stage,2015,4707182.5,USD,1
MEX,MEXICO,Fundings of start-ups,"By sector (energy, green, digital)",Non-energy,Later stage,2016,5133994.5,USD,3
MEX,MEXICO,Fundings of start-ups,"By sector (energy, green, digital)",Non-energy,Later stage,2017,1159906.25,USD,2
MEX,MEXICO,Fundings of start-ups,"By sector (energy, green, digital)",Non-energy,Later stage,2018,33336718,USD,3
MEX,MEXICO,Fundings of start-ups,"By sector (energy, green, digital)",Non-energy,Later stage,2019,228594688,USD,5
MEX,MEXICO,Fundings of start-ups,"By sector (energy, green, digital)",Non-energy,Later stage,2020,429371328,USD,3
MEX,MEXICO,Fundings of start-ups,"By sector (energy, green, digital)",Non-energy,Later stage,2021,2337121280,USD,11
MEX,MEXICO,Probability to receive funding,"By sector (energy, green, digital)",Non-energy,Later stage,2021,1.32235527,Percentage,4008
MEX,MEXICO,Fundings of start-ups,"By sector (energy, green, digital)",Non-energy,Later stage,2022,4.648333073,Years,4040
MEX,MEXICO,Fundings of start-ups,"By sector (energy, green, digital)",Non-energy,Later stage,2022,401235008,USD,6
MEX,MEXICO,Fundings of start-ups,By technology,Electric mobility,all,2018,80598992,USD,3
MEX,MEXICO,Fundings of start-ups,By technology,Energy efficiency,all,2012,29973.09375,USD,0.5
MEX,MEXICO,Fundings of start-ups,By technology,Energy efficiency,all,2013,621274.3125,USD,3
MEX,MEXICO,Fundings of start-ups,By technology,Energy efficiency,all,2014,338780.625,USD,2.5
MEX,MEXICO,Fundings of start-ups,By technology,Energy efficiency,all,2015,1959364.625,USD,4
MEX,MEXICO,Fundings of start-ups,By technology,Energy efficiency,all,2018,277343.75,USD,1
MEX,MEXICO,Fundings of start-ups,By technology,Energy efficiency,all,2019,2336479.5,USD,2
MEX,MEXICO,Fundings of start-ups,By technology,Energy efficiency,all,2020,1319954.5,USD,2
MEX,MEXICO,Fundings of start-ups,By technology,Energy efficiency,all,2022,3800000,USD,1
MEX,MEXICO,Fundings of start-ups,By technology,Fossil fuels,all,2015,158867.4063,USD,1
MEX,MEXICO,Fundings of start-ups,By technology,Fossil fuels,all,2016,251779.8906,USD,1
MEX,MEXICO,Fundings of start-ups,By technology,Fossil fuels,all,2017,42486.70313,USD,0.5
MEX,MEXICO,Fundings of start-ups,By technology,Fossil fuels,all,2018,169734.375,USD,1
MEX,MEXICO,Fundings of start-ups,By technology,Other energy,all,2014,411878.4375,USD,1
MEX,MEXICO,Fundings of start-ups,By technology,Other energy,all,2015,335386.75,USD,2
MEX,MEXICO,Fundings of start-ups,By technology,Other energy,all,2016,599062.5,USD,1.333333373
MEX,MEXICO,Fundings of start-ups,By technology,Other energy,all,2017,2419899.5,USD,2.833333254
MEX,MEXICO,Fundings of start-ups,By technology,Other energy,all,2019,13040816,USD,1
MEX,MEXICO,Fundings of start-ups,By technology,Other energy,all,2020,1506060.625,USD,1
MEX,MEXICO,Fundings of start-ups,By technology,Other renewables,all,2012,29973.09375,USD,0.5
MEX,MEXICO,Fundings of start-ups,By technology,Other renewables,all,2013,189487.4375,USD,1
MEX,MEXICO,Fundings of start-ups,By technology,Other renewables,all,2014,61709.98438,USD,0.5
MEX,MEXICO,Fundings of start-ups,By technology,Other renewables,all,2016,347282.5938,USD,0.333333343
MEX,MEXICO,Fundings of start-ups,By technology,Other renewables,all,2017,2058244.625,USD,0.833333313
MEX,MEXICO,Fundings of start-ups,By technology,Other renewables,all,2018,388281.25,USD,1
MEX,MEXICO,Fundings of start-ups,By technology,Other renewables,all,2019,13040816,USD,1
MEX,MEXICO,Fundings of start-ups,By technology,Other renewables,all,2021,2469565.25,USD,1.5
MEX,MEXICO,Fundings of start-ups,By technology,Other renewables,all,2022,15600000,USD,1
MEX,MEXICO,Fundings of start-ups,By technology,Solar,all,2016,347282.5938,USD,0.333333343
MEX,MEXICO,Fundings of start-ups,By technology,Solar,all,2017,2058244.625,USD,0.833333313
MEX,MEXICO,Fundings of start-ups,By technology,Solar,all,2021,2057971,USD,0.5
MEX,MEXICO,Probability to receive funding,By technology,Bioenergy,Early stage,2015,0,Percentage,1
MEX,MEXICO,Probability to receive funding,By technology,Bioenergy,Early stage,2016,0,Percentage,1
MEX,MEXICO,Probability to receive funding,By technology,Bioenergy,Early stage,2017,0,Percentage,1
MEX,MEXICO,Probability to receive funding,By technology,Bioenergy,Early stage,2018,0,Percentage,1
MEX,MEXICO,Probability to receive funding,By technology,Bioenergy,Early stage,2019,0,Percentage,1
MEX,MEXICO,Probability to receive funding,By technology,Bioenergy,Early stage,2020,0,Percentage,1
MEX,MEXICO,Probability to receive funding,By technology,Bioenergy,Early stage,2021,0,Percentage,1
MEX,MEXICO,Fundings of start-ups,By technology,Clean energy,Early stage,2012,59946.1875,USD,1
MEX,MEXICO,Fundings of start-ups,By technology,Clean energy,Early stage,2014,123419.9688,USD,1
MEX,MEXICO,Fundings of start-ups,By technology,Clean energy,Early stage,2015,500138.125,USD,2
MEX,MEXICO,Fundings of start-ups,By technology,Clean energy,Early stage,2016,1041847.813,USD,1
MEX,MEXICO,Fundings of start-ups,By technology,Clean energy,Early stage,2017,5891489.5,USD,2
MEX,MEXICO,Fundings of start-ups,By technology,Clean energy,Early stage,2018,80598992,USD,3
MEX,MEXICO,Fundings of start-ups,By technology,Clean energy,Early stage,2019,13040816,USD,1
MEX,MEXICO,Probability to receive funding,By technology,Clean energy,Early stage,2021,12.6984129,Percentage,63
MEX,MEXICO,Fundings of start-ups,By technology,Clean energy,Early stage,2022,15600000,USD,1
MEX,MEXICO,Fundings of start-ups,By technology,Clean energy,Early stage,2022,3.096917868,Years,63
MEX,MEXICO,Probability to receive funding,By technology,Electric mobility,Early stage,2015,25,Percentage,4
MEX,MEXICO,Probability to receive funding,By technology,Electric mobility,Early stage,2016,25,Percentage,4
MEX,MEXICO,Probability to receive funding,By technology,Electric mobility,Early stage,2017,25,Percentage,4
MEX,MEXICO,Probability to receive funding,By technology,Electric mobility,Early stage,2018,40,Percentage,5
MEX,MEXICO,Probability to receive funding,By technology,Electric mobility,Early stage,2019,38.09523773,Percentage,5.25
MEX,MEXICO,Probability to receive funding,By technology,Electric mobility,Early stage,2020,38.09523773,Percentage,5.25
MEX,MEXICO,Probability to receive funding,By technology,Electric mobility,Early stage,2021,38.09523773,Percentage,5.25
MEX,MEXICO,Probability to receive funding,By technology,Energy efficiency,Early stage,2015,14.26630402,Percentage,24.53333282
MEX,MEXICO,Probability to receive funding,By technology,Energy efficiency,Early stage,2016,13.98135853,Percentage,25.03333282
MEX,MEXICO,Probability to receive funding,By technology,Energy efficiency,Early stage,2017,17.06700325,Percentage,26.36666679
MEX,MEXICO,Probability to receive funding,By technology,Energy efficiency,Early stage,2018,16.62561607,Percentage,27.06666756
MEX,MEXICO,Probability to receive funding,By technology,Energy efficiency,Early stage,2019,19.42318916,Percentage,28.31666756
MEX,MEXICO,Probability to receive funding,By technology,Energy efficiency,Early stage,2020,22.17168808,Percentage,29.31666756
MEX,MEXICO,Probability to receive funding,By technology,Energy efficiency,Early stage,2021,20.97902107,Percentage,30.98333359
MEX,MEXICO,Fundings of start-ups,By technology,Energy efficiency,Early stage,2022,1.376606941,Years,30.98333359
MEX,MEXICO,Probability to receive funding,By technology,Energy storage and batteries,Early stage,2015,0,Percentage,1.333333373
MEX,MEXICO,Probability to receive funding,By technology,Energy storage and batteries,Early stage,2016,0,Percentage,1.666666627
MEX,MEXICO,Probability to receive funding,By technology,Energy storage and batteries,Early stage,2017,0,Percentage,1.666666627
MEX,MEXICO,Probability to receive funding,By technology,Energy storage and batteries,Early stage,2018,0,Percentage,1.666666627
MEX,MEXICO,Probability to receive funding,By technology,Energy storage and batteries,Early stage,2019,0,Percentage,2.666666746
MEX,MEXICO,Probability to receive funding,By technology,Energy storage and batteries,Early stage,2020,0,Percentage,2.666666746
MEX,MEXICO,Probability to receive funding,By technology,Energy storage and batteries,Early stage,2021,0,Percentage,3
MEX,MEXICO,Probability to receive funding,By technology,Fossil fuels,Early stage,2015,7.317073345,Percentage,6.833333492
MEX,MEXICO,Probability to receive funding,By technology,Fossil fuels,Early stage,2016,7.317073345,Percentage,6.833333492
MEX,MEXICO,Probability to receive funding,By technology,Fossil fuels,Early stage,2017,16.98113251,Percentage,8.833333015
MEX,MEXICO,Probability to receive funding,By technology,Fossil fuels,Early stage,2018,16.98113251,Percentage,8.833333015
MEX,MEXICO,Probability to receive funding,By technology,Fossil fuels,Early stage,2019,16.98113251,Percentage,8.833333015
MEX,MEXICO,Probability to receive funding,By technology,Fossil fuels,Early stage,2020,16.98113251,Percentage,8.833333015
MEX,MEXICO,Probability to receive funding,By technology,Fossil fuels,Early stage,2021,16.98113251,Percentage,8.833333015
MEX,MEXICO,Fundings of start-ups,By technology,Fossil fuels,Early stage,2022,0.389954329,Years,8.833333015
MEX,MEXICO,Probability to receive funding,By technology,Grid,Early stage,2015,0,Percentage,2
MEX,MEXICO,Probability to receive funding,By technology,Grid,Early stage,2016,0,Percentage,2
MEX,MEXICO,Probability to receive funding,By technology,Grid,Early stage,2017,0,Percentage,2
MEX,MEXICO,Probability to receive funding,By technology,Grid,Early stage,2018,0,Percentage,2
MEX,MEXICO,Probability to receive funding,By technology,Grid,Early stage,2019,0,Percentage,2.25
MEX,MEXICO,Probability to receive funding,By technology,Grid,Early stage,2020,0,Percentage,2.25
MEX,MEXICO,Probability to receive funding,By technology,Grid,Early stage,2021,0,Percentage,2.25
MEX,MEXICO,Fundings of start-ups,By technology,Non-clean energy,Early stage,2013,431786.9063,USD,2
MEX,MEXICO,Fundings of start-ups,By technology,Non-clean energy,Early stage,2014,670773.5,USD,2
MEX,MEXICO,Fundings of start-ups,By technology,Non-clean energy,Early stage,2015,1671049.75,USD,4
MEX,MEXICO,Fundings of start-ups,By technology,Non-clean energy,Early stage,2016,439891.3125,USD,1
MEX,MEXICO,Fundings of start-ups,By technology,Non-clean energy,Early stage,2017,651462.75,USD,2
MEX,MEXICO,Fundings of start-ups,By technology,Non-clean energy,Early stage,2018,447078.125,USD,2
MEX,MEXICO,Fundings of start-ups,By technology,Non-clean energy,Early stage,2019,15377296,USD,3
MEX,MEXICO,Fundings of start-ups,By technology,Non-clean energy,Early stage,2020,1750257.625,USD,2
MEX,MEXICO,Probability to receive funding,By technology,Non-clean energy,Early stage,2021,19.29824638,Percentage,57
MEX,MEXICO,Fundings of start-ups,By technology,Non-clean energy,Early stage,2022,3.666749716,Years,57
MEX,MEXICO,Fundings of start-ups,By technology,Non-clean energy,Early stage,2022,3800000,USD,1
MEX,MEXICO,Probability to receive funding,By technology,Other energy,Early stage,2015,19.97245216,Percentage,24.20000076
MEX,MEXICO,Probability to receive funding,By technology,Other energy,Early stage,2016,18.92950439,Percentage,25.53333282
MEX,MEXICO,Probability to receive funding,By technology,Other energy,Early stage,2017,16.74364853,Percentage,28.86666679
MEX,MEXICO,Probability to receive funding,By technology,Other energy,Early stage,2018,15.31151009,Percentage,31.56666756
MEX,MEXICO,Probability to receive funding,By technology,Other energy,Early stage,2019,15.31151009,Percentage,31.56666756
MEX,MEXICO,Probability to receive funding,By technology,Other energy,Early stage,2020,15.31151009,Percentage,31.56666756
MEX,MEXICO,Probability to receive funding,By technology,Other energy,Early stage,2021,15.31151009,Percentage,31.56666756
MEX,MEXICO,Fundings of start-ups,By technology,Other energy,Early stage,2022,7.026641369,Years,31.56666756
MEX,MEXICO,Probability to receive funding,By technology,Other renewables,Early stage,2015,14.9892931,Percentage,15.5666666
MEX,MEXICO,Probability to receive funding,By technology,Other renewables,Early stage,2016,14.22764206,Percentage,16.39999962
MEX,MEXICO,Probability to receive funding,By technology,Other renewables,Early stage,2017,12.68115902,Percentage,18.39999962
MEX,MEXICO,Probability to receive funding,By technology,Other renewables,Early stage,2018,12.41134739,Percentage,18.79999924
MEX,MEXICO,Probability to receive funding,By technology,Other renewables,Early stage,2019,12.24846935,Percentage,19.04999924
MEX,MEXICO,Probability to receive funding,By technology,Other renewables,Early stage,2020,12.24846935,Percentage,19.04999924
MEX,MEXICO,Probability to receive funding,By technology,Other renewables,Early stage,2021,12.24846935,Percentage,19.04999924
MEX,MEXICO,Fundings of start-ups,By technology,Other renewables,Early stage,2022,5.858708382,Years,19.04999924
MEX,MEXICO,Probability to receive funding,By technology,Solar,Early stage,2015,10.3734436,Percentage,8.033333778
MEX,MEXICO,Probability to receive funding,By technology,Solar,Early stage,2016,8.30564785,Percentage,10.03333378
MEX,MEXICO,Probability to receive funding,By technology,Solar,Early stage,2017,7.33137846,Percentage,11.36666679
MEX,MEXICO,Probability to receive funding,By technology,Solar,Early stage,2018,7.204610825,Percentage,11.5666666
MEX,MEXICO,Probability to receive funding,By technology,Solar,Early stage,2019,7.204610825,Percentage,11.5666666
MEX,MEXICO,Probability to receive funding,By technology,Solar,Early stage,2020,7.204610825,Percentage,11.5666666
MEX,MEXICO,Probability to receive funding,By technology,Solar,Early stage,2021,14.58885956,Percentage,12.5666666
MEX,MEXICO,Probability to receive funding,By technology,Wind,Early stage,2015,0,Percentage,0.5
MEX,MEXICO,Probability to receive funding,By technology,Wind,Early stage,2016,0,Percentage,0.5
MEX,MEXICO,Probability to receive funding,By technology,Wind,Early stage,2017,0,Percentage,0.5
MEX,MEXICO,Probability to receive funding,By technology,Wind,Early stage,2018,0,Percentage,0.5
MEX,MEXICO,Probability to receive funding,By technology,Wind,Early stage,2019,0,Percentage,0.5
MEX,MEXICO,Probability to receive funding,By technology,Wind,Early stage,2020,0,Percentage,0.5
MEX,MEXICO,Probability to receive funding,By technology,Wind,Early stage,2021,0,Percentage,0.5
MEX,MEXICO,Probability to receive funding,By technology,Bioenergy,Later stage,2015,0,Percentage,1
MEX,MEXICO,Probability to receive funding,By technology,Bioenergy,Later stage,2016,0,Percentage,1
MEX,MEXICO,Probability to receive funding,By technology,Bioenergy,Later stage,2017,0,Percentage,1
MEX,MEXICO,Probability to receive funding,By technology,Bioenergy,Later stage,2018,0,Percentage,1
MEX,MEXICO,Probability to receive funding,By technology,Bioenergy,Later stage,2019,0,Percentage,1
MEX,MEXICO,Probability to receive funding,By technology,Bioenergy,Later stage,2020,0,Percentage,1
MEX,MEXICO,Probability to receive funding,By technology,Bioenergy,Later stage,2021,0,Percentage,1
MEX,MEXICO,Probability to receive funding,By technology,Clean energy,Later stage,2021,7.936507702,Percentage,63
MEX,MEXICO,Fundings of start-ups,By technology,Clean energy,Later stage,2021,4115942,USD,1
MEX,MEXICO,Fundings of start-ups,By technology,Clean energy,Later stage,2022,3.94520545,Years,63
MEX,MEXICO,Probability to receive funding,By technology,Electric mobility,Later stage,2015,0,Percentage,4
MEX,MEXICO,Probability to receive funding,By technology,Electric mobility,Later stage,2016,0,Percentage,4
MEX,MEXICO,Probability to receive funding,By technology,Electric mobility,Later stage,2017,0,Percentage,4
MEX,MEXICO,Probability to receive funding,By technology,Electric mobility,Later stage,2018,0,Percentage,5
MEX,MEXICO,Probability to receive funding,By technology,Electric mobility,Later stage,2019,0,Percentage,5.25
MEX,MEXICO,Probability to receive funding,By technology,Electric mobility,Later stage,2020,0,Percentage,5.25
MEX,MEXICO,Probability to receive funding,By technology,Electric mobility,Later stage,2021,0,Percentage,5.25
MEX,MEXICO,Probability to receive funding,By technology,Energy efficiency,Later stage,2015,5.434782505,Percentage,24.53333282
MEX,MEXICO,Probability to receive funding,By technology,Energy efficiency,Later stage,2016,7.323568344,Percentage,25.03333282
MEX,MEXICO,Probability to receive funding,By technology,Energy efficiency,Later stage,2017,6.953223705,Percentage,26.36666679
MEX,MEXICO,Probability to receive funding,By technology,Energy efficiency,Later stage,2018,6.773398876,Percentage,27.06666756
MEX,MEXICO,Probability to receive funding,By technology,Energy efficiency,Later stage,2019,6.474396706,Percentage,28.31666756
MEX,MEXICO,Probability to receive funding,By technology,Energy efficiency,Later stage,2020,6.253553391,Percentage,29.31666756
MEX,MEXICO,Probability to receive funding,By technology,Energy efficiency,Later stage,2021,5.917159557,Percentage,30.98333359
MEX,MEXICO,Fundings of start-ups,By technology,Energy efficiency,Later stage,2022,4.298630238,Years,30.98333359
MEX,MEXICO,Probability to receive funding,By technology,Energy storage and batteries,Later stage,2015,0,Percentage,1.333333373
MEX,MEXICO,Probability to receive funding,By technology,Energy storage and batteries,Later stage,2016,0,Percentage,1.666666627
MEX,MEXICO,Probability to receive funding,By technology,Energy storage and batteries,Later stage,2017,0,Percentage,1.666666627
MEX,MEXICO,Probability to receive funding,By technology,Energy storage and batteries,Later stage,2018,0,Percentage,1.666666627
MEX,MEXICO,Probability to receive funding,By technology,Energy storage and batteries,Later stage,2019,0,Percentage,2.666666746
MEX,MEXICO,Probability to receive funding,By technology,Energy storage and batteries,Later stage,2020,0,Percentage,2.666666746
MEX,MEXICO,Probability to receive funding,By technology,Energy storage and batteries,Later stage,2021,0,Percentage,3
MEX,MEXICO,Probability to receive funding,By technology,Fossil fuels,Later stage,2015,4.878048897,Percentage,6.833333492
MEX,MEXICO,Probability to receive funding,By technology,Fossil fuels,Later stage,2016,4.878048897,Percentage,6.833333492
MEX,MEXICO,Probability to receive funding,By technology,Fossil fuels,Later stage,2017,3.773584843,Percentage,8.833333015
MEX,MEXICO,Probability to receive funding,By technology,Fossil fuels,Later stage,2018,3.773584843,Percentage,8.833333015
MEX,MEXICO,Probability to receive funding,By technology,Fossil fuels,Later stage,2019,3.773584843,Percentage,8.833333015
MEX,MEXICO,Probability to receive funding,By technology,Fossil fuels,Later stage,2020,3.773584843,Percentage,8.833333015
MEX,MEXICO,Probability to receive funding,By technology,Fossil fuels,Later stage,2021,3.773584843,Percentage,8.833333015
MEX,MEXICO,Fundings of start-ups,By technology,Fossil fuels,Later stage,2022,5.476712227,Years,8.833333015
MEX,MEXICO,Probability to receive funding,By technology,Grid,Later stage,2015,0,Percentage,2
MEX,MEXICO,Probability to receive funding,By technology,Grid,Later stage,2016,0,Percentage,2
MEX,MEXICO,Probability to receive funding,By technology,Grid,Later stage,2017,0,Percentage,2
MEX,MEXICO,Probability to receive funding,By technology,Grid,Later stage,2018,0,Percentage,2
MEX,MEXICO,Probability to receive funding,By technology,Grid,Later stage,2019,0,Percentage,2.25
MEX,MEXICO,Probability to receive funding,By technology,Grid,Later stage,2020,0,Percentage,2.25
MEX,MEXICO,Probability to receive funding,By technology,Grid,Later stage,2021,0,Percentage,2.25
MEX,MEXICO,Fundings of start-ups,By technology,Non-clean energy,Later stage,2015,282430.9375,USD,1
MEX,MEXICO,Fundings of start-ups,By technology,Non-clean energy,Later stage,2020,1075757.625,USD,1
MEX,MEXICO,Probability to receive funding,By technology,Non-clean energy,Later stage,2021,1.754385948,Percentage,57
MEX,MEXICO,Fundings of start-ups,By technology,Non-clean energy,Later stage,2022,5.613698483,Years,57
MEX,MEXICO,Probability to receive funding,By technology,Other energy,Later stage,2015,2.754820824,Percentage,24.20000076
MEX,MEXICO,Probability to receive funding,By technology,Other energy,Later stage,2016,4.569190502,Percentage,25.53333282
MEX,MEXICO,Probability to receive funding,By technology,Other energy,Later stage,2017,4.041570663,Percentage,28.86666679
MEX,MEXICO,Probability to receive funding,By technology,Other energy,Later stage,2018,3.695881844,Percentage,31.56666756
MEX,MEXICO,Probability to receive funding,By technology,Other energy,Later stage,2019,3.695881844,Percentage,31.56666756
MEX,MEXICO,Probability to receive funding,By technology,Other energy,Later stage,2020,3.695881844,Percentage,31.56666756
MEX,MEXICO,Probability to receive funding,By technology,Other energy,Later stage,2021,3.695881844,Percentage,31.56666756
MEX,MEXICO,Fundings of start-ups,By technology,Other energy,Later stage,2022,3.5080235,Years,31.56666756
MEX,MEXICO,Probability to receive funding,By technology,Other renewables,Later stage,2015,11.77730179,Percentage,15.5666666
MEX,MEXICO,Probability to receive funding,By technology,Other renewables,Later stage,2016,11.17886162,Percentage,16.39999962
MEX,MEXICO,Probability to receive funding,By technology,Other renewables,Later stage,2017,9.963768005,Percentage,18.39999962
MEX,MEXICO,Probability to receive funding,By technology,Other renewables,Later stage,2018,9.751772881,Percentage,18.79999924
MEX,MEXICO,Probability to receive funding,By technology,Other renewables,Later stage,2019,9.623797417,Percentage,19.04999924
MEX,MEXICO,Probability to receive funding,By technology,Other renewables,Later stage,2020,9.623797417,Percentage,19.04999924
MEX,MEXICO,Probability to receive funding,By technology,Other renewables,Later stage,2021,9.623797417,Percentage,19.04999924
MEX,MEXICO,Fundings of start-ups,By technology,Other renewables,Later stage,2022,3.637110949,Years,19.04999924
MEX,MEXICO,Probability to receive funding,By technology,Solar,Later stage,2015,10.3734436,Percentage,8.033333778
MEX,MEXICO,Probability to receive funding,By technology,Solar,Later stage,2016,8.30564785,Percentage,10.03333378
MEX,MEXICO,Probability to receive funding,By technology,Solar,Later stage,2017,7.33137846,Percentage,11.36666679
MEX,MEXICO,Probability to receive funding,By technology,Solar,Later stage,2018,7.204610825,Percentage,11.5666666
MEX,MEXICO,Probability to receive funding,By technology,Solar,Later stage,2019,7.204610825,Percentage,11.5666666
MEX,MEXICO,Probability to receive funding,By technology,Solar,Later stage,2020,7.204610825,Percentage,11.5666666
MEX,MEXICO,Probability to receive funding,By technology,Solar,Later stage,2021,6.631299973,Percentage,12.5666666
MEX,MEXICO,Probability to receive funding,By technology,Wind,Later stage,2015,0,Percentage,0.5
MEX,MEXICO,Probability to receive funding,By technology,Wind,Later stage,2016,0,Percentage,0.5
MEX,MEXICO,Probability to receive funding,By technology,Wind,Later stage,2017,0,Percentage,0.5
MEX,MEXICO,Probability to receive funding,By technology,Wind,Later stage,2018,0,Percentage,0.5
MEX,MEXICO,Probability to receive funding,By technology,Wind,Later stage,2019,0,Percentage,0.5
MEX,MEXICO,Probability to receive funding,By technology,Wind,Later stage,2020,0,Percentage,0.5
MEX,MEXICO,Probability to receive funding,By technology,Wind,Later stage,2021,0,Percentage,0.5
MNG,MONGOLIA,Probability to receive funding,"By sector (energy, green, digital)",Energy,Early stage,2021,0,Percentage,2
MNG,MONGOLIA,Probability to receive funding,"By sector (energy, green, digital)",Energy and non-digital,Early stage,2021,0,Percentage,2
MNG,MONGOLIA,Fundings of start-ups,"By sector (energy, green, digital)",Non-energy,Early stage,2014,588397.8125,USD,1
MNG,MONGOLIA,Fundings of start-ups,"By sector (energy, green, digital)",Non-energy,Early stage,2015,176519.3438,USD,1
MNG,MONGOLIA,Fundings of start-ups,"By sector (energy, green, digital)",Non-energy,Early stage,2017,283244.6875,USD,1
MNG,MONGOLIA,Fundings of start-ups,"By sector (energy, green, digital)",Non-energy,Early stage,2018,55468.75,USD,1
MNG,MONGOLIA,Fundings of start-ups,"By sector (energy, green, digital)",Non-energy,Early stage,2019,3260204,USD,4
MNG,MONGOLIA,Fundings of start-ups,"By sector (energy, green, digital)",Non-energy,Early stage,2020,53787.87891,USD,1
MNG,MONGOLIA,Probability to receive funding,"By sector (energy, green, digital)",Non-energy,Early stage,2021,10.2564106,Percentage,78
MNG,MONGOLIA,Fundings of start-ups,"By sector (energy, green, digital)",Non-energy,Early stage,2022,0.266144812,Years,78
MNG,MONGOLIA,Fundings of start-ups,"By sector (energy, green, digital)",Non-energy,Early stage,2022,3400000,USD,1
MNG,MONGOLIA,Probability to receive funding,"By sector (energy, green, digital)",Energy,Later stage,2021,0,Percentage,2
MNG,MONGOLIA,Probability to receive funding,"By sector (energy, green, digital)",Energy and non-digital,Later stage,2021,0,Percentage,2
MNG,MONGOLIA,Probability to receive funding,"By sector (energy, green, digital)",Non-energy,Later stage,2021,0,Percentage,78
MNG,MONGOLIA,Probability to receive funding,By technology,Fossil fuels,Early stage,2015,0,Percentage,1
MNG,MONGOLIA,Probability to receive funding,By technology,Fossil fuels,Early stage,2016,0,Percentage,1
MNG,MONGOLIA,Probability to receive funding,By technology,Fossil fuels,Early stage,2017,0,Percentage,1
MNG,MONGOLIA,Probability to receive funding,By technology,Fossil fuels,Early stage,2018,0,Percentage,1
MNG,MONGOLIA,Probability to receive funding,By technology,Fossil fuels,Early stage,2019,0,Percentage,1
MNG,MONGOLIA,Probability to receive funding,By technology,Fossil fuels,Early stage,2020,0,Percentage,1
MNG,MONGOLIA,Probability to receive funding,By technology,Fossil fuels,Early stage,2021,0,Percentage,1
MNG,MONGOLIA,Probability to receive funding,By technology,Non-clean energy,Early stage,2021,0,Percentage,2
MNG,MONGOLIA,Probability to receive funding,By technology,Fossil fuels,Later stage,2015,0,Percentage,1
MNG,MONGOLIA,Probability to receive funding,By technology,Fossil fuels,Later stage,2016,0,Percentage,1
MNG,MONGOLIA,Probability to receive funding,By technology,Fossil fuels,Later stage,2017,0,Percentage,1
MNG,MONGOLIA,Probability to receive funding,By technology,Fossil fuels,Later stage,2018,0,Percentage,1
MNG,MONGOLIA,Probability to receive funding,By technology,Fossil fuels,Later stage,2019,0,Percentage,1
MNG,MONGOLIA,Probability to receive funding,By technology,Fossil fuels,Later stage,2020,0,Percentage,1
MNG,MONGOLIA,Probability to receive funding,By technology,Fossil fuels,Later stage,2021,0,Percentage,1
MNG,MONGOLIA,Probability to receive funding,By technology,Non-clean energy,Later stage,2021,0,Percentage,2
MNE,MONTENEGRO,Fundings of start-ups,"By sector (energy, green, digital)",Non-energy,Early stage,2001,19107352,USD,1
MNE,MONTENEGRO,Fundings of start-ups,"By sector (energy, green, digital)",Non-energy,Early stage,2017,113297.875,USD,1
MNE,MONTENEGRO,Fundings of start-ups,"By sector (energy, green, digital)",Non-energy,Early stage,2020,537878.8125,USD,1
MNE,MONTENEGRO,Probability to receive funding,"By sector (energy, green, digital)",Non-energy,Early stage,2021,4,Percentage,25
MNE,MONTENEGRO,Fundings of start-ups,"By sector (energy, green, digital)",Non-energy,Early stage,2021,2130747,USD,3
MNE,MONTENEGRO,Fundings of start-ups,"By sector (energy, green, digital)",Non-energy,Early stage,2022,0.002739726,Years,26
MNE,MONTENEGRO,Fundings of start-ups,"By sector (energy, green, digital)",Non-energy,Early stage,2022,861832,USD,1
MNE,MONTENEGRO,Probability to receive funding,"By sector (energy, green, digital)",Non-energy,Later stage,2021,0,Percentage,25
MSR,MONTSERRAT,Probability to receive funding,"By sector (energy, green, digital)",Non-energy,Early stage,2021,0,Percentage,3
MSR,MONTSERRAT,Probability to receive funding,"By sector (energy, green, digital)",Non-energy,Later stage,2021,0,Percentage,3
MAR,MOROCCO,Fundings of start-ups,"By sector (energy, green, digital)",Energy,Early stage,2016,219945.6563,USD,1
MAR,MOROCCO,Probability to receive funding,"By sector (energy, green, digital)",Energy,Early stage,2021,10,Percentage,20
MAR,MOROCCO,Fundings of start-ups,"By sector (energy, green, digital)",Energy,Early stage,2022,2.679451942,Years,21
MAR,MOROCCO,Probability to receive funding,"By sector (energy, green, digital)",Energy and digital,Early stage,2021,14.28571415,Percentage,7
MAR,MOROCCO,Fundings of start-ups,"By sector (energy, green, digital)",Energy and digital,Early stage,2022,2.526027441,Years,8
MAR,MOROCCO,Fundings of start-ups,"By sector (energy, green, digital)",Energy and non-digital,Early stage,2016,219945.6563,USD,1
MAR,MOROCCO,Probability to receive funding,"By sector (energy, green, digital)",Energy and non-digital,Early stage,2021,7.692307472,Percentage,13
MAR,MOROCCO,Fundings of start-ups,"By sector (energy, green, digital)",Energy and non-digital,Early stage,2022,2.832876682,Years,13
MAR,MOROCCO,Fundings of start-ups,"By sector (energy, green, digital)",Non-energy,Early stage,2011,2006162.75,USD,5
MAR,MOROCCO,Fundings of start-ups,"By sector (energy, green, digital)",Non-energy,Early stage,2012,1028693.188,USD,1
MAR,MOROCCO,Fundings of start-ups,"By sector (energy, green, digital)",Non-energy,Early stage,2013,4642921.5,USD,4
MAR,MOROCCO,Fundings of start-ups,"By sector (energy, green, digital)",Non-energy,Early stage,2014,706077.375,USD,2
MAR,MOROCCO,Fundings of start-ups,"By sector (energy, green, digital)",Non-energy,Early stage,2015,860237.5625,USD,2
MAR,MOROCCO,Fundings of start-ups,"By sector (energy, green, digital)",Non-energy,Early stage,2016,902934.8125,USD,3
MAR,MOROCCO,Fundings of start-ups,"By sector (energy, green, digital)",Non-energy,Early stage,2017,3534893.5,USD,2
MAR,MOROCCO,Fundings of start-ups,"By sector (energy, green, digital)",Non-energy,Early stage,2018,2440625,USD,3
MAR,MOROCCO,Fundings of start-ups,"By sector (energy, green, digital)",Non-energy,Early stage,2019,489030.625,USD,2
MAR,MOROCCO,Fundings of start-ups,"By sector (energy, green, digital)",Non-energy,Early stage,2020,3007957,USD,6
MAR,MOROCCO,Probability to receive funding,"By sector (energy, green, digital)",Non-energy,Early stage,2021,10.930233,Percentage,430
MAR,MOROCCO,Fundings of start-ups,"By sector (energy, green, digital)",Non-energy,Early stage,2021,21754368,USD,13
MAR,MOROCCO,Fundings of start-ups,"By sector (energy, green, digital)",Non-energy,Early stage,2022,53774468,USD,9
MAR,MOROCCO,Fundings of start-ups,"By sector (energy, green, digital)",Non-energy,Early stage,2022,2.664085865,Years,434
MAR,MOROCCO,Probability to receive funding,"By sector (energy, green, digital)",Energy,Later stage,2021,0,Percentage,20
MAR,MOROCCO,Probability to receive funding,"By sector (energy, green, digital)",Energy and digital,Later stage,2021,0,Percentage,7
MAR,MOROCCO,Probability to receive funding,"By sector (energy, green, digital)",Energy and non-digital,Later stage,2021,0,Percentage,13
MAR,MOROCCO,Fundings of start-ups,"By sector (energy, green, digital)",Non-energy,Later stage,2020,7530303,USD,1
MAR,MOROCCO,Probability to receive funding,"By sector (energy, green, digital)",Non-energy,Later stage,2021,1.162790656,Percentage,430
MAR,MOROCCO,Fundings of start-ups,"By sector (energy, green, digital)",Non-energy,Later stage,2021,10289855,USD,1
MAR,MOROCCO,Fundings of start-ups,"By sector (energy, green, digital)",Non-energy,Later stage,2022,7.640547752,Years,434
MAR,MOROCCO,Fundings of start-ups,By technology,Fossil fuels,all,2016,219945.6563,USD,1
MAR,MOROCCO,Probability to receive funding,By technology,Clean energy,Early stage,2021,0,Percentage,10
MAR,MOROCCO,Probability to receive funding,By technology,Energy efficiency,Early stage,2015,0,Percentage,2.5
MAR,MOROCCO,Probability to receive funding,By technology,Energy efficiency,Early stage,2016,0,Percentage,3
MAR,MOROCCO,Probability to receive funding,By technology,Energy efficiency,Early stage,2017,0,Percentage,4
MAR,MOROCCO,Probability to receive funding,By technology,Energy efficiency,Early stage,2018,0,Percentage,4
MAR,MOROCCO,Probability to receive funding,By technology,Energy efficiency,Early stage,2019,0,Percentage,5
MAR,MOROCCO,Probability to receive funding,By technology,Energy efficiency,Early stage,2020,0,Percentage,5.25
MAR,MOROCCO,Probability to receive funding,By technology,Energy efficiency,Early stage,2021,0,Percentage,5.25
MAR,MOROCCO,Probability to receive funding,By technology,Energy storage and batteries,Early stage,2015,0,Percentage,0.5
MAR,MOROCCO,Probability to receive funding,By technology,Energy storage and batteries,Early stage,2016,0,Percentage,0.5
MAR,MOROCCO,Probability to receive funding,By technology,Energy storage and batteries,Early stage,2017,0,Percentage,0.5
MAR,MOROCCO,Probability to receive funding,By technology,Energy storage and batteries,Early stage,2018,0,Percentage,0.5
MAR,MOROCCO,Probability to receive funding,By technology,Energy storage and batteries,Early stage,2019,0,Percentage,0.5
MAR,MOROCCO,Probability to receive funding,By technology,Energy storage and batteries,Early stage,2020,0,Percentage,0.5
MAR,MOROCCO,Probability to receive funding,By technology,Energy storage and batteries,Early stage,2021,0,Percentage,0.5
MAR,MOROCCO,Probability to receive funding,By technology,Fossil fuels,Early stage,2015,100,Percentage,1
MAR,MOROCCO,Probability to receive funding,By technology,Fossil fuels,Early stage,2016,100,Percentage,1
MAR,MOROCCO,Probability to receive funding,By technology,Fossil fuels,Early stage,2017,100,Percentage,1
MAR,MOROCCO,Probability to receive funding,By technology,Fossil fuels,Early stage,2018,50,Percentage,2
MAR,MOROCCO,Probability to receive funding,By technology,Fossil fuels,Early stage,2019,50,Percentage,2
MAR,MOROCCO,Probability to receive funding,By technology,Fossil fuels,Early stage,2020,66.66666412,Percentage,3
MAR,MOROCCO,Probability to receive funding,By technology,Fossil fuels,Early stage,2021,66.66666412,Percentage,3
MAR,MOROCCO,Probability to receive funding,By technology,Grid,Early stage,2015,0,Percentage,0.833333313
MAR,MOROCCO,Probability to receive funding,By technology,Grid,Early stage,2016,0,Percentage,0.833333313
MAR,MOROCCO,Probability to receive funding,By technology,Grid,Early stage,2017,0,Percentage,0.833333313
MAR,MOROCCO,Probability to receive funding,By technology,Grid,Early stage,2018,0,Percentage,0.833333313
MAR,MOROCCO,Probability to receive funding,By technology,Grid,Early stage,2019,0,Percentage,0.833333313
MAR,MOROCCO,Probability to receive funding,By technology,Grid,Early stage,2020,0,Percentage,0.833333313
MAR,MOROCCO,Probability to receive funding,By technology,Grid,Early stage,2021,0,Percentage,0.833333313
MAR,MOROCCO,Fundings of start-ups,By technology,Non-clean energy,Early stage,2016,219945.6563,USD,1
MAR,MOROCCO,Probability to receive funding,By technology,Non-clean energy,Early stage,2021,20,Percentage,10
MAR,MOROCCO,Fundings of start-ups,By technology,Non-clean energy,Early stage,2022,2.679451942,Years,11
MAR,MOROCCO,Probability to receive funding,By technology,Other energy,Early stage,2015,0,Percentage,2.666666746
MAR,MOROCCO,Probability to receive funding,By technology,Other energy,Early stage,2016,0,Percentage,3.666666746
MAR,MOROCCO,Probability to receive funding,By technology,Other energy,Early stage,2017,0,Percentage,3.666666746
MAR,MOROCCO,Probability to receive funding,By technology,Other energy,Early stage,2018,0,Percentage,3.666666746
MAR,MOROCCO,Probability to receive funding,By technology,Other energy,Early stage,2019,0,Percentage,3.666666746
MAR,MOROCCO,Probability to receive funding,By technology,Other energy,Early stage,2020,0,Percentage,3.916666746
MAR,MOROCCO,Probability to receive funding,By technology,Other energy,Early stage,2021,0,Percentage,3.916666746
MAR,MOROCCO,Probability to receive funding,By technology,Other renewables,Early stage,2015,0,Percentage,1.666666627
MAR,MOROCCO,Probability to receive funding,By technology,Other renewables,Early stage,2016,0,Percentage,2.166666746
MAR,MOROCCO,Probability to receive funding,By technology,Other renewables,Early stage,2017,0,Percentage,3.166666746
MAR,MOROCCO,Probability to receive funding,By technology,Other renewables,Early stage,2018,0,Percentage,3.166666746
MAR,MOROCCO,Probability to receive funding,By technology,Other renewables,Early stage,2019,0,Percentage,3.166666746
MAR,MOROCCO,Probability to receive funding,By technology,Other renewables,Early stage,2020,0,Percentage,3.666666746
MAR,MOROCCO,Probability to receive funding,By technology,Other renewables,Early stage,2021,0,Percentage,3.666666746
MAR,MOROCCO,Probability to receive funding,By technology,Solar,Early stage,2015,0,Percentage,1.833333373
MAR,MOROCCO,Probability to receive funding,By technology,Solar,Early stage,2016,0,Percentage,1.833333373
MAR,MOROCCO,Probability to receive funding,By technology,Solar,Early stage,2017,0,Percentage,1.833333373
MAR,MOROCCO,Probability to receive funding,By technology,Solar,Early stage,2018,0,Percentage,1.833333373
MAR,MOROCCO,Probability to receive funding,By technology,Solar,Early stage,2019,0,Percentage,1.833333373
MAR,MOROCCO,Probability to receive funding,By technology,Solar,Early stage,2020,0,Percentage,1.833333373
MAR,MOROCCO,Probability to receive funding,By technology,Solar,Early stage,2021,0,Percentage,1.833333373
MAR,MOROCCO,Probability to receive funding,By technology,Clean energy,Later stage,2021,0,Percentage,10
MAR,MOROCCO,Probability to receive funding,By technology,Energy efficiency,Later stage,2015,0,Percentage,2.5
MAR,MOROCCO,Probability to receive funding,By technology,Energy efficiency,Later stage,2016,0,Percentage,3
MAR,MOROCCO,Probability to receive funding,By technology,Energy efficiency,Later stage,2017,0,Percentage,4
MAR,MOROCCO,Probability to receive funding,By technology,Energy efficiency,Later stage,2018,0,Percentage,4
MAR,MOROCCO,Probability to receive funding,By technology,Energy efficiency,Later stage,2019,0,Percentage,5
MAR,MOROCCO,Probability to receive funding,By technology,Energy efficiency,Later stage,2020,0,Percentage,5.25
MAR,MOROCCO,Probability to receive funding,By technology,Energy efficiency,Later stage,2021,0,Percentage,5.25
MAR,MOROCCO,Probability to receive funding,By technology,Energy storage and batteries,Later stage,2015,0,Percentage,0.5
MAR,MOROCCO,Probability to receive funding,By technology,Energy storage and batteries,Later stage,2016,0,Percentage,0.5
MAR,MOROCCO,Probability to receive funding,By technology,Energy storage and batteries,Later stage,2017,0,Percentage,0.5
MAR,MOROCCO,Probability to receive funding,By technology,Energy storage and batteries,Later stage,2018,0,Percentage,0.5
MAR,MOROCCO,Probability to receive funding,By technology,Energy storage and batteries,Later stage,2019,0,Percentage,0.5
MAR,MOROCCO,Probability to receive funding,By technology,Energy storage and batteries,Later stage,2020,0,Percentage,0.5
MAR,MOROCCO,Probability to receive funding,By technology,Energy storage and batteries,Later stage,2021,0,Percentage,0.5
MAR,MOROCCO,Probability to receive funding,By technology,Fossil fuels,Later stage,2015,0,Percentage,1
MAR,MOROCCO,Probability to receive funding,By technology,Fossil fuels,Later stage,2016,0,Percentage,1
MAR,MOROCCO,Probability to receive funding,By technology,Fossil fuels,Later stage,2017,0,Percentage,1
MAR,MOROCCO,Probability to receive funding,By technology,Fossil fuels,Later stage,2018,0,Percentage,2
MAR,MOROCCO,Probability to receive funding,By technology,Fossil fuels,Later stage,2019,0,Percentage,2
MAR,MOROCCO,Probability to receive funding,By technology,Fossil fuels,Later stage,2020,0,Percentage,3
MAR,MOROCCO,Probability to receive funding,By technology,Fossil fuels,Later stage,2021,0,Percentage,3
MAR,MOROCCO,Probability to receive funding,By technology,Grid,Later stage,2015,0,Percentage,0.833333313
MAR,MOROCCO,Probability to receive funding,By technology,Grid,Later stage,2016,0,Percentage,0.833333313
MAR,MOROCCO,Probability to receive funding,By technology,Grid,Later stage,2017,0,Percentage,0.833333313
MAR,MOROCCO,Probability to receive funding,By technology,Grid,Later stage,2018,0,Percentage,0.833333313
MAR,MOROCCO,Probability to receive funding,By technology,Grid,Later stage,2019,0,Percentage,0.833333313
MAR,MOROCCO,Probability to receive funding,By technology,Grid,Later stage,2020,0,Percentage,0.833333313
MAR,MOROCCO,Probability to receive funding,By technology,Grid,Later stage,2021,0,Percentage,0.833333313
MAR,MOROCCO,Probability to receive funding,By technology,Non-clean energy,Later stage,2021,0,Percentage,10
MAR,MOROCCO,Probability to receive funding,By technology,Other energy,Later stage,2015,0,Percentage,2.666666746
MAR,MOROCCO,Probability to receive funding,By technology,Other energy,Later stage,2016,0,Percentage,3.666666746
MAR,MOROCCO,Probability to receive funding,By technology,Other energy,Later stage,2017,0,Percentage,3.666666746
MAR,MOROCCO,Probability to receive funding,By technology,Other energy,Later stage,2018,0,Percentage,3.666666746
MAR,MOROCCO,Probability to receive funding,By technology,Other energy,Later stage,2019,0,Percentage,3.666666746
MAR,MOROCCO,Probability to receive funding,By technology,Other energy,Later stage,2020,0,Percentage,3.916666746
MAR,MOROCCO,Probability to receive funding,By technology,Other energy,Later stage,2021,0,Percentage,3.916666746
MAR,MOROCCO,Probability to receive funding,By technology,Other renewables,Later stage,2015,0,Percentage,1.666666627
MAR,MOROCCO,Probability to receive funding,By technology,Other renewables,Later stage,2016,0,Percentage,2.166666746
MAR,MOROCCO,Probability to receive funding,By technology,Other renewables,Later stage,2017,0,Percentage,3.166666746
MAR,MOROCCO,Probability to receive funding,By technology,Other renewables,Later stage,2018,0,Percentage,3.166666746
MAR,MOROCCO,Probability to receive funding,By technology,Other renewables,Later stage,2019,0,Percentage,3.166666746
MAR,MOROCCO,Probability to receive funding,By technology,Other renewables,Later stage,2020,0,Percentage,3.666666746
MAR,MOROCCO,Probability to receive funding,By technology,Other renewables,Later stage,2021,0,Percentage,3.666666746
MAR,MOROCCO,Probability to receive funding,By technology,Solar,Later stage,2015,0,Percentage,1.833333373
MAR,MOROCCO,Probability to receive funding,By technology,Solar,Later stage,2016,0,Percentage,1.833333373
MAR,MOROCCO,Probability to receive funding,By technology,Solar,Later stage,2017,0,Percentage,1.833333373
MAR,MOROCCO,Probability to receive funding,By technology,Solar,Later stage,2018,0,Percentage,1.833333373
MAR,MOROCCO,Probability to receive funding,By technology,Solar,Later stage,2019,0,Percentage,1.833333373
MAR,MOROCCO,Probability to receive funding,By technology,Solar,Later stage,2020,0,Percentage,1.833333373
MAR,MOROCCO,Probability to receive funding,By technology,Solar,Later stage,2021,0,Percentage,1.833333373
MOZ,MOZAMBIQUE,Probability to receive funding,"By sector (energy, green, digital)",Energy,Early stage,2021,0,Percentage,2
MOZ,MOZAMBIQUE,Probability to receive funding,"By sector (energy, green, digital)",Energy and digital,Early stage,2021,0,Percentage,1
MOZ,MOZAMBIQUE,Probability to receive funding,"By sector (energy, green, digital)",Energy and non-digital,Early stage,2021,0,Percentage,1
MOZ,MOZAMBIQUE,Fundings of start-ups,"By sector (energy, green, digital)",Non-energy,Early stage,2017,339893.625,USD,1
MOZ,MOZAMBIQUE,Fundings of start-ups,"By sector (energy, green, digital)",Non-energy,Early stage,2020,1613636.375,USD,1
MOZ,MOZAMBIQUE,Probability to receive funding,"By sector (energy, green, digital)",Non-energy,Early stage,2021,6.25,Percentage,48
MOZ,MOZAMBIQUE,Fundings of start-ups,"By sector (energy, green, digital)",Non-energy,Early stage,2022,2.819178104,Years,49
MOZ,MOZAMBIQUE,Probability to receive funding,"By sector (energy, green, digital)",Energy,Later stage,2021,0,Percentage,2
MOZ,MOZAMBIQUE,Probability to receive funding,"By sector (energy, green, digital)",Energy and digital,Later stage,2021,0,Percentage,1
MOZ,MOZAMBIQUE,Probability to receive funding,"By sector (energy, green, digital)",Energy and non-digital,Later stage,2021,0,Percentage,1
MOZ,MOZAMBIQUE,Fundings of start-ups,"By sector (energy, green, digital)",Non-energy,Later stage,2021,205797.0938,USD,1
MOZ,MOZAMBIQUE,Probability to receive funding,"By sector (energy, green, digital)",Non-energy,Later stage,2021,2.083333254,Percentage,48
MOZ,MOZAMBIQUE,Fundings of start-ups,"By sector (energy, green, digital)",Non-energy,Later stage,2022,6.167123318,Years,49
MOZ,MOZAMBIQUE,Probability to receive funding,By technology,Clean energy,Early stage,2021,0,Percentage,1
MOZ,MOZAMBIQUE,Probability to receive funding,By technology,Non-clean energy,Early stage,2021,0,Percentage,1
MOZ,MOZAMBIQUE,Probability to receive funding,By technology,Other energy,Early stage,2015,0,Percentage,0.5
MOZ,MOZAMBIQUE,Probability to receive funding,By technology,Other energy,Early stage,2016,0,Percentage,0.5
MOZ,MOZAMBIQUE,Probability to receive funding,By technology,Other energy,Early stage,2017,0,Percentage,0.5
MOZ,MOZAMBIQUE,Probability to receive funding,By technology,Other energy,Early stage,2018,0,Percentage,0.5
MOZ,MOZAMBIQUE,Probability to receive funding,By technology,Other energy,Early stage,2019,0,Percentage,0.5
MOZ,MOZAMBIQUE,Probability to receive funding,By technology,Other energy,Early stage,2020,0,Percentage,0.5
MOZ,MOZAMBIQUE,Probability to receive funding,By technology,Other energy,Early stage,2021,0,Percentage,0.5
MOZ,MOZAMBIQUE,Probability to receive funding,By technology,Other renewables,Early stage,2015,0,Percentage,0.5
MOZ,MOZAMBIQUE,Probability to receive funding,By technology,Other renewables,Early stage,2016,0,Percentage,0.5
MOZ,MOZAMBIQUE,Probability to receive funding,By technology,Other renewables,Early stage,2017,0,Percentage,0.5
MOZ,MOZAMBIQUE,Probability to receive funding,By technology,Other renewables,Early stage,2018,0,Percentage,0.5
MOZ,MOZAMBIQUE,Probability to receive funding,By technology,Other renewables,Early stage,2019,0,Percentage,0.5
MOZ,MOZAMBIQUE,Probability to receive funding,By technology,Other renewables,Early stage,2020,0,Percentage,0.5
MOZ,MOZAMBIQUE,Probability to receive funding,By technology,Other renewables,Early stage,2021,0,Percentage,0.5
MOZ,MOZAMBIQUE,Probability to receive funding,By technology,Solar,Early stage,2020,0,Percentage,1
MOZ,MOZAMBIQUE,Probability to receive funding,By technology,Solar,Early stage,2021,0,Percentage,1
MOZ,MOZAMBIQUE,Probability to receive funding,By technology,Clean energy,Later stage,2021,0,Percentage,1
MOZ,MOZAMBIQUE,Probability to receive funding,By technology,Non-clean energy,Later stage,2021,0,Percentage,1
MOZ,MOZAMBIQUE,Probability to receive funding,By technology,Other energy,Later stage,2015,0,Percentage,0.5
MOZ,MOZAMBIQUE,Probability to receive funding,By technology,Other energy,Later stage,2016,0,Percentage,0.5
MOZ,MOZAMBIQUE,Probability to receive funding,By technology,Other energy,Later stage,2017,0,Percentage,0.5
MOZ,MOZAMBIQUE,Probability to receive funding,By technology,Other energy,Later stage,2018,0,Percentage,0.5
MOZ,MOZAMBIQUE,Probability to receive funding,By technology,Other energy,Later stage,2019,0,Percentage,0.5
MOZ,MOZAMBIQUE,Probability to receive funding,By technology,Other energy,Later stage,2020,0,Percentage,0.5
MOZ,MOZAMBIQUE,Probability to receive funding,By technology,Other energy,Later stage,2021,0,Percentage,0.5
MOZ,MOZAMBIQUE,Probability to receive funding,By technology,Other renewables,Later stage,2015,0,Percentage,0.5
MOZ,MOZAMBIQUE,Probability to receive funding,By technology,Other renewables,Later stage,2016,0,Percentage,0.5
MOZ,MOZAMBIQUE,Probability to receive funding,By technology,Other renewables,Later stage,2017,0,Percentage,0.5
MOZ,MOZAMBIQUE,Probability to receive funding,By technology,Other renewables,Later stage,2018,0,Percentage,0.5
MOZ,MOZAMBIQUE,Probability to receive funding,By technology,Other renewables,Later stage,2019,0,Percentage,0.5
MOZ,MOZAMBIQUE,Probability to receive funding,By technology,Other renewables,Later stage,2020,0,Percentage,0.5
MOZ,MOZAMBIQUE,Probability to receive funding,By technology,Other renewables,Later stage,2021,0,Percentage,0.5
MOZ,MOZAMBIQUE,Probability to receive funding,By technology,Solar,Later stage,2020,0,Percentage,1
MOZ,MOZAMBIQUE,Probability to receive funding,By technology,Solar,Later stage,2021,0,Percentage,1
MMR,MYANMAR,Probability to receive funding,"By sector (energy, green, digital)",Energy,Early stage,2021,0,Percentage,4
MMR,MYANMAR,Probability to receive funding,"By sector (energy, green, digital)",Energy and digital,Early stage,2021,0,Percentage,1
MMR,MYANMAR,Probability to receive funding,"By sector (energy, green, digital)",Energy and non-digital,Early stage,2021,0,Percentage,3
MMR,MYANMAR,Fundings of start-ups,"By sector (energy, green, digital)",Non-energy,Early stage,2013,789775.25,USD,2
MMR,MYANMAR,Fundings of start-ups,"By sector (energy, green, digital)",Non-energy,Early stage,2014,235359.1094,USD,1
MMR,MYANMAR,Fundings of start-ups,"By sector (energy, green, digital)",Non-energy,Early stage,2015,7556701,USD,3
MMR,MYANMAR,Fundings of start-ups,"By sector (energy, green, digital)",Non-energy,Early stage,2016,318342.4063,USD,4
MMR,MYANMAR,Fundings of start-ups,"By sector (energy, green, digital)",Non-energy,Early stage,2017,243590.4219,USD,4
MMR,MYANMAR,Fundings of start-ups,"By sector (energy, green, digital)",Non-energy,Early stage,2018,7289026.5,USD,5
MMR,MYANMAR,Fundings of start-ups,"By sector (energy, green, digital)",Non-energy,Early stage,2019,11126998,USD,6
MMR,MYANMAR,Fundings of start-ups,"By sector (energy, green, digital)",Non-energy,Early stage,2020,1452272.75,USD,2
MMR,MYANMAR,Probability to receive funding,"By sector (energy, green, digital)",Non-energy,Early stage,2021,18.81720352,Percentage,186
MMR,MYANMAR,Fundings of start-ups,"By sector (energy, green, digital)",Non-energy,Early stage,2022,1.570567489,Years,187
MMR,MYANMAR,Probability to receive funding,"By sector (energy, green, digital)",Energy,Later stage,2021,25,Percentage,4
MMR,MYANMAR,Fundings of start-ups,"By sector (energy, green, digital)",Energy,Later stage,2022,2.254794598,Years,4
MMR,MYANMAR,Probability to receive funding,"By sector (energy, green, digital)",Energy and digital,Later stage,2021,0,Percentage,1
MMR,MYANMAR,Probability to receive funding,"By sector (energy, green, digital)",Energy and non-digital,Later stage,2021,33.33333206,Percentage,3
MMR,MYANMAR,Fundings of start-ups,"By sector (energy, green, digital)",Energy and non-digital,Later stage,2022,2.254794598,Years,3
MMR,MYANMAR,Fundings of start-ups,"By sector (energy, green, digital)",Non-energy,Later stage,2016,8971467,USD,1
MMR,MYANMAR,Fundings of start-ups,"By sector (energy, green, digital)",Non-energy,Later stage,2017,11624362,USD,2
MMR,MYANMAR,Fundings of start-ups,"By sector (energy, green, digital)",Non-energy,Later stage,2018,16365433,USD,1
MMR,MYANMAR,Fundings of start-ups,"By sector (energy, green, digital)",Non-energy,Later stage,2019,32602040,USD,1
MMR,MYANMAR,Fundings of start-ups,"By sector (energy, green, digital)",Non-energy,Later stage,2020,27969696,USD,1
MMR,MYANMAR,Probability to receive funding,"By sector (energy, green, digital)",Non-energy,Later stage,2021,4.838709831,Percentage,186
MMR,MYANMAR,Fundings of start-ups,"By sector (energy, green, digital)",Non-energy,Later stage,2022,4.828919411,Years,187
MMR,MYANMAR,Fundings of start-ups,"By sector (energy, green, digital)",Non-energy,Later stage,2022,5000000,USD,1
MMR,MYANMAR,Probability to receive funding,By technology,Energy efficiency,Early stage,2015,0,Percentage,1
MMR,MYANMAR,Probability to receive funding,By technology,Energy efficiency,Early stage,2016,0,Percentage,1
MMR,MYANMAR,Probability to receive funding,By technology,Energy efficiency,Early stage,2017,0,Percentage,1
MMR,MYANMAR,Probability to receive funding,By technology,Energy efficiency,Early stage,2018,0,Percentage,1
MMR,MYANMAR,Probability to receive funding,By technology,Energy efficiency,Early stage,2019,0,Percentage,1
MMR,MYANMAR,Probability to receive funding,By technology,Energy efficiency,Early stage,2020,0,Percentage,1
MMR,MYANMAR,Probability to receive funding,By technology,Energy efficiency,Early stage,2021,0,Percentage,1
MMR,MYANMAR,Probability to receive funding,By technology,Energy storage and batteries,Early stage,2015,0,Percentage,0.25
MMR,MYANMAR,Probability to receive funding,By technology,Energy storage and batteries,Early stage,2016,0,Percentage,0.25
MMR,MYANMAR,Probability to receive funding,By technology,Energy storage and batteries,Early stage,2017,0,Percentage,0.25
MMR,MYANMAR,Probability to receive funding,By technology,Energy storage and batteries,Early stage,2018,0,Percentage,0.25
MMR,MYANMAR,Probability to receive funding,By technology,Energy storage and batteries,Early stage,2019,0,Percentage,0.25
MMR,MYANMAR,Probability to receive funding,By technology,Energy storage and batteries,Early stage,2020,0,Percentage,0.25
MMR,MYANMAR,Probability to receive funding,By technology,Energy storage and batteries,Early stage,2021,0,Percentage,0.25
MMR,MYANMAR,Probability to receive funding,By technology,Fossil fuels,Early stage,2015,0,Percentage,0.5
MMR,MYANMAR,Probability to receive funding,By technology,Fossil fuels,Early stage,2016,0,Percentage,0.5
MMR,MYANMAR,Probability to receive funding,By technology,Fossil fuels,Early stage,2017,0,Percentage,0.5
MMR,MYANMAR,Probability to receive funding,By technology,Fossil fuels,Early stage,2018,0,Percentage,0.5
MMR,MYANMAR,Probability to receive funding,By technology,Fossil fuels,Early stage,2019,0,Percentage,0.5
MMR,MYANMAR,Probability to receive funding,By technology,Fossil fuels,Early stage,2020,0,Percentage,0.5
MMR,MYANMAR,Probability to receive funding,By technology,Fossil fuels,Early stage,2021,0,Percentage,0.5
MMR,MYANMAR,Probability to receive funding,By technology,Grid,Early stage,2016,0,Percentage,0.5
MMR,MYANMAR,Probability to receive funding,By technology,Grid,Early stage,2017,0,Percentage,0.5
MMR,MYANMAR,Probability to receive funding,By technology,Grid,Early stage,2018,0,Percentage,0.5
MMR,MYANMAR,Probability to receive funding,By technology,Grid,Early stage,2019,0,Percentage,0.5
MMR,MYANMAR,Probability to receive funding,By technology,Grid,Early stage,2020,0,Percentage,0.5
MMR,MYANMAR,Probability to receive funding,By technology,Grid,Early stage,2021,0,Percentage,0.5
MMR,MYANMAR,Probability to receive funding,By technology,Non-clean energy,Early stage,2021,0,Percentage,4
MMR,MYANMAR,Probability to receive funding,By technology,Other energy,Early stage,2015,0,Percentage,0.25
MMR,MYANMAR,Probability to receive funding,By technology,Other energy,Early stage,2016,0,Percentage,0.75
MMR,MYANMAR,Probability to receive funding,By technology,Other energy,Early stage,2017,0,Percentage,0.75
MMR,MYANMAR,Probability to receive funding,By technology,Other energy,Early stage,2018,0,Percentage,0.75
MMR,MYANMAR,Probability to receive funding,By technology,Other energy,Early stage,2019,0,Percentage,0.75
MMR,MYANMAR,Probability to receive funding,By technology,Other energy,Early stage,2020,0,Percentage,0.75
MMR,MYANMAR,Probability to receive funding,By technology,Other energy,Early stage,2021,0,Percentage,0.75
MMR,MYANMAR,Probability to receive funding,By technology,Energy efficiency,Later stage,2015,0,Percentage,1
MMR,MYANMAR,Probability to receive funding,By technology,Energy efficiency,Later stage,2016,0,Percentage,1
MMR,MYANMAR,Probability to receive funding,By technology,Energy efficiency,Later stage,2017,0,Percentage,1
MMR,MYANMAR,Probability to receive funding,By technology,Energy efficiency,Later stage,2018,0,Percentage,1
MMR,MYANMAR,Probability to receive funding,By technology,Energy efficiency,Later stage,2019,0,Percentage,1
MMR,MYANMAR,Probability to receive funding,By technology,Energy efficiency,Later stage,2020,0,Percentage,1
MMR,MYANMAR,Probability to receive funding,By technology,Energy efficiency,Later stage,2021,0,Percentage,1
MMR,MYANMAR,Probability to receive funding,By technology,Energy storage and batteries,Later stage,2015,0,Percentage,0.25
MMR,MYANMAR,Probability to receive funding,By technology,Energy storage and batteries,Later stage,2016,0,Percentage,0.25
MMR,MYANMAR,Probability to receive funding,By technology,Energy storage and batteries,Later stage,2017,0,Percentage,0.25
MMR,MYANMAR,Probability to receive funding,By technology,Energy storage and batteries,Later stage,2018,0,Percentage,0.25
MMR,MYANMAR,Probability to receive funding,By technology,Energy storage and batteries,Later stage,2019,0,Percentage,0.25
MMR,MYANMAR,Probability to receive funding,By technology,Energy storage and batteries,Later stage,2020,0,Percentage,0.25
MMR,MYANMAR,Probability to receive funding,By technology,Energy storage and batteries,Later stage,2021,0,Percentage,0.25
MMR,MYANMAR,Probability to receive funding,By technology,Fossil fuels,Later stage,2015,0,Percentage,0.5
MMR,MYANMAR,Probability to receive funding,By technology,Fossil fuels,Later stage,2016,0,Percentage,0.5
MMR,MYANMAR,Probability to receive funding,By technology,Fossil fuels,Later stage,2017,0,Percentage,0.5
MMR,MYANMAR,Probability to receive funding,By technology,Fossil fuels,Later stage,2018,0,Percentage,0.5
MMR,MYANMAR,Probability to receive funding,By technology,Fossil fuels,Later stage,2019,0,Percentage,0.5
MMR,MYANMAR,Probability to receive funding,By technology,Fossil fuels,Later stage,2020,0,Percentage,0.5
MMR,MYANMAR,Probability to receive funding,By technology,Fossil fuels,Later stage,2021,0,Percentage,0.5
MMR,MYANMAR,Probability to receive funding,By technology,Grid,Later stage,2016,100,Percentage,0.5
MMR,MYANMAR,Probability to receive funding,By technology,Grid,Later stage,2017,100,Percentage,0.5
MMR,MYANMAR,Probability to receive funding,By technology,Grid,Later stage,2018,100,Percentage,0.5
MMR,MYANMAR,Probability to receive funding,By technology,Grid,Later stage,2019,100,Percentage,0.5
MMR,MYANMAR,Probability to receive funding,By technology,Grid,Later stage,2020,100,Percentage,0.5
MMR,MYANMAR,Probability to receive funding,By technology,Grid,Later stage,2021,100,Percentage,0.5
MMR,MYANMAR,Probability to receive funding,By technology,Non-clean energy,Later stage,2021,25,Percentage,4
MMR,MYANMAR,Fundings of start-ups,By technology,Non-clean energy,Later stage,2022,2.254794598,Years,4
MMR,MYANMAR,Probability to receive funding,By technology,Other energy,Later stage,2015,0,Percentage,0.25
MMR,MYANMAR,Probability to receive funding,By technology,Other energy,Later stage,2016,66.66666412,Percentage,0.75
MMR,MYANMAR,Probability to receive funding,By technology,Other energy,Later stage,2017,66.66666412,Percentage,0.75
MMR,MYANMAR,Probability to receive funding,By technology,Other energy,Later stage,2018,66.66666412,Percentage,0.75
MMR,MYANMAR,Probability to receive funding,By technology,Other energy,Later stage,2019,66.66666412,Percentage,0.75
MMR,MYANMAR,Probability to receive funding,By technology,Other energy,Later stage,2020,66.66666412,Percentage,0.75
MMR,MYANMAR,Probability to receive funding,By technology,Other energy,Later stage,2021,66.66666412,Percentage,0.75
NAM,NAMIBIA,Probability to receive funding,"By sector (energy, green, digital)",Energy,Early stage,2021,0,Percentage,3
NAM,NAMIBIA,Probability to receive funding,"By sector (energy, green, digital)",Energy and non-digital,Early stage,2021,0,Percentage,3
NAM,NAMIBIA,Fundings of start-ups,"By sector (energy, green, digital)",Non-energy,Early stage,2014,7060.773438,USD,1
NAM,NAMIBIA,Fundings of start-ups,"By sector (energy, green, digital)",Non-energy,Early stage,2021,3292753.5,USD,1
NAM,NAMIBIA,Probability to receive funding,"By sector (energy, green, digital)",Non-energy,Early stage,2021,6.666666508,Percentage,45
NAM,NAMIBIA,Fundings of start-ups,"By sector (energy, green, digital)",Non-energy,Early stage,2022,2.396575451,Years,46
NAM,NAMIBIA,Fundings of start-ups,"By sector (energy, green, digital)",Non-energy,Early stage,2022,15138892,USD,2
NAM,NAMIBIA,Probability to receive funding,"By sector (energy, green, digital)",Energy,Later stage,2021,0,Percentage,3
NAM,NAMIBIA,Probability to receive funding,"By sector (energy, green, digital)",Energy and non-digital,Later stage,2021,0,Percentage,3
NAM,NAMIBIA,Probability to receive funding,"By sector (energy, green, digital)",Non-energy,Later stage,2021,2.222222328,Percentage,45
NAM,NAMIBIA,Fundings of start-ups,"By sector (energy, green, digital)",Non-energy,Later stage,2022,7.813698769,Years,46
NAM,NAMIBIA,Probability to receive funding,By technology,Clean energy,Early stage,2021,0,Percentage,3
NAM,NAMIBIA,Probability to receive funding,By technology,Grid,Early stage,2017,0,Percentage,0.333333343
NAM,NAMIBIA,Probability to receive funding,By technology,Grid,Early stage,2018,0,Percentage,0.333333343
NAM,NAMIBIA,Probability to receive funding,By technology,Grid,Early stage,2019,0,Percentage,0.333333343
NAM,NAMIBIA,Probability to receive funding,By technology,Grid,Early stage,2020,0,Percentage,0.333333343
NAM,NAMIBIA,Probability to receive funding,By technology,Grid,Early stage,2021,0,Percentage,0.333333343
NAM,NAMIBIA,Probability to receive funding,By technology,Other energy,Early stage,2015,0,Percentage,0.833333313
NAM,NAMIBIA,Probability to receive funding,By technology,Other energy,Early stage,2016,0,Percentage,0.833333313
NAM,NAMIBIA,Probability to receive funding,By technology,Other energy,Early stage,2017,0,Percentage,1.166666627
NAM,NAMIBIA,Probability to receive funding,By technology,Other energy,Early stage,2018,0,Percentage,1.166666627
NAM,NAMIBIA,Probability to receive funding,By technology,Other energy,Early stage,2019,0,Percentage,1.166666627
NAM,NAMIBIA,Probability to receive funding,By technology,Other energy,Early stage,2020,0,Percentage,1.166666627
NAM,NAMIBIA,Probability to receive funding,By technology,Other energy,Early stage,2021,0,Percentage,1.166666627
NAM,NAMIBIA,Probability to receive funding,By technology,Other renewables,Early stage,2015,0,Percentage,0.833333313
NAM,NAMIBIA,Probability to receive funding,By technology,Other renewables,Early stage,2016,0,Percentage,0.833333313
NAM,NAMIBIA,Probability to receive funding,By technology,Other renewables,Early stage,2017,0,Percentage,1.166666627
NAM,NAMIBIA,Probability to receive funding,By technology,Other renewables,Early stage,2018,0,Percentage,1.166666627
NAM,NAMIBIA,Probability to receive funding,By technology,Other renewables,Early stage,2019,0,Percentage,1.166666627
NAM,NAMIBIA,Probability to receive funding,By technology,Other renewables,Early stage,2020,0,Percentage,1.166666627
NAM,NAMIBIA,Probability to receive funding,By technology,Other renewables,Early stage,2021,0,Percentage,1.166666627
NAM,NAMIBIA,Probability to receive funding,By technology,Solar,Early stage,2015,0,Percentage,0.333333343
NAM,NAMIBIA,Probability to receive funding,By technology,Solar,Early stage,2016,0,Percentage,0.333333343
NAM,NAMIBIA,Probability to receive funding,By technology,Solar,Early stage,2017,0,Percentage,0.333333343
NAM,NAMIBIA,Probability to receive funding,By technology,Solar,Early stage,2018,0,Percentage,0.333333343
NAM,NAMIBIA,Probability to receive funding,By technology,Solar,Early stage,2019,0,Percentage,0.333333343
NAM,NAMIBIA,Probability to receive funding,By technology,Solar,Early stage,2020,0,Percentage,0.333333343
NAM,NAMIBIA,Probability to receive funding,By technology,Solar,Early stage,2021,0,Percentage,0.333333343
NAM,NAMIBIA,Probability to receive funding,By technology,Clean energy,Later stage,2021,0,Percentage,3
NAM,NAMIBIA,Probability to receive funding,By technology,Grid,Later stage,2017,0,Percentage,0.333333343
NAM,NAMIBIA,Probability to receive funding,By technology,Grid,Later stage,2018,0,Percentage,0.333333343
NAM,NAMIBIA,Probability to receive funding,By technology,Grid,Later stage,2019,0,Percentage,0.333333343
NAM,NAMIBIA,Probability to receive funding,By technology,Grid,Later stage,2020,0,Percentage,0.333333343
NAM,NAMIBIA,Probability to receive funding,By technology,Grid,Later stage,2021,0,Percentage,0.333333343
NAM,NAMIBIA,Probability to receive funding,By technology,Other energy,Later stage,2015,0,Percentage,0.833333313
NAM,NAMIBIA,Probability to receive funding,By technology,Other energy,Later stage,2016,0,Percentage,0.833333313
NAM,NAMIBIA,Probability to receive funding,By technology,Other energy,Later stage,2017,0,Percentage,1.166666627
NAM,NAMIBIA,Probability to receive funding,By technology,Other energy,Later stage,2018,0,Percentage,1.166666627
NAM,NAMIBIA,Probability to receive funding,By technology,Other energy,Later stage,2019,0,Percentage,1.166666627
NAM,NAMIBIA,Probability to receive funding,By technology,Other energy,Later stage,2020,0,Percentage,1.166666627
NAM,NAMIBIA,Probability to receive funding,By technology,Other energy,Later stage,2021,0,Percentage,1.166666627
NAM,NAMIBIA,Probability to receive funding,By technology,Other renewables,Later stage,2015,0,Percentage,0.833333313
NAM,NAMIBIA,Probability to receive funding,By technology,Other renewables,Later stage,2016,0,Percentage,0.833333313
NAM,NAMIBIA,Probability to receive funding,By technology,Other renewables,Later stage,2017,0,Percentage,1.166666627
NAM,NAMIBIA,Probability to receive funding,By technology,Other renewables,Later stage,2018,0,Percentage,1.166666627
NAM,NAMIBIA,Probability to receive funding,By technology,Other renewables,Later stage,2019,0,Percentage,1.166666627
NAM,NAMIBIA,Probability to receive funding,By technology,Other renewables,Later stage,2020,0,Percentage,1.166666627
NAM,NAMIBIA,Probability to receive funding,By technology,Other renewables,Later stage,2021,0,Percentage,1.166666627
NAM,NAMIBIA,Probability to receive funding,By technology,Solar,Later stage,2015,0,Percentage,0.333333343
NAM,NAMIBIA,Probability to receive funding,By technology,Solar,Later stage,2016,0,Percentage,0.333333343
NAM,NAMIBIA,Probability to receive funding,By technology,Solar,Later stage,2017,0,Percentage,0.333333343
NAM,NAMIBIA,Probability to receive funding,By technology,Solar,Later stage,2018,0,Percentage,0.333333343
NAM,NAMIBIA,Probability to receive funding,By technology,Solar,Later stage,2019,0,Percentage,0.333333343
NAM,NAMIBIA,Probability to receive funding,By technology,Solar,Later stage,2020,0,Percentage,0.333333343
NAM,NAMIBIA,Probability to receive funding,By technology,Solar,Later stage,2021,0,Percentage,0.333333343
NPL,NEPAL,Probability to receive funding,"By sector (energy, green, digital)",Energy,Early stage,2021,0,Percentage,4
NPL,NEPAL,Probability to receive funding,"By sector (energy, green, digital)",Energy and non-digital,Early stage,2021,0,Percentage,4
NPL,NEPAL,Fundings of start-ups,"By sector (energy, green, digital)",Non-energy,Early stage,2010,127544.9141,USD,1
NPL,NEPAL,Fundings of start-ups,"By sector (energy, green, digital)",Non-energy,Early stage,2011,6191.860352,USD,1
NPL,NEPAL,Fundings of start-ups,"By sector (energy, green, digital)",Non-energy,Early stage,2013,11966.29199,USD,1
NPL,NEPAL,Fundings of start-ups,"By sector (energy, green, digital)",Non-energy,Early stage,2015,2941.989014,USD,1
NPL,NEPAL,Fundings of start-ups,"By sector (energy, green, digital)",Non-energy,Early stage,2016,11576.08691,USD,1
NPL,NEPAL,Fundings of start-ups,"By sector (energy, green, digital)",Non-energy,Early stage,2017,15879395,USD,6
NPL,NEPAL,Fundings of start-ups,"By sector (energy, green, digital)",Non-energy,Early stage,2018,33281.25,USD,1
NPL,NEPAL,Fundings of start-ups,"By sector (energy, green, digital)",Non-energy,Early stage,2019,19561.22461,USD,1
NPL,NEPAL,Fundings of start-ups,"By sector (energy, green, digital)",Non-energy,Early stage,2020,537878.8125,USD,1
NPL,NEPAL,Probability to receive funding,"By sector (energy, green, digital)",Non-energy,Early stage,2021,3.645833254,Percentage,384
NPL,NEPAL,Fundings of start-ups,"By sector (energy, green, digital)",Non-energy,Early stage,2022,70000,USD,2
NPL,NEPAL,Fundings of start-ups,"By sector (energy, green, digital)",Non-energy,Early stage,2022,0.550263464,Years,386
NPL,NEPAL,Probability to receive funding,"By sector (energy, green, digital)",Energy,Later stage,2021,0,Percentage,4
NPL,NEPAL,Probability to receive funding,"By sector (energy, green, digital)",Energy and non-digital,Later stage,2021,0,Percentage,4
NPL,NEPAL,Probability to receive funding,"By sector (energy, green, digital)",Non-energy,Later stage,2021,0,Percentage,384
NPL,NEPAL,Probability to receive funding,By technology,Clean energy,Early stage,2021,0,Percentage,2
NPL,NEPAL,Probability to receive funding,By technology,Energy efficiency,Early stage,2015,0,Percentage,1
NPL,NEPAL,Probability to receive funding,By technology,Energy efficiency,Early stage,2016,0,Percentage,1
NPL,NEPAL,Probability to receive funding,By technology,Energy efficiency,Early stage,2017,0,Percentage,1
NPL,NEPAL,Probability to receive funding,By technology,Energy efficiency,Early stage,2018,0,Percentage,1
NPL,NEPAL,Probability to receive funding,By technology,Energy efficiency,Early stage,2019,0,Percentage,1
NPL,NEPAL,Probability to receive funding,By technology,Energy efficiency,Early stage,2020,0,Percentage,1
NPL,NEPAL,Probability to receive funding,By technology,Energy efficiency,Early stage,2021,0,Percentage,1
NPL,NEPAL,Probability to receive funding,By technology,Non-clean energy,Early stage,2021,0,Percentage,2
NPL,NEPAL,Probability to receive funding,By technology,Other energy,Early stage,2015,0,Percentage,0.333333343
NPL,NEPAL,Probability to receive funding,By technology,Other energy,Early stage,2016,0,Percentage,0.333333343
NPL,NEPAL,Probability to receive funding,By technology,Other energy,Early stage,2017,0,Percentage,0.333333343
NPL,NEPAL,Probability to receive funding,By technology,Other energy,Early stage,2018,0,Percentage,0.333333343
NPL,NEPAL,Probability to receive funding,By technology,Other energy,Early stage,2019,0,Percentage,0.333333343
NPL,NEPAL,Probability to receive funding,By technology,Other energy,Early stage,2020,0,Percentage,0.333333343
NPL,NEPAL,Probability to receive funding,By technology,Other energy,Early stage,2021,0,Percentage,0.333333343
NPL,NEPAL,Probability to receive funding,By technology,Other renewables,Early stage,2015,0,Percentage,0.333333343
NPL,NEPAL,Probability to receive funding,By technology,Other renewables,Early stage,2016,0,Percentage,0.333333343
NPL,NEPAL,Probability to receive funding,By technology,Other renewables,Early stage,2017,0,Percentage,0.333333343
NPL,NEPAL,Probability to receive funding,By technology,Other renewables,Early stage,2018,0,Percentage,0.333333343
NPL,NEPAL,Probability to receive funding,By technology,Other renewables,Early stage,2019,0,Percentage,0.333333343
NPL,NEPAL,Probability to receive funding,By technology,Other renewables,Early stage,2020,0,Percentage,0.333333343
NPL,NEPAL,Probability to receive funding,By technology,Other renewables,Early stage,2021,0,Percentage,0.333333343
NPL,NEPAL,Probability to receive funding,By technology,Solar,Early stage,2015,0,Percentage,0.333333343
NPL,NEPAL,Probability to receive funding,By technology,Solar,Early stage,2016,0,Percentage,0.333333343
NPL,NEPAL,Probability to receive funding,By technology,Solar,Early stage,2017,0,Percentage,0.333333343
NPL,NEPAL,Probability to receive funding,By technology,Solar,Early stage,2018,0,Percentage,0.333333343
NPL,NEPAL,Probability to receive funding,By technology,Solar,Early stage,2019,0,Percentage,0.333333343
NPL,NEPAL,Probability to receive funding,By technology,Solar,Early stage,2020,0,Percentage,0.333333343
NPL,NEPAL,Probability to receive funding,By technology,Solar,Early stage,2021,0,Percentage,0.333333343
NPL,NEPAL,Probability to receive funding,By technology,Clean energy,Later stage,2021,0,Percentage,2
NPL,NEPAL,Probability to receive funding,By technology,Energy efficiency,Later stage,2015,0,Percentage,1
NPL,NEPAL,Probability to receive funding,By technology,Energy efficiency,Later stage,2016,0,Percentage,1
NPL,NEPAL,Probability to receive funding,By technology,Energy efficiency,Later stage,2017,0,Percentage,1
NPL,NEPAL,Probability to receive funding,By technology,Energy efficiency,Later stage,2018,0,Percentage,1
NPL,NEPAL,Probability to receive funding,By technology,Energy efficiency,Later stage,2019,0,Percentage,1
NPL,NEPAL,Probability to receive funding,By technology,Energy efficiency,Later stage,2020,0,Percentage,1
NPL,NEPAL,Probability to receive funding,By technology,Energy efficiency,Later stage,2021,0,Percentage,1
NPL,NEPAL,Probability to receive funding,By technology,Non-clean energy,Later stage,2021,0,Percentage,2
NPL,NEPAL,Probability to receive funding,By technology,Other energy,Later stage,2015,0,Percentage,0.333333343
NPL,NEPAL,Probability to receive funding,By technology,Other energy,Later stage,2016,0,Percentage,0.333333343
NPL,NEPAL,Probability to receive funding,By technology,Other energy,Later stage,2017,0,Percentage,0.333333343
NPL,NEPAL,Probability to receive funding,By technology,Other energy,Later stage,2018,0,Percentage,0.333333343
NPL,NEPAL,Probability to receive funding,By technology,Other energy,Later stage,2019,0,Percentage,0.333333343
NPL,NEPAL,Probability to receive funding,By technology,Other energy,Later stage,2020,0,Percentage,0.333333343
NPL,NEPAL,Probability to receive funding,By technology,Other energy,Later stage,2021,0,Percentage,0.333333343
NPL,NEPAL,Probability to receive funding,By technology,Other renewables,Later stage,2015,0,Percentage,0.333333343
NPL,NEPAL,Probability to receive funding,By technology,Other renewables,Later stage,2016,0,Percentage,0.333333343
NPL,NEPAL,Probability to receive funding,By technology,Other renewables,Later stage,2017,0,Percentage,0.333333343
NPL,NEPAL,Probability to receive funding,By technology,Other renewables,Later stage,2018,0,Percentage,0.333333343
NPL,NEPAL,Probability to receive funding,By technology,Other renewables,Later stage,2019,0,Percentage,0.333333343
NPL,NEPAL,Probability to receive funding,By technology,Other renewables,Later stage,2020,0,Percentage,0.333333343
NPL,NEPAL,Probability to receive funding,By technology,Other renewables,Later stage,2021,0,Percentage,0.333333343
NPL,NEPAL,Probability to receive funding,By technology,Solar,Later stage,2015,0,Percentage,0.333333343
NPL,NEPAL,Probability to receive funding,By technology,Solar,Later stage,2016,0,Percentage,0.333333343
NPL,NEPAL,Probability to receive funding,By technology,Solar,Later stage,2017,0,Percentage,0.333333343
NPL,NEPAL,Probability to receive funding,By technology,Solar,Later stage,2018,0,Percentage,0.333333343
NPL,NEPAL,Probability to receive funding,By technology,Solar,Later stage,2019,0,Percentage,0.333333343
NPL,NEPAL,Probability to receive funding,By technology,Solar,Later stage,2020,0,Percentage,0.333333343
NPL,NEPAL,Probability to receive funding,By technology,Solar,Later stage,2021,0,Percentage,0.333333343
NLD,NETHERLANDS,Fundings of start-ups,"By sector (energy, green, digital)",Energy,Early stage,2009,1023532.563,USD,2
NLD,NETHERLANDS,Fundings of start-ups,"By sector (energy, green, digital)",Energy,Early stage,2011,2674701.75,USD,1
NLD,NETHERLANDS,Fundings of start-ups,"By sector (energy, green, digital)",Energy,Early stage,2012,4856676,USD,1
NLD,NETHERLANDS,Fundings of start-ups,"By sector (energy, green, digital)",Energy,Early stage,2013,48130.82031,USD,2
NLD,NETHERLANDS,Fundings of start-ups,"By sector (energy, green, digital)",Energy,Early stage,2014,35409600,USD,9
NLD,NETHERLANDS,Fundings of start-ups,"By sector (energy, green, digital)",Energy,Early stage,2015,5306395,USD,5
NLD,NETHERLANDS,Fundings of start-ups,"By sector (energy, green, digital)",Energy,Early stage,2016,6310596,USD,10
NLD,NETHERLANDS,Fundings of start-ups,"By sector (energy, green, digital)",Energy,Early stage,2017,42877528,USD,16
NLD,NETHERLANDS,Fundings of start-ups,"By sector (energy, green, digital)",Energy,Early stage,2018,40466304,USD,16
NLD,NETHERLANDS,Fundings of start-ups,"By sector (energy, green, digital)",Energy,Early stage,2019,37657896,USD,13
NLD,NETHERLANDS,Fundings of start-ups,"By sector (energy, green, digital)",Energy,Early stage,2020,60590060,USD,10
NLD,NETHERLANDS,Probability to receive funding,"By sector (energy, green, digital)",Energy,Early stage,2021,8.550573349,Percentage,959
NLD,NETHERLANDS,Fundings of start-ups,"By sector (energy, green, digital)",Energy,Early stage,2021,65566384,USD,15
NLD,NETHERLANDS,Fundings of start-ups,"By sector (energy, green, digital)",Energy,Early stage,2022,48790836,USD,9
NLD,NETHERLANDS,Fundings of start-ups,"By sector (energy, green, digital)",Energy,Early stage,2022,3.371867657,Years,963
NLD,NETHERLANDS,Fundings of start-ups,"By sector (energy, green, digital)",Energy and digital,Early stage,2009,389634.1563,USD,1
NLD,NETHERLANDS,Fundings of start-ups,"By sector (energy, green, digital)",Energy and digital,Early stage,2013,24065.41016,USD,1
NLD,NETHERLANDS,Fundings of start-ups,"By sector (energy, green, digital)",Energy and digital,Early stage,2014,1449413.25,USD,3
NLD,NETHERLANDS,Fundings of start-ups,"By sector (energy, green, digital)",Energy and digital,Early stage,2015,3581816.25,USD,3
NLD,NETHERLANDS,Fundings of start-ups,"By sector (energy, green, digital)",Energy and digital,Early stage,2016,5640977.5,USD,7
NLD,NETHERLANDS,Fundings of start-ups,"By sector (energy, green, digital)",Energy and digital,Early stage,2017,26586894,USD,12
NLD,NETHERLANDS,Fundings of start-ups,"By sector (energy, green, digital)",Energy and digital,Early stage,2018,30397876,USD,13
NLD,NETHERLANDS,Fundings of start-ups,"By sector (energy, green, digital)",Energy and digital,Early stage,2019,20180186,USD,8
NLD,NETHERLANDS,Fundings of start-ups,"By sector (energy, green, digital)",Energy and digital,Early stage,2020,14846986,USD,7
NLD,NETHERLANDS,Fundings of start-ups,"By sector (energy, green, digital)",Energy and digital,Early stage,2021,41117444,USD,10
NLD,NETHERLANDS,Probability to receive funding,"By sector (energy, green, digital)",Energy and digital,Early stage,2021,11.06194687,Percentage,452
NLD,NETHERLANDS,Fundings of start-ups,"By sector (energy, green, digital)",Energy and digital,Early stage,2022,10038935,USD,5
NLD,NETHERLANDS,Fundings of start-ups,"By sector (energy, green, digital)",Energy and digital,Early stage,2022,2.704931498,Years,453
NLD,NETHERLANDS,Fundings of start-ups,"By sector (energy, green, digital)",Energy and non-digital,Early stage,2009,633898.375,USD,1
NLD,NETHERLANDS,Fundings of start-ups,"By sector (energy, green, digital)",Energy and non-digital,Early stage,2011,2674701.75,USD,1
NLD,NETHERLANDS,Fundings of start-ups,"By sector (energy, green, digital)",Energy and non-digital,Early stage,2012,4856676,USD,1
NLD,NETHERLANDS,Fundings of start-ups,"By sector (energy, green, digital)",Energy and non-digital,Early stage,2013,24065.41016,USD,1
NLD,NETHERLANDS,Fundings of start-ups,"By sector (energy, green, digital)",Energy and non-digital,Early stage,2014,33960188,USD,6
NLD,NETHERLANDS,Fundings of start-ups,"By sector (energy, green, digital)",Energy and non-digital,Early stage,2015,1724578.625,USD,2
NLD,NETHERLANDS,Fundings of start-ups,"By sector (energy, green, digital)",Energy and non-digital,Early stage,2016,669618.75,USD,3
NLD,NETHERLANDS,Fundings of start-ups,"By sector (energy, green, digital)",Energy and non-digital,Early stage,2017,16290634,USD,4
NLD,NETHERLANDS,Fundings of start-ups,"By sector (energy, green, digital)",Energy and non-digital,Early stage,2018,10068427,USD,3
NLD,NETHERLANDS,Fundings of start-ups,"By sector (energy, green, digital)",Energy and non-digital,Early stage,2019,17477710,USD,5
NLD,NETHERLANDS,Fundings of start-ups,"By sector (energy, green, digital)",Energy and non-digital,Early stage,2020,45743076,USD,3
NLD,NETHERLANDS,Fundings of start-ups,"By sector (energy, green, digital)",Energy and non-digital,Early stage,2021,24448940,USD,5
NLD,NETHERLANDS,Probability to receive funding,"By sector (energy, green, digital)",Energy and non-digital,Early stage,2021,6.311636925,Percentage,507
NLD,NETHERLANDS,Fundings of start-ups,"By sector (energy, green, digital)",Energy and non-digital,Early stage,2022,4.413955688,Years,510
NLD,NETHERLANDS,Fundings of start-ups,"By sector (energy, green, digital)",Energy and non-digital,Early stage,2022,38751904,USD,4
NLD,NETHERLANDS,Fundings of start-ups,"By sector (energy, green, digital)",Non-energy,Early stage,2000,89372872,USD,5
NLD,NETHERLANDS,Fundings of start-ups,"By sector (energy, green, digital)",Non-energy,Early stage,2001,10996982,USD,2
NLD,NETHERLANDS,Fundings of start-ups,"By sector (energy, green, digital)",Non-energy,Early stage,2002,19910870,USD,1
NLD,NETHERLANDS,Fundings of start-ups,"By sector (energy, green, digital)",Non-energy,Early stage,2003,17198460,USD,2
NLD,NETHERLANDS,Fundings of start-ups,"By sector (energy, green, digital)",Non-energy,Early stage,2005,48258780,USD,4
NLD,NETHERLANDS,Fundings of start-ups,"By sector (energy, green, digital)",Non-energy,Early stage,2006,57038852,USD,6
NLD,NETHERLANDS,Fundings of start-ups,"By sector (energy, green, digital)",Non-energy,Early stage,2007,144625072,USD,17
NLD,NETHERLANDS,Fundings of start-ups,"By sector (energy, green, digital)",Non-energy,Early stage,2008,99321184,USD,11
NLD,NETHERLANDS,Fundings of start-ups,"By sector (energy, green, digital)",Non-energy,Early stage,2009,121115384,USD,14
NLD,NETHERLANDS,Fundings of start-ups,"By sector (energy, green, digital)",Non-energy,Early stage,2010,87911912,USD,15
NLD,NETHERLANDS,Fundings of start-ups,"By sector (energy, green, digital)",Non-energy,Early stage,2011,130873144,USD,33
NLD,NETHERLANDS,Fundings of start-ups,"By sector (energy, green, digital)",Non-energy,Early stage,2012,40495048,USD,50
NLD,NETHERLANDS,Fundings of start-ups,"By sector (energy, green, digital)",Non-energy,Early stage,2013,133534896,USD,82
NLD,NETHERLANDS,Fundings of start-ups,"By sector (energy, green, digital)",Non-energy,Early stage,2014,597333184,USD,94
NLD,NETHERLANDS,Fundings of start-ups,"By sector (energy, green, digital)",Non-energy,Early stage,2015,220834336,USD,144
NLD,NETHERLANDS,Fundings of start-ups,"By sector (energy, green, digital)",Non-energy,Early stage,2016,290684160,USD,117
NLD,NETHERLANDS,Fundings of start-ups,"By sector (energy, green, digital)",Non-energy,Early stage,2017,568713600,USD,124
NLD,NETHERLANDS,Fundings of start-ups,"By sector (energy, green, digital)",Non-energy,Early stage,2018,523056032,USD,129
NLD,NETHERLANDS,Fundings of start-ups,"By sector (energy, green, digital)",Non-energy,Early stage,2019,740232832,USD,172
NLD,NETHERLANDS,Fundings of start-ups,"By sector (energy, green, digital)",Non-energy,Early stage,2020,1137816064,USD,157
NLD,NETHERLANDS,Probability to receive funding,"By sector (energy, green, digital)",Non-energy,Early stage,2021,3.535336733,Percentage,30181
NLD,NETHERLANDS,Fundings of start-ups,"By sector (energy, green, digital)",Non-energy,Early stage,2021,2393056000,USD,176
NLD,NETHERLANDS,Fundings of start-ups,"By sector (energy, green, digital)",Non-energy,Early stage,2022,2.093449831,Years,30228
NLD,NETHERLANDS,Fundings of start-ups,"By sector (energy, green, digital)",Non-energy,Early stage,2022,1148012032,USD,135
NLD,NETHERLANDS,Fundings of start-ups,"By sector (energy, green, digital)",Energy,Later stage,2013,13545001,USD,1
NLD,NETHERLANDS,Fundings of start-ups,"By sector (energy, green, digital)",Energy,Later stage,2014,2941989,USD,1
NLD,NETHERLANDS,Fundings of start-ups,"By sector (energy, green, digital)",Energy,Later stage,2015,34607584,USD,2
NLD,NETHERLANDS,Fundings of start-ups,"By sector (energy, green, digital)",Energy,Later stage,2016,12320729,USD,2
NLD,NETHERLANDS,Fundings of start-ups,"By sector (energy, green, digital)",Energy,Later stage,2018,66789976,USD,3
NLD,NETHERLANDS,Fundings of start-ups,"By sector (energy, green, digital)",Energy,Later stage,2019,2712466,USD,2
NLD,NETHERLANDS,Fundings of start-ups,"By sector (energy, green, digital)",Energy,Later stage,2020,14551644,USD,1
NLD,NETHERLANDS,Probability to receive funding,"By sector (energy, green, digital)",Energy,Later stage,2021,4.692388058,Percentage,959
NLD,NETHERLANDS,Fundings of start-ups,"By sector (energy, green, digital)",Energy,Later stage,2021,285566048,USD,6
NLD,NETHERLANDS,Fundings of start-ups,"By sector (energy, green, digital)",Energy,Later stage,2022,5.320913315,Years,963
NLD,NETHERLANDS,Fundings of start-ups,"By sector (energy, green, digital)",Energy,Later stage,2022,138528800,USD,7
NLD,NETHERLANDS,Fundings of start-ups,"By sector (energy, green, digital)",Energy and digital,Later stage,2018,1985435.125,USD,1
NLD,NETHERLANDS,Fundings of start-ups,"By sector (energy, green, digital)",Energy and digital,Later stage,2019,2712466,USD,2
NLD,NETHERLANDS,Fundings of start-ups,"By sector (energy, green, digital)",Energy and digital,Later stage,2021,32952364,USD,2
NLD,NETHERLANDS,Probability to receive funding,"By sector (energy, green, digital)",Energy and digital,Later stage,2021,3.982300997,Percentage,452
NLD,NETHERLANDS,Fundings of start-ups,"By sector (energy, green, digital)",Energy and digital,Later stage,2022,4.130289078,Years,453
NLD,NETHERLANDS,Fundings of start-ups,"By sector (energy, green, digital)",Energy and digital,Later stage,2022,39019112,USD,4
NLD,NETHERLANDS,Fundings of start-ups,"By sector (energy, green, digital)",Energy and non-digital,Later stage,2013,13545001,USD,1
NLD,NETHERLANDS,Fundings of start-ups,"By sector (energy, green, digital)",Energy and non-digital,Later stage,2014,2941989,USD,1
NLD,NETHERLANDS,Fundings of start-ups,"By sector (energy, green, digital)",Energy and non-digital,Later stage,2015,34607584,USD,2
NLD,NETHERLANDS,Fundings of start-ups,"By sector (energy, green, digital)",Energy and non-digital,Later stage,2016,12320729,USD,2
NLD,NETHERLANDS,Fundings of start-ups,"By sector (energy, green, digital)",Energy and non-digital,Later stage,2018,64804540,USD,2
NLD,NETHERLANDS,Fundings of start-ups,"By sector (energy, green, digital)",Energy and non-digital,Later stage,2020,14551644,USD,1
NLD,NETHERLANDS,Probability to receive funding,"By sector (energy, green, digital)",Energy and non-digital,Later stage,2021,5.325443745,Percentage,507
NLD,NETHERLANDS,Fundings of start-ups,"By sector (energy, green, digital)",Energy and non-digital,Later stage,2021,252613680,USD,4
NLD,NETHERLANDS,Fundings of start-ups,"By sector (energy, green, digital)",Energy and non-digital,Later stage,2022,6.114662647,Years,510
NLD,NETHERLANDS,Fundings of start-ups,"By sector (energy, green, digital)",Energy and non-digital,Later stage,2022,99509696,USD,3
NLD,NETHERLANDS,Fundings of start-ups,"By sector (energy, green, digital)",Non-energy,Later stage,2006,15366429,USD,1
NLD,NETHERLANDS,Fundings of start-ups,"By sector (energy, green, digital)",Non-energy,Later stage,2007,6263417.5,USD,2
NLD,NETHERLANDS,Fundings of start-ups,"By sector (energy, green, digital)",Non-energy,Later stage,2008,56230364,USD,3
NLD,NETHERLANDS,Fundings of start-ups,"By sector (energy, green, digital)",Non-energy,Later stage,2009,19429756,USD,3
NLD,NETHERLANDS,Fundings of start-ups,"By sector (energy, green, digital)",Non-energy,Later stage,2010,16638234,USD,3
NLD,NETHERLANDS,Fundings of start-ups,"By sector (energy, green, digital)",Non-energy,Later stage,2011,49963700,USD,2
NLD,NETHERLANDS,Fundings of start-ups,"By sector (energy, green, digital)",Non-energy,Later stage,2012,166839632,USD,4
NLD,NETHERLANDS,Fundings of start-ups,"By sector (energy, green, digital)",Non-energy,Later stage,2013,10294626,USD,5
NLD,NETHERLANDS,Fundings of start-ups,"By sector (energy, green, digital)",Non-energy,Later stage,2014,46529084,USD,6
NLD,NETHERLANDS,Fundings of start-ups,"By sector (energy, green, digital)",Non-energy,Later stage,2015,248626976,USD,7
NLD,NETHERLANDS,Fundings of start-ups,"By sector (energy, green, digital)",Non-energy,Later stage,2016,16824158,USD,8
NLD,NETHERLANDS,Fundings of start-ups,"By sector (energy, green, digital)",Non-energy,Later stage,2017,182955008,USD,17
NLD,NETHERLANDS,Fundings of start-ups,"By sector (energy, green, digital)",Non-energy,Later stage,2018,187914064,USD,16
NLD,NETHERLANDS,Fundings of start-ups,"By sector (energy, green, digital)",Non-energy,Later stage,2019,553362560,USD,16
NLD,NETHERLANDS,Fundings of start-ups,"By sector (energy, green, digital)",Non-energy,Later stage,2020,640219328,USD,16
NLD,NETHERLANDS,Fundings of start-ups,"By sector (energy, green, digital)",Non-energy,Later stage,2021,3374530304,USD,35
NLD,NETHERLANDS,Probability to receive funding,"By sector (energy, green, digital)",Non-energy,Later stage,2021,0.884662509,Percentage,30181
NLD,NETHERLANDS,Fundings of start-ups,"By sector (energy, green, digital)",Non-energy,Later stage,2022,5.446750641,Years,30228
NLD,NETHERLANDS,Fundings of start-ups,"By sector (energy, green, digital)",Non-energy,Later stage,2022,292490912,USD,12
NLD,NETHERLANDS,Fundings of start-ups,By technology,Bioenergy,all,2018,1427888.75,USD,1
NLD,NETHERLANDS,Fundings of start-ups,By technology,Bioenergy,all,2019,2435477.75,USD,1
NLD,NETHERLANDS,Fundings of start-ups,By technology,Electric mobility,all,2009,316949.1875,USD,0.5
NLD,NETHERLANDS,Fundings of start-ups,By technology,Electric mobility,all,2011,1337350.875,USD,0.5
NLD,NETHERLANDS,Fundings of start-ups,By technology,Electric mobility,all,2012,2428338,USD,0.5
NLD,NETHERLANDS,Fundings of start-ups,By technology,Electric mobility,all,2013,6772500.5,USD,0.5
NLD,NETHERLANDS,Fundings of start-ups,By technology,Electric mobility,all,2014,104654.7813,USD,2
NLD,NETHERLANDS,Fundings of start-ups,By technology,Electric mobility,all,2016,127257.0781,USD,2
NLD,NETHERLANDS,Fundings of start-ups,By technology,Electric mobility,all,2017,6015770.5,USD,2
NLD,NETHERLANDS,Fundings of start-ups,By technology,Electric mobility,all,2018,7012808.5,USD,0.666666687
NLD,NETHERLANDS,Fundings of start-ups,By technology,Electric mobility,all,2019,25141870,USD,6.5
NLD,NETHERLANDS,Fundings of start-ups,By technology,Electric mobility,all,2020,57908588,USD,4
NLD,NETHERLANDS,Fundings of start-ups,By technology,Electric mobility,all,2021,164624512,USD,5.166666508
NLD,NETHERLANDS,Fundings of start-ups,By technology,Electric mobility,all,2022,49677144,USD,5.333333492
NLD,NETHERLANDS,Fundings of start-ups,By technology,Energy efficiency,all,2014,3929505.5,USD,1.5
NLD,NETHERLANDS,Fundings of start-ups,By technology,Energy efficiency,all,2015,2420983.75,USD,2.150000095
NLD,NETHERLANDS,Fundings of start-ups,By technology,Energy efficiency,all,2016,437055.1563,USD,3.5
NLD,NETHERLANDS,Fundings of start-ups,By technology,Energy efficiency,all,2017,6567867,USD,4.900000095
NLD,NETHERLANDS,Fundings of start-ups,By technology,Energy efficiency,all,2018,10486578,USD,5.5
NLD,NETHERLANDS,Fundings of start-ups,By technology,Energy efficiency,all,2019,7758216,USD,2.233333349
NLD,NETHERLANDS,Fundings of start-ups,By technology,Energy efficiency,all,2020,4502318.5,USD,1.833333373
NLD,NETHERLANDS,Fundings of start-ups,By technology,Energy efficiency,all,2021,9872490,USD,3.400000095
NLD,NETHERLANDS,Fundings of start-ups,By technology,Energy efficiency,all,2022,19958718,USD,3.900000095
NLD,NETHERLANDS,Fundings of start-ups,By technology,Energy storage and batteries,all,2014,588397.8125,USD,0.200000003
NLD,NETHERLANDS,Fundings of start-ups,By technology,Energy storage and batteries,all,2016,463043.4688,USD,0.200000003
NLD,NETHERLANDS,Fundings of start-ups,By technology,Energy storage and batteries,all,2017,3459346.5,USD,1.399999976
NLD,NETHERLANDS,Fundings of start-ups,By technology,Energy storage and batteries,all,2018,4432901.5,USD,2.200000048
NLD,NETHERLANDS,Fundings of start-ups,By technology,Energy storage and batteries,all,2019,5817038.5,USD,1.399999976
NLD,NETHERLANDS,Fundings of start-ups,By technology,Energy storage and batteries,all,2020,157921.75,USD,0.5
NLD,NETHERLANDS,Fundings of start-ups,By technology,Energy storage and batteries,all,2021,39012716,USD,4
NLD,NETHERLANDS,Fundings of start-ups,By technology,Fossil fuels,all,2015,1989804.75,USD,1
NLD,NETHERLANDS,Fundings of start-ups,By technology,Fossil fuels,all,2017,5348592,USD,2
NLD,NETHERLANDS,Fundings of start-ups,By technology,Fossil fuels,all,2018,2197379,USD,0.5
NLD,NETHERLANDS,Fundings of start-ups,By technology,Fossil fuels,all,2019,88968.79688,USD,1
NLD,NETHERLANDS,Fundings of start-ups,By technology,Fossil fuels,all,2022,3387908,USD,2
NLD,NETHERLANDS,Fundings of start-ups,By technology,Grid,all,2014,9022099,USD,0.666666687
NLD,NETHERLANDS,Fundings of start-ups,By technology,Grid,all,2015,30206168,USD,1.200000048
NLD,NETHERLANDS,Fundings of start-ups,By technology,Grid,all,2016,6945652,USD,0.666666687
NLD,NETHERLANDS,Fundings of start-ups,By technology,Grid,all,2017,269372.0313,USD,0.200000003
NLD,NETHERLANDS,Fundings of start-ups,By technology,Grid,all,2018,39752604,USD,1
NLD,NETHERLANDS,Fundings of start-ups,By technology,Grid,all,2019,832697.4375,USD,0.699999988
NLD,NETHERLANDS,Fundings of start-ups,By technology,Grid,all,2021,35420224,USD,1.366666675
NLD,NETHERLANDS,Fundings of start-ups,By technology,Grid,all,2022,4501426,USD,0.200000003
NLD,NETHERLANDS,Fundings of start-ups,By technology,Other energy,all,2009,194817.0781,USD,0.5
NLD,NETHERLANDS,Fundings of start-ups,By technology,Other energy,all,2013,263391.25,USD,2
NLD,NETHERLANDS,Fundings of start-ups,By technology,Other energy,all,2014,12283843,USD,2.866666555
NLD,NETHERLANDS,Fundings of start-ups,By technology,Other energy,all,2015,32840844,USD,2.366666555
NLD,NETHERLANDS,Fundings of start-ups,By technology,Other energy,all,2016,11570911,USD,4.699999809
NLD,NETHERLANDS,Fundings of start-ups,By technology,Other energy,all,2017,11379672,USD,4.516666889
NLD,NETHERLANDS,Fundings of start-ups,By technology,Other energy,all,2018,55538032,USD,5.866666794
NLD,NETHERLANDS,Fundings of start-ups,By technology,Other energy,all,2019,22146242,USD,6.266666889
NLD,NETHERLANDS,Fundings of start-ups,By technology,Other energy,all,2020,2859426.25,USD,2.666666746
NLD,NETHERLANDS,Fundings of start-ups,By technology,Other energy,all,2021,74987832,USD,4.866666794
NLD,NETHERLANDS,Fundings of start-ups,By technology,Other energy,all,2022,49901196,USD,1.700000048
NLD,NETHERLANDS,Fundings of start-ups,By technology,Other renewables,all,2009,316949.1875,USD,0.5
NLD,NETHERLANDS,Fundings of start-ups,By technology,Other renewables,all,2011,1337350.875,USD,0.5
NLD,NETHERLANDS,Fundings of start-ups,By technology,Other renewables,all,2012,2428338,USD,0.5
NLD,NETHERLANDS,Fundings of start-ups,By technology,Other renewables,all,2013,6772500.5,USD,0.5
NLD,NETHERLANDS,Fundings of start-ups,By technology,Other renewables,all,2014,10287810,USD,2.066666603
NLD,NETHERLANDS,Fundings of start-ups,By technology,Other renewables,all,2015,32857540,USD,2.616666555
NLD,NETHERLANDS,Fundings of start-ups,By technology,Other renewables,all,2016,10178290,USD,3.400000095
NLD,NETHERLANDS,Fundings of start-ups,By technology,Other renewables,all,2017,10540131,USD,3.416666746
NLD,NETHERLANDS,Fundings of start-ups,By technology,Other renewables,all,2018,45788364,USD,4.900000095
NLD,NETHERLANDS,Fundings of start-ups,By technology,Other renewables,all,2019,10249781,USD,4.166666508
NLD,NETHERLANDS,Fundings of start-ups,By technology,Other renewables,all,2020,10131547,USD,4.666666508
NLD,NETHERLANDS,Fundings of start-ups,By technology,Other renewables,all,2021,54948384,USD,4.199999809
NLD,NETHERLANDS,Fundings of start-ups,By technology,Other renewables,all,2022,17950006,USD,1.366666675
NLD,NETHERLANDS,Fundings of start-ups,By technology,Solar,all,2009,194817.0781,USD,0.5
NLD,NETHERLANDS,Fundings of start-ups,By technology,Solar,all,2013,24065.41016,USD,1
NLD,NETHERLANDS,Fundings of start-ups,By technology,Solar,all,2014,2281335.25,USD,1.700000048
NLD,NETHERLANDS,Fundings of start-ups,By technology,Solar,all,2015,5632518.5,USD,3.666666746
NLD,NETHERLANDS,Fundings of start-ups,By technology,Solar,all,2016,1921774.125,USD,2.533333302
NLD,NETHERLANDS,Fundings of start-ups,By technology,Solar,all,2017,9077841,USD,2.566666603
NLD,NETHERLANDS,Fundings of start-ups,By technology,Solar,all,2018,5744851.5,USD,2.366666555
NLD,NETHERLANDS,Fundings of start-ups,By technology,Solar,all,2019,12505313,USD,2.733333349
NLD,NETHERLANDS,Fundings of start-ups,By technology,Solar,all,2020,59841.52344,USD,0.333333343
NLD,NETHERLANDS,Fundings of start-ups,By technology,Solar,all,2021,24976152,USD,1
NLD,NETHERLANDS,Fundings of start-ups,By technology,Solar,all,2022,40170484,USD,1.5
NLD,NETHERLANDS,Probability to receive funding,By technology,Bioenergy,Early stage,2015,28.5714283,Percentage,3.5
NLD,NETHERLANDS,Probability to receive funding,By technology,Bioenergy,Early stage,2016,28.5714283,Percentage,3.5
NLD,NETHERLANDS,Probability to receive funding,By technology,Bioenergy,Early stage,2017,26.08695602,Percentage,3.833333254
NLD,NETHERLANDS,Probability to receive funding,By technology,Bioenergy,Early stage,2018,41.37931061,Percentage,4.833333492
NLD,NETHERLANDS,Probability to receive funding,By technology,Bioenergy,Early stage,2019,41.37931061,Percentage,4.833333492
NLD,NETHERLANDS,Probability to receive funding,By technology,Bioenergy,Early stage,2020,41.37931061,Percentage,4.833333492
NLD,NETHERLANDS,Probability to receive funding,By technology,Bioenergy,Early stage,2021,41.37931061,Percentage,4.833333492
NLD,NETHERLANDS,Fundings of start-ups,By technology,Bioenergy,Early stage,2022,3.310958862,Years,4.833333492
NLD,NETHERLANDS,Fundings of start-ups,By technology,Clean energy,Early stage,2009,1023532.563,USD,2
NLD,NETHERLANDS,Fundings of start-ups,By technology,Clean energy,Early stage,2011,2674701.75,USD,1
NLD,NETHERLANDS,Fundings of start-ups,By technology,Clean energy,Early stage,2012,4856676,USD,1
NLD,NETHERLANDS,Fundings of start-ups,By technology,Clean energy,Early stage,2014,31087774,USD,6
NLD,NETHERLANDS,Fundings of start-ups,By technology,Clean energy,Early stage,2015,3043425.25,USD,2
NLD,NETHERLANDS,Fundings of start-ups,By technology,Clean energy,Early stage,2016,2425454.25,USD,5
NLD,NETHERLANDS,Fundings of start-ups,By technology,Clean energy,Early stage,2017,37265540,USD,10
NLD,NETHERLANDS,Fundings of start-ups,By technology,Clean energy,Early stage,2018,33010388,USD,10
NLD,NETHERLANDS,Fundings of start-ups,By technology,Clean energy,Early stage,2019,37657896,USD,13
NLD,NETHERLANDS,Fundings of start-ups,By technology,Clean energy,Early stage,2020,56502180,USD,9
NLD,NETHERLANDS,Probability to receive funding,By technology,Clean energy,Early stage,2021,13.55140209,Percentage,428
NLD,NETHERLANDS,Fundings of start-ups,By technology,Clean energy,Early stage,2021,59115012,USD,12
NLD,NETHERLANDS,Fundings of start-ups,By technology,Clean energy,Early stage,2022,3.860321283,Years,430
NLD,NETHERLANDS,Fundings of start-ups,By technology,Clean energy,Early stage,2022,43711932,USD,6
NLD,NETHERLANDS,Probability to receive funding,By technology,Electric mobility,Early stage,2015,14.04109573,Percentage,48.66666794
NLD,NETHERLANDS,Probability to receive funding,By technology,Electric mobility,Early stage,2016,15.26479721,Percentage,53.5
NLD,NETHERLANDS,Probability to receive funding,By technology,Electric mobility,Early stage,2017,14.21188641,Percentage,64.5
NLD,NETHERLANDS,Probability to receive funding,By technology,Electric mobility,Early stage,2018,12.06140327,Percentage,76
NLD,NETHERLANDS,Probability to receive funding,By technology,Electric mobility,Early stage,2019,14.39393902,Percentage,88
NLD,NETHERLANDS,Probability to receive funding,By technology,Electric mobility,Early stage,2020,15.3558054,Percentage,89
NLD,NETHERLANDS,Probability to receive funding,By technology,Electric mobility,Early stage,2021,16.29629707,Percentage,90
NLD,NETHERLANDS,Fundings of start-ups,By technology,Electric mobility,Early stage,2022,4.074346066,Years,90
NLD,NETHERLANDS,Probability to receive funding,By technology,Energy efficiency,Early stage,2015,4.552715778,Percentage,215.6222229
NLD,NETHERLANDS,Probability to receive funding,By technology,Energy efficiency,Early stage,2016,5.083463192,Percentage,242.2888947
NLD,NETHERLANDS,Probability to receive funding,By technology,Energy efficiency,Early stage,2017,5.386480331,Percentage,265.7888794
NLD,NETHERLANDS,Probability to receive funding,By technology,Energy efficiency,Early stage,2018,5.657234669,Percentage,300.2055664
NLD,NETHERLANDS,Probability to receive funding,By technology,Energy efficiency,Early stage,2019,5.275817394,Percentage,327.3246155
NLD,NETHERLANDS,Probability to receive funding,By technology,Energy efficiency,Early stage,2020,5.275817394,Percentage,327.3246155
NLD,NETHERLANDS,Probability to receive funding,By technology,Energy efficiency,Early stage,2021,5.243776798,Percentage,329.3246155
NLD,NETHERLANDS,Fundings of start-ups,By technology,Energy efficiency,Early stage,2022,3.434052706,Years,329.3246155
NLD,NETHERLANDS,Probability to receive funding,By technology,Energy storage and batteries,Early stage,2015,1.306240916,Percentage,15.31111145
NLD,NETHERLANDS,Probability to receive funding,By technology,Energy storage and batteries,Early stage,2016,9.200240135,Percentage,18.47777748
NLD,NETHERLANDS,Probability to receive funding,By technology,Energy storage and batteries,Early stage,2017,8.617290497,Percentage,19.72777748
NLD,NETHERLANDS,Probability to receive funding,By technology,Energy storage and batteries,Early stage,2018,8.59962368,Percentage,23.64444351
NLD,NETHERLANDS,Probability to receive funding,By technology,Energy storage and batteries,Early stage,2019,7.777305603,Percentage,26.14444351
NLD,NETHERLANDS,Probability to receive funding,By technology,Energy storage and batteries,Early stage,2020,11.17478466,Percentage,27.14444351
NLD,NETHERLANDS,Probability to receive funding,By technology,Energy storage and batteries,Early stage,2021,11.17478466,Percentage,27.14444351
NLD,NETHERLANDS,Fundings of start-ups,By technology,Energy storage and batteries,Early stage,2022,2.387927055,Years,27.14444351
NLD,NETHERLANDS,Probability to receive funding,By technology,Fossil fuels,Early stage,2015,5.917159557,Percentage,42.25
NLD,NETHERLANDS,Probability to receive funding,By technology,Fossil fuels,Early stage,2016,5.084745884,Percentage,49.16666794
NLD,NETHERLANDS,Probability to receive funding,By technology,Fossil fuels,Early stage,2017,5.696202755,Percentage,52.66666794
NLD,NETHERLANDS,Probability to receive funding,By technology,Fossil fuels,Early stage,2018,5.590062141,Percentage,53.66666794
NLD,NETHERLANDS,Probability to receive funding,By technology,Fossil fuels,Early stage,2019,5.294117451,Percentage,56.66666794
NLD,NETHERLANDS,Probability to receive funding,By technology,Fossil fuels,Early stage,2020,5.263157845,Percentage,57
NLD,NETHERLANDS,Probability to receive funding,By technology,Fossil fuels,Early stage,2021,6.837606907,Percentage,58.5
NLD,NETHERLANDS,Fundings of start-ups,By technology,Fossil fuels,Early stage,2022,1.906164408,Years,58.5
NLD,NETHERLANDS,Probability to receive funding,By technology,Grid,Early stage,2015,1.98922503,Percentage,26.81111145
NLD,NETHERLANDS,Probability to receive funding,By technology,Grid,Early stage,2016,1.900613785,Percentage,28.06111145
NLD,NETHERLANDS,Probability to receive funding,By technology,Grid,Early stage,2017,1.835213184,Percentage,29.06111145
NLD,NETHERLANDS,Probability to receive funding,By technology,Grid,Early stage,2018,1.717045307,Percentage,31.06111145
NLD,NETHERLANDS,Probability to receive funding,By technology,Grid,Early stage,2019,3.897108793,Percentage,33.84682465
NLD,NETHERLANDS,Probability to receive funding,By technology,Grid,Early stage,2020,3.785273314,Percentage,34.84682465
NLD,NETHERLANDS,Probability to receive funding,By technology,Grid,Early stage,2021,3.785273314,Percentage,34.84682465
NLD,NETHERLANDS,Fundings of start-ups,By technology,Grid,Early stage,2022,2.085139275,Years,34.84682465
NLD,NETHERLANDS,Probability to receive funding,By technology,Hydrogen and fuel cells,Early stage,2015,0,Percentage,1.166666627
NLD,NETHERLANDS,Probability to receive funding,By technology,Hydrogen and fuel cells,Early stage,2016,0,Percentage,1.666666627
NLD,NETHERLANDS,Probability to receive funding,By technology,Hydrogen and fuel cells,Early stage,2017,0,Percentage,1.666666627
NLD,NETHERLANDS,Probability to receive funding,By technology,Hydrogen and fuel cells,Early stage,2018,0,Percentage,1.916666627
NLD,NETHERLANDS,Probability to receive funding,By technology,Hydrogen and fuel cells,Early stage,2019,0,Percentage,1.916666627
NLD,NETHERLANDS,Probability to receive funding,By technology,Hydrogen and fuel cells,Early stage,2020,0,Percentage,1.916666627
NLD,NETHERLANDS,Probability to receive funding,By technology,Hydrogen and fuel cells,Early stage,2021,0,Percentage,1.916666627
NLD,NETHERLANDS,Fundings of start-ups,By technology,Non-clean energy,Early stage,2013,48130.82031,USD,2
NLD,NETHERLANDS,Fundings of start-ups,By technology,Non-clean energy,Early stage,2014,4321826.5,USD,3
NLD,NETHERLANDS,Fundings of start-ups,By technology,Non-clean energy,Early stage,2015,2262969.75,USD,3
NLD,NETHERLANDS,Fundings of start-ups,By technology,Non-clean energy,Early stage,2016,3885142,USD,5
NLD,NETHERLANDS,Fundings of start-ups,By technology,Non-clean energy,Early stage,2017,5611987,USD,6
NLD,NETHERLANDS,Fundings of start-ups,By technology,Non-clean energy,Early stage,2018,7455916.5,USD,6
NLD,NETHERLANDS,Fundings of start-ups,By technology,Non-clean energy,Early stage,2020,4087878.75,USD,1
NLD,NETHERLANDS,Fundings of start-ups,By technology,Non-clean energy,Early stage,2021,6451369.5,USD,3
NLD,NETHERLANDS,Probability to receive funding,By technology,Non-clean energy,Early stage,2021,4.51977396,Percentage,531
NLD,NETHERLANDS,Fundings of start-ups,By technology,Non-clean energy,Early stage,2022,5078906,USD,3
NLD,NETHERLANDS,Fundings of start-ups,By technology,Non-clean energy,Early stage,2022,2.191438437,Years,533
NLD,NETHERLANDS,Probability to receive funding,By technology,Other energy,Early stage,2015,8.662496567,Percentage,129.6777802
NLD,NETHERLANDS,Probability to receive funding,By technology,Other energy,Early stage,2016,9.120874405,Percentage,143.2611084
NLD,NETHERLANDS,Probability to receive funding,By technology,Other energy,Early stage,2017,9.294471741,Percentage,151.3444519
NLD,NETHERLANDS,Probability to receive funding,By technology,Other energy,Early stage,2018,9.583107948,Percentage,164.1777802
NLD,NETHERLANDS,Probability to receive funding,By technology,Other energy,Early stage,2019,9.639357567,Percentage,166.6777802
NLD,NETHERLANDS,Probability to receive funding,By technology,Other energy,Early stage,2020,9.534484863,Percentage,168.5111084
NLD,NETHERLANDS,Probability to receive funding,By technology,Other energy,Early stage,2021,9.534484863,Percentage,168.5111084
NLD,NETHERLANDS,Fundings of start-ups,By technology,Other energy,Early stage,2022,3.401759148,Years,168.5111084
NLD,NETHERLANDS,Probability to receive funding,By technology,Other renewables,Early stage,2015,10.12322712,Percentage,77.54444122
NLD,NETHERLANDS,Probability to receive funding,By technology,Other renewables,Early stage,2016,10.13062096,Percentage,92.29444122
NLD,NETHERLANDS,Probability to receive funding,By technology,Other renewables,Early stage,2017,10.4498539,Percentage,99.04444122
NLD,NETHERLANDS,Probability to receive funding,By technology,Other renewables,Early stage,2018,10.60888863,Percentage,110.1277771
NLD,NETHERLANDS,Probability to receive funding,By technology,Other renewables,Early stage,2019,10.8633337,Percentage,113.2468262
NLD,NETHERLANDS,Probability to receive funding,By technology,Other renewables,Early stage,2020,10.59817696,Percentage,116.080162
NLD,NETHERLANDS,Probability to receive funding,By technology,Other renewables,Early stage,2021,11.21805,Percentage,118.580162
NLD,NETHERLANDS,Fundings of start-ups,By technology,Other renewables,Early stage,2022,3.52399826,Years,118.580162
NLD,NETHERLANDS,Probability to receive funding,By technology,Solar,Early stage,2015,12.582551,Percentage,47.95000076
NLD,NETHERLANDS,Probability to receive funding,By technology,Solar,Early stage,2016,11.8744173,Percentage,53.61666489
NLD,NETHERLANDS,Probability to receive funding,By technology,Solar,Early stage,2017,11.46993351,Percentage,59.86666489
NLD,NETHERLANDS,Probability to receive funding,By technology,Solar,Early stage,2018,10.38568211,Percentage,66.1166687
NLD,NETHERLANDS,Probability to receive funding,By technology,Solar,Early stage,2019,10.70498848,Percentage,68.59285736
NLD,NETHERLANDS,Probability to receive funding,By technology,Solar,Early stage,2020,10.55116463,Percentage,69.59285736
NLD,NETHERLANDS,Probability to receive funding,By technology,Solar,Early stage,2021,10.55116463,Percentage,69.59285736
NLD,NETHERLANDS,Fundings of start-ups,By technology,Solar,Early stage,2022,3.325959921,Years,69.59285736
NLD,NETHERLANDS,Probability to receive funding,By technology,Wind,Early stage,2015,0,Percentage,8.5
NLD,NETHERLANDS,Probability to receive funding,By technology,Wind,Early stage,2016,0,Percentage,11.16666698
NLD,NETHERLANDS,Probability to receive funding,By technology,Wind,Early stage,2017,0,Percentage,11.5
NLD,NETHERLANDS,Probability to receive funding,By technology,Wind,Early stage,2018,0,Percentage,12.25
NLD,NETHERLANDS,Probability to receive funding,By technology,Wind,Early stage,2019,0,Percentage,12.75
NLD,NETHERLANDS,Probability to receive funding,By technology,Wind,Early stage,2020,0,Percentage,12.75
NLD,NETHERLANDS,Probability to receive funding,By technology,Wind,Early stage,2021,0,Percentage,12.75
NLD,NETHERLANDS,Probability to receive funding,By technology,Bioenergy,Later stage,2015,14.28571415,Percentage,3.5
NLD,NETHERLANDS,Probability to receive funding,By technology,Bioenergy,Later stage,2016,14.28571415,Percentage,3.5
NLD,NETHERLANDS,Probability to receive funding,By technology,Bioenergy,Later stage,2017,13.04347801,Percentage,3.833333254
NLD,NETHERLANDS,Probability to receive funding,By technology,Bioenergy,Later stage,2018,10.34482765,Percentage,4.833333492
NLD,NETHERLANDS,Probability to receive funding,By technology,Bioenergy,Later stage,2019,10.34482765,Percentage,4.833333492
NLD,NETHERLANDS,Probability to receive funding,By technology,Bioenergy,Later stage,2020,10.34482765,Percentage,4.833333492
NLD,NETHERLANDS,Probability to receive funding,By technology,Bioenergy,Later stage,2021,10.34482765,Percentage,4.833333492
NLD,NETHERLANDS,Fundings of start-ups,By technology,Bioenergy,Later stage,2022,4.446575165,Years,4.833333492
NLD,NETHERLANDS,Fundings of start-ups,By technology,Clean energy,Later stage,2013,13545001,USD,1
NLD,NETHERLANDS,Fundings of start-ups,By technology,Clean energy,Later stage,2014,2941989,USD,1
NLD,NETHERLANDS,Fundings of start-ups,By technology,Clean energy,Later stage,2015,34607584,USD,2
NLD,NETHERLANDS,Fundings of start-ups,By technology,Clean energy,Later stage,2016,12320729,USD,2
NLD,NETHERLANDS,Fundings of start-ups,By technology,Clean energy,Later stage,2018,66789976,USD,3
NLD,NETHERLANDS,Fundings of start-ups,By technology,Clean energy,Later stage,2019,1515753.625,USD,1
NLD,NETHERLANDS,Fundings of start-ups,By technology,Clean energy,Later stage,2020,14551644,USD,1
NLD,NETHERLANDS,Probability to receive funding,By technology,Clean energy,Later stage,2021,7.476635456,Percentage,428
NLD,NETHERLANDS,Fundings of start-ups,By technology,Clean energy,Later stage,2021,279349248,USD,5
NLD,NETHERLANDS,Fundings of start-ups,By technology,Clean energy,Later stage,2022,4.882791042,Years,430
NLD,NETHERLANDS,Fundings of start-ups,By technology,Clean energy,Later stage,2022,136511056,USD,5
NLD,NETHERLANDS,Probability to receive funding,By technology,Electric mobility,Later stage,2015,7.191781044,Percentage,48.66666794
NLD,NETHERLANDS,Probability to receive funding,By technology,Electric mobility,Later stage,2016,7.165109158,Percentage,53.5
NLD,NETHERLANDS,Probability to receive funding,By technology,Electric mobility,Later stage,2017,5.943152428,Percentage,64.5
NLD,NETHERLANDS,Probability to receive funding,By technology,Electric mobility,Later stage,2018,5.043859482,Percentage,76
NLD,NETHERLANDS,Probability to receive funding,By technology,Electric mobility,Later stage,2019,6.628787994,Percentage,88
NLD,NETHERLANDS,Probability to receive funding,By technology,Electric mobility,Later stage,2020,6.554306984,Percentage,89
NLD,NETHERLANDS,Probability to receive funding,By technology,Electric mobility,Later stage,2021,7.592592716,Percentage,90
NLD,NETHERLANDS,Fundings of start-ups,By technology,Electric mobility,Later stage,2022,4.554627419,Years,90
NLD,NETHERLANDS,Probability to receive funding,By technology,Energy efficiency,Later stage,2015,1.731423259,Percentage,215.6222229
NLD,NETHERLANDS,Probability to receive funding,By technology,Energy efficiency,Later stage,2016,1.747225523,Percentage,242.2888947
NLD,NETHERLANDS,Probability to receive funding,By technology,Energy efficiency,Later stage,2017,1.592742801,Percentage,265.7888794
NLD,NETHERLANDS,Probability to receive funding,By technology,Energy efficiency,Later stage,2018,1.743250012,Percentage,300.2055664
NLD,NETHERLANDS,Probability to receive funding,By technology,Energy efficiency,Later stage,2019,1.598820686,Percentage,327.3246155
NLD,NETHERLANDS,Probability to receive funding,By technology,Energy efficiency,Later stage,2020,1.598820686,Percentage,327.3246155
NLD,NETHERLANDS,Probability to receive funding,By technology,Energy efficiency,Later stage,2021,1.58911097,Percentage,329.3246155
NLD,NETHERLANDS,Fundings of start-ups,By technology,Energy efficiency,Later stage,2022,5.029369354,Years,329.3246155
NLD,NETHERLANDS,Probability to receive funding,By technology,Energy storage and batteries,Later stage,2015,1.306240916,Percentage,15.31111145
NLD,NETHERLANDS,Probability to receive funding,By technology,Energy storage and batteries,Later stage,2016,6.494287491,Percentage,18.47777748
NLD,NETHERLANDS,Probability to receive funding,By technology,Energy storage and batteries,Later stage,2017,6.082793713,Percentage,19.72777748
NLD,NETHERLANDS,Probability to receive funding,By technology,Energy storage and batteries,Later stage,2018,5.07518816,Percentage,23.64444351
NLD,NETHERLANDS,Probability to receive funding,By technology,Energy storage and batteries,Later stage,2019,8.4147892,Percentage,26.14444351
NLD,NETHERLANDS,Probability to receive funding,By technology,Energy storage and batteries,Later stage,2020,8.10478878,Percentage,27.14444351
NLD,NETHERLANDS,Probability to receive funding,By technology,Energy storage and batteries,Later stage,2021,8.10478878,Percentage,27.14444351
NLD,NETHERLANDS,Fundings of start-ups,By technology,Energy storage and batteries,Later stage,2022,3.29838109,Years,27.14444351
NLD,NETHERLANDS,Probability to receive funding,By technology,Fossil fuels,Later stage,2015,8.678501129,Percentage,42.25
NLD,NETHERLANDS,Probability to receive funding,By technology,Fossil fuels,Later stage,2016,7.457627296,Percentage,49.16666794
NLD,NETHERLANDS,Probability to receive funding,By technology,Fossil fuels,Later stage,2017,6.962025166,Percentage,52.66666794
NLD,NETHERLANDS,Probability to receive funding,By technology,Fossil fuels,Later stage,2018,6.832298279,Percentage,53.66666794
NLD,NETHERLANDS,Probability to receive funding,By technology,Fossil fuels,Later stage,2019,6.470588207,Percentage,56.66666794
NLD,NETHERLANDS,Probability to receive funding,By technology,Fossil fuels,Later stage,2020,6.432748318,Percentage,57
NLD,NETHERLANDS,Probability to receive funding,By technology,Fossil fuels,Later stage,2021,6.267806053,Percentage,58.5
NLD,NETHERLANDS,Fundings of start-ups,By technology,Fossil fuels,Later stage,2022,5.363885403,Years,58.5
NLD,NETHERLANDS,Probability to receive funding,By technology,Grid,Later stage,2015,5.719021797,Percentage,26.81111145
NLD,NETHERLANDS,Probability to receive funding,By technology,Grid,Later stage,2016,7.246089935,Percentage,28.06111145
NLD,NETHERLANDS,Probability to receive funding,By technology,Grid,Later stage,2017,6.996750355,Percentage,29.06111145
NLD,NETHERLANDS,Probability to receive funding,By technology,Grid,Later stage,2018,6.546235085,Percentage,31.06111145
NLD,NETHERLANDS,Probability to receive funding,By technology,Grid,Later stage,2019,6.007456779,Percentage,33.84682465
NLD,NETHERLANDS,Probability to receive funding,By technology,Grid,Later stage,2020,5.835060596,Percentage,34.84682465
NLD,NETHERLANDS,Probability to receive funding,By technology,Grid,Later stage,2021,5.835060596,Percentage,34.84682465
NLD,NETHERLANDS,Fundings of start-ups,By technology,Grid,Later stage,2022,5.935055256,Years,34.84682465
NLD,NETHERLANDS,Probability to receive funding,By technology,Hydrogen and fuel cells,Later stage,2015,0,Percentage,1.166666627
NLD,NETHERLANDS,Probability to receive funding,By technology,Hydrogen and fuel cells,Later stage,2016,0,Percentage,1.666666627
NLD,NETHERLANDS,Probability to receive funding,By technology,Hydrogen and fuel cells,Later stage,2017,0,Percentage,1.666666627
NLD,NETHERLANDS,Probability to receive funding,By technology,Hydrogen and fuel cells,Later stage,2018,0,Percentage,1.916666627
NLD,NETHERLANDS,Probability to receive funding,By technology,Hydrogen and fuel cells,Later stage,2019,0,Percentage,1.916666627
NLD,NETHERLANDS,Probability to receive funding,By technology,Hydrogen and fuel cells,Later stage,2020,0,Percentage,1.916666627
NLD,NETHERLANDS,Probability to receive funding,By technology,Hydrogen and fuel cells,Later stage,2021,0,Percentage,1.916666627
NLD,NETHERLANDS,Fundings of start-ups,By technology,Non-clean energy,Later stage,2019,1196712.25,USD,1
NLD,NETHERLANDS,Fundings of start-ups,By technology,Non-clean energy,Later stage,2021,6216787,USD,1
NLD,NETHERLANDS,Probability to receive funding,By technology,Non-clean energy,Later stage,2021,2.448210955,Percentage,531
NLD,NETHERLANDS,Fundings of start-ups,By technology,Non-clean energy,Later stage,2022,2017755,USD,2
NLD,NETHERLANDS,Fundings of start-ups,By technology,Non-clean energy,Later stage,2022,6.399367809,Years,533
NLD,NETHERLANDS,Probability to receive funding,By technology,Other energy,Later stage,2015,5.32088089,Percentage,129.6777802
NLD,NETHERLANDS,Probability to receive funding,By technology,Other energy,Later stage,2016,5.863419533,Percentage,143.2611084
NLD,NETHERLANDS,Probability to receive funding,By technology,Other energy,Later stage,2017,5.550253391,Percentage,151.3444519
NLD,NETHERLANDS,Probability to receive funding,By technology,Other energy,Later stage,2018,5.268679142,Percentage,164.1777802
NLD,NETHERLANDS,Probability to receive funding,By technology,Other energy,Later stage,2019,5.189653873,Percentage,166.6777802
NLD,NETHERLANDS,Probability to receive funding,By technology,Other energy,Later stage,2020,5.133192539,Percentage,168.5111084
NLD,NETHERLANDS,Probability to receive funding,By technology,Other energy,Later stage,2021,5.133192539,Percentage,168.5111084
NLD,NETHERLANDS,Fundings of start-ups,By technology,Other energy,Later stage,2022,5.27956295,Years,168.5111084
NLD,NETHERLANDS,Probability to receive funding,By technology,Other renewables,Later stage,2015,9.800830841,Percentage,77.54444122
NLD,NETHERLANDS,Probability to receive funding,By technology,Other renewables,Later stage,2016,9.137422562,Percentage,92.29444122
NLD,NETHERLANDS,Probability to receive funding,By technology,Other renewables,Later stage,2017,8.514696121,Percentage,99.04444122
NLD,NETHERLANDS,Probability to receive funding,By technology,Other renewables,Later stage,2018,7.884780407,Percentage,110.1277771
NLD,NETHERLANDS,Probability to receive funding,By technology,Other renewables,Later stage,2019,7.667617321,Percentage,113.2468262
NLD,NETHERLANDS,Probability to receive funding,By technology,Other renewables,Later stage,2020,8.341937065,Percentage,116.080162
NLD,NETHERLANDS,Probability to receive funding,By technology,Other renewables,Later stage,2021,8.166065216,Percentage,118.580162
NLD,NETHERLANDS,Fundings of start-ups,By technology,Other renewables,Later stage,2022,4.857708931,Years,118.580162
NLD,NETHERLANDS,Probability to receive funding,By technology,Solar,Later stage,2015,4.935697079,Percentage,47.95000076
NLD,NETHERLANDS,Probability to receive funding,By technology,Solar,Later stage,2016,5.657444954,Percentage,53.61666489
NLD,NETHERLANDS,Probability to receive funding,By technology,Solar,Later stage,2017,5.066815376,Percentage,59.86666489
NLD,NETHERLANDS,Probability to receive funding,By technology,Solar,Later stage,2018,4.965969086,Percentage,66.1166687
NLD,NETHERLANDS,Probability to receive funding,By technology,Solar,Later stage,2019,4.786698818,Percentage,68.59285736
NLD,NETHERLANDS,Probability to receive funding,By technology,Solar,Later stage,2020,4.717916965,Percentage,69.59285736
NLD,NETHERLANDS,Probability to receive funding,By technology,Solar,Later stage,2021,4.717916965,Percentage,69.59285736
NLD,NETHERLANDS,Fundings of start-ups,By technology,Solar,Later stage,2022,6.98916626,Years,69.59285736
NLD,NETHERLANDS,Probability to receive funding,By technology,Wind,Later stage,2015,0,Percentage,8.5
NLD,NETHERLANDS,Probability to receive funding,By technology,Wind,Later stage,2016,5.97014904,Percentage,11.16666698
NLD,NETHERLANDS,Probability to receive funding,By technology,Wind,Later stage,2017,5.797101498,Percentage,11.5
NLD,NETHERLANDS,Probability to receive funding,By technology,Wind,Later stage,2018,7.482993126,Percentage,12.25
NLD,NETHERLANDS,Probability to receive funding,By technology,Wind,Later stage,2019,7.189542294,Percentage,12.75
NLD,NETHERLANDS,Probability to receive funding,By technology,Wind,Later stage,2020,7.189542294,Percentage,12.75
NLD,NETHERLANDS,Probability to receive funding,By technology,Wind,Later stage,2021,7.189542294,Percentage,12.75
NCL,NEW CALEDONIA,Probability to receive funding,"By sector (energy, green, digital)",Energy,Early stage,2021,0,Percentage,1
NCL,NEW CALEDONIA,Probability to receive funding,"By sector (energy, green, digital)",Energy and non-digital,Early stage,2021,0,Percentage,1
NCL,NEW CALEDONIA,Probability to receive funding,"By sector (energy, green, digital)",Non-energy,Early stage,2021,0,Percentage,10
NCL,NEW CALEDONIA,Probability to receive funding,"By sector (energy, green, digital)",Energy,Later stage,2021,0,Percentage,1
NCL,NEW CALEDONIA,Probability to receive funding,"By sector (energy, green, digital)",Energy and non-digital,Later stage,2021,0,Percentage,1
NCL,NEW CALEDONIA,Probability to receive funding,"By sector (energy, green, digital)",Non-energy,Later stage,2021,0,Percentage,10
NCL,NEW CALEDONIA,Probability to receive funding,By technology,Clean energy,Early stage,2021,0,Percentage,1
NCL,NEW CALEDONIA,Probability to receive funding,By technology,Other energy,Early stage,2015,0,Percentage,0.5
NCL,NEW CALEDONIA,Probability to receive funding,By technology,Other energy,Early stage,2016,0,Percentage,0.5
NCL,NEW CALEDONIA,Probability to receive funding,By technology,Other energy,Early stage,2017,0,Percentage,0.5
NCL,NEW CALEDONIA,Probability to receive funding,By technology,Other energy,Early stage,2018,0,Percentage,0.5
NCL,NEW CALEDONIA,Probability to receive funding,By technology,Other energy,Early stage,2019,0,Percentage,0.5
NCL,NEW CALEDONIA,Probability to receive funding,By technology,Other energy,Early stage,2020,0,Percentage,0.5
NCL,NEW CALEDONIA,Probability to receive funding,By technology,Other energy,Early stage,2021,0,Percentage,0.5
NCL,NEW CALEDONIA,Probability to receive funding,By technology,Other renewables,Early stage,2015,0,Percentage,0.5
NCL,NEW CALEDONIA,Probability to receive funding,By technology,Other renewables,Early stage,2016,0,Percentage,0.5
NCL,NEW CALEDONIA,Probability to receive funding,By technology,Other renewables,Early stage,2017,0,Percentage,0.5
NCL,NEW CALEDONIA,Probability to receive funding,By technology,Other renewables,Early stage,2018,0,Percentage,0.5
NCL,NEW CALEDONIA,Probability to receive funding,By technology,Other renewables,Early stage,2019,0,Percentage,0.5
NCL,NEW CALEDONIA,Probability to receive funding,By technology,Other renewables,Early stage,2020,0,Percentage,0.5
NCL,NEW CALEDONIA,Probability to receive funding,By technology,Other renewables,Early stage,2021,0,Percentage,0.5
NCL,NEW CALEDONIA,Probability to receive funding,By technology,Clean energy,Later stage,2021,0,Percentage,1
NCL,NEW CALEDONIA,Probability to receive funding,By technology,Other energy,Later stage,2015,0,Percentage,0.5
NCL,NEW CALEDONIA,Probability to receive funding,By technology,Other energy,Later stage,2016,0,Percentage,0.5
NCL,NEW CALEDONIA,Probability to receive funding,By technology,Other energy,Later stage,2017,0,Percentage,0.5
NCL,NEW CALEDONIA,Probability to receive funding,By technology,Other energy,Later stage,2018,0,Percentage,0.5
NCL,NEW CALEDONIA,Probability to receive funding,By technology,Other energy,Later stage,2019,0,Percentage,0.5
NCL,NEW CALEDONIA,Probability to receive funding,By technology,Other energy,Later stage,2020,0,Percentage,0.5
NCL,NEW CALEDONIA,Probability to receive funding,By technology,Other energy,Later stage,2021,0,Percentage,0.5
NCL,NEW CALEDONIA,Probability to receive funding,By technology,Other renewables,Later stage,2015,0,Percentage,0.5
NCL,NEW CALEDONIA,Probability to receive funding,By technology,Other renewables,Later stage,2016,0,Percentage,0.5
NCL,NEW CALEDONIA,Probability to receive funding,By technology,Other renewables,Later stage,2017,0,Percentage,0.5
NCL,NEW CALEDONIA,Probability to receive funding,By technology,Other renewables,Later stage,2018,0,Percentage,0.5
NCL,NEW CALEDONIA,Probability to receive funding,By technology,Other renewables,Later stage,2019,0,Percentage,0.5
NCL,NEW CALEDONIA,Probability to receive funding,By technology,Other renewables,Later stage,2020,0,Percentage,0.5
NCL,NEW CALEDONIA,Probability to receive funding,By technology,Other renewables,Later stage,2021,0,Percentage,0.5
NZL,NEW ZEALAND,Fundings of start-ups,"By sector (energy, green, digital)",Energy,Early stage,2017,3100687.5,USD,1
NZL,NEW ZEALAND,Fundings of start-ups,"By sector (energy, green, digital)",Energy,Early stage,2019,696716.5,USD,1
NZL,NEW ZEALAND,Probability to receive funding,"By sector (energy, green, digital)",Energy,Early stage,2021,2.439024448,Percentage,82
NZL,NEW ZEALAND,Fundings of start-ups,"By sector (energy, green, digital)",Energy,Early stage,2021,10289855,USD,1
NZL,NEW ZEALAND,Fundings of start-ups,"By sector (energy, green, digital)",Energy,Early stage,2022,4500000,USD,1
NZL,NEW ZEALAND,Fundings of start-ups,"By sector (energy, green, digital)",Energy,Early stage,2022,1.822831035,Years,83
NZL,NEW ZEALAND,Fundings of start-ups,"By sector (energy, green, digital)",Energy and digital,Early stage,2017,3100687.5,USD,1
NZL,NEW ZEALAND,Fundings of start-ups,"By sector (energy, green, digital)",Energy and digital,Early stage,2021,10289855,USD,1
NZL,NEW ZEALAND,Probability to receive funding,"By sector (energy, green, digital)",Energy and digital,Early stage,2021,5,Percentage,20
NZL,NEW ZEALAND,Fundings of start-ups,"By sector (energy, green, digital)",Energy and digital,Early stage,2022,2.134246588,Years,20
NZL,NEW ZEALAND,Fundings of start-ups,"By sector (energy, green, digital)",Energy and non-digital,Early stage,2019,696716.5,USD,1
NZL,NEW ZEALAND,Probability to receive funding,"By sector (energy, green, digital)",Energy and non-digital,Early stage,2021,1.612903237,Percentage,62
NZL,NEW ZEALAND,Fundings of start-ups,"By sector (energy, green, digital)",Energy and non-digital,Early stage,2022,1.667123318,Years,63
NZL,NEW ZEALAND,Fundings of start-ups,"By sector (energy, green, digital)",Energy and non-digital,Early stage,2022,4500000,USD,1
NZL,NEW ZEALAND,Fundings of start-ups,"By sector (energy, green, digital)",Non-energy,Early stage,2000,24204546,USD,1
NZL,NEW ZEALAND,Fundings of start-ups,"By sector (energy, green, digital)",Non-energy,Early stage,2005,1987047,USD,1
NZL,NEW ZEALAND,Fundings of start-ups,"By sector (energy, green, digital)",Non-energy,Early stage,2007,19444622,USD,2
NZL,NEW ZEALAND,Fundings of start-ups,"By sector (energy, green, digital)",Non-energy,Early stage,2008,1699231.375,USD,3
NZL,NEW ZEALAND,Fundings of start-ups,"By sector (energy, green, digital)",Non-energy,Early stage,2009,6833790.5,USD,3
NZL,NEW ZEALAND,Fundings of start-ups,"By sector (energy, green, digital)",Non-energy,Early stage,2010,25898120,USD,3
NZL,NEW ZEALAND,Fundings of start-ups,"By sector (energy, green, digital)",Non-energy,Early stage,2011,2551181.5,USD,3
NZL,NEW ZEALAND,Fundings of start-ups,"By sector (energy, green, digital)",Non-energy,Early stage,2012,11220688,USD,12
NZL,NEW ZEALAND,Fundings of start-ups,"By sector (energy, green, digital)",Non-energy,Early stage,2013,12948131,USD,20
NZL,NEW ZEALAND,Fundings of start-ups,"By sector (energy, green, digital)",Non-energy,Early stage,2014,36297084,USD,16
NZL,NEW ZEALAND,Fundings of start-ups,"By sector (energy, green, digital)",Non-energy,Early stage,2015,47659200,USD,32
NZL,NEW ZEALAND,Fundings of start-ups,"By sector (energy, green, digital)",Non-energy,Early stage,2016,87536160,USD,33
NZL,NEW ZEALAND,Fundings of start-ups,"By sector (energy, green, digital)",Non-energy,Early stage,2017,42155236,USD,23
NZL,NEW ZEALAND,Fundings of start-ups,"By sector (energy, green, digital)",Non-energy,Early stage,2018,75327912,USD,26
NZL,NEW ZEALAND,Fundings of start-ups,"By sector (energy, green, digital)",Non-energy,Early stage,2019,49034056,USD,21
NZL,NEW ZEALAND,Fundings of start-ups,"By sector (energy, green, digital)",Non-energy,Early stage,2020,148670112,USD,24
NZL,NEW ZEALAND,Fundings of start-ups,"By sector (energy, green, digital)",Non-energy,Early stage,2021,198597952,USD,49
NZL,NEW ZEALAND,Probability to receive funding,"By sector (energy, green, digital)",Non-energy,Early stage,2021,6.717123985,Percentage,3171
NZL,NEW ZEALAND,Fundings of start-ups,"By sector (energy, green, digital)",Non-energy,Early stage,2022,250473152,USD,27
NZL,NEW ZEALAND,Fundings of start-ups,"By sector (energy, green, digital)",Non-energy,Early stage,2022,2.670155048,Years,3179
NZL,NEW ZEALAND,Fundings of start-ups,"By sector (energy, green, digital)",Energy,Later stage,2017,1170352.25,USD,1
NZL,NEW ZEALAND,Fundings of start-ups,"By sector (energy, green, digital)",Energy,Later stage,2018,3814308.5,USD,1
NZL,NEW ZEALAND,Probability to receive funding,"By sector (energy, green, digital)",Energy,Later stage,2021,6.097560883,Percentage,82
NZL,NEW ZEALAND,Fundings of start-ups,"By sector (energy, green, digital)",Energy,Later stage,2022,4.576986313,Years,83
NZL,NEW ZEALAND,Fundings of start-ups,"By sector (energy, green, digital)",Energy and digital,Later stage,2017,1170352.25,USD,1
NZL,NEW ZEALAND,Fundings of start-ups,"By sector (energy, green, digital)",Energy and digital,Later stage,2018,3814308.5,USD,1
NZL,NEW ZEALAND,Probability to receive funding,"By sector (energy, green, digital)",Energy and digital,Later stage,2021,20,Percentage,20
NZL,NEW ZEALAND,Fundings of start-ups,"By sector (energy, green, digital)",Energy and digital,Later stage,2022,4.090411186,Years,20
NZL,NEW ZEALAND,Probability to receive funding,"By sector (energy, green, digital)",Energy and non-digital,Later stage,2021,1.612903237,Percentage,62
NZL,NEW ZEALAND,Fundings of start-ups,"By sector (energy, green, digital)",Energy and non-digital,Later stage,2022,6.523287773,Years,63
NZL,NEW ZEALAND,Fundings of start-ups,"By sector (energy, green, digital)",Non-energy,Later stage,2000,4034091,USD,1
NZL,NEW ZEALAND,Fundings of start-ups,"By sector (energy, green, digital)",Non-energy,Later stage,2012,5755899,USD,3
NZL,NEW ZEALAND,Fundings of start-ups,"By sector (energy, green, digital)",Non-energy,Later stage,2013,11639628,USD,2
NZL,NEW ZEALAND,Fundings of start-ups,"By sector (energy, green, digital)",Non-energy,Later stage,2014,15814360,USD,5
NZL,NEW ZEALAND,Fundings of start-ups,"By sector (energy, green, digital)",Non-energy,Later stage,2015,178816480,USD,9
NZL,NEW ZEALAND,Fundings of start-ups,"By sector (energy, green, digital)",Non-energy,Later stage,2016,17915650,USD,5
NZL,NEW ZEALAND,Fundings of start-ups,"By sector (energy, green, digital)",Non-energy,Later stage,2017,13316963,USD,4
NZL,NEW ZEALAND,Fundings of start-ups,"By sector (energy, green, digital)",Non-energy,Later stage,2018,12858426,USD,8
NZL,NEW ZEALAND,Fundings of start-ups,"By sector (energy, green, digital)",Non-energy,Later stage,2019,51561556,USD,8
NZL,NEW ZEALAND,Fundings of start-ups,"By sector (energy, green, digital)",Non-energy,Later stage,2020,6988894.5,USD,4
NZL,NEW ZEALAND,Fundings of start-ups,"By sector (energy, green, digital)",Non-energy,Later stage,2021,17317086,USD,3
NZL,NEW ZEALAND,Probability to receive funding,"By sector (energy, green, digital)",Non-energy,Later stage,2021,2.207505465,Percentage,3171
NZL,NEW ZEALAND,Fundings of start-ups,"By sector (energy, green, digital)",Non-energy,Later stage,2022,33633312,USD,4
NZL,NEW ZEALAND,Fundings of start-ups,"By sector (energy, green, digital)",Non-energy,Later stage,2022,5.239031315,Years,3179
NZL,NEW ZEALAND,Fundings of start-ups,By technology,Electric mobility,all,2017,4271039.5,USD,2
NZL,NEW ZEALAND,Fundings of start-ups,By technology,Electric mobility,all,2018,3814308.5,USD,1
NZL,NEW ZEALAND,Fundings of start-ups,By technology,Electric mobility,all,2021,20579710,USD,2
NZL,NEW ZEALAND,Fundings of start-ups,By technology,Grid,all,2019,348358.25,USD,0.5
NZL,NEW ZEALAND,Fundings of start-ups,By technology,Other energy,all,2019,348358.25,USD,0.5
NZL,NEW ZEALAND,Fundings of start-ups,By technology,Clean energy,Early stage,2017,3100687.5,USD,1
NZL,NEW ZEALAND,Probability to receive funding,By technology,Clean energy,Early stage,2021,2.777777672,Percentage,36
NZL,NEW ZEALAND,Fundings of start-ups,By technology,Clean energy,Early stage,2021,10289855,USD,1
NZL,NEW ZEALAND,Fundings of start-ups,By technology,Clean energy,Early stage,2022,1.323287725,Years,37
NZL,NEW ZEALAND,Fundings of start-ups,By technology,Clean energy,Early stage,2022,4500000,USD,1
NZL,NEW ZEALAND,Probability to receive funding,By technology,Electric mobility,Early stage,2015,25,Percentage,4
NZL,NEW ZEALAND,Probability to receive funding,By technology,Electric mobility,Early stage,2016,25,Percentage,4
NZL,NEW ZEALAND,Probability to receive funding,By technology,Electric mobility,Early stage,2017,25,Percentage,4
NZL,NEW ZEALAND,Probability to receive funding,By technology,Electric mobility,Early stage,2018,20,Percentage,5
NZL,NEW ZEALAND,Probability to receive funding,By technology,Electric mobility,Early stage,2019,20,Percentage,5
NZL,NEW ZEALAND,Probability to receive funding,By technology,Electric mobility,Early stage,2020,20,Percentage,5
NZL,NEW ZEALAND,Probability to receive funding,By technology,Electric mobility,Early stage,2021,20,Percentage,5
NZL,NEW ZEALAND,Probability to receive funding,By technology,Energy efficiency,Early stage,2015,0,Percentage,12.39999962
NZL,NEW ZEALAND,Probability to receive funding,By technology,Energy efficiency,Early stage,2016,0,Percentage,12.39999962
NZL,NEW ZEALAND,Probability to receive funding,By technology,Energy efficiency,Early stage,2017,0,Percentage,12.39999962
NZL,NEW ZEALAND,Probability to receive funding,By technology,Energy efficiency,Early stage,2018,0,Percentage,13.39999962
NZL,NEW ZEALAND,Probability to receive funding,By technology,Energy efficiency,Early stage,2019,0,Percentage,14.68571472
NZL,NEW ZEALAND,Probability to receive funding,By technology,Energy efficiency,Early stage,2020,0,Percentage,15.68571472
NZL,NEW ZEALAND,Probability to receive funding,By technology,Energy efficiency,Early stage,2021,0,Percentage,15.68571472
NZL,NEW ZEALAND,Probability to receive funding,By technology,Energy storage and batteries,Early stage,2015,0,Percentage,0.200000003
NZL,NEW ZEALAND,Probability to receive funding,By technology,Energy storage and batteries,Early stage,2016,0,Percentage,0.200000003
NZL,NEW ZEALAND,Probability to receive funding,By technology,Energy storage and batteries,Early stage,2017,0,Percentage,0.200000003
NZL,NEW ZEALAND,Probability to receive funding,By technology,Energy storage and batteries,Early stage,2018,0,Percentage,0.200000003
NZL,NEW ZEALAND,Probability to receive funding,By technology,Energy storage and batteries,Early stage,2019,0,Percentage,0.342857152
NZL,NEW ZEALAND,Probability to receive funding,By technology,Energy storage and batteries,Early stage,2020,0,Percentage,0.342857152
NZL,NEW ZEALAND,Probability to receive funding,By technology,Energy storage and batteries,Early stage,2021,0,Percentage,0.342857152
NZL,NEW ZEALAND,Probability to receive funding,By technology,Fossil fuels,Early stage,2015,0,Percentage,8.333333015
NZL,NEW ZEALAND,Probability to receive funding,By technology,Fossil fuels,Early stage,2016,0,Percentage,8.333333015
NZL,NEW ZEALAND,Probability to receive funding,By technology,Fossil fuels,Early stage,2017,0,Percentage,8.583333015
NZL,NEW ZEALAND,Probability to receive funding,By technology,Fossil fuels,Early stage,2018,0,Percentage,8.583333015
NZL,NEW ZEALAND,Probability to receive funding,By technology,Fossil fuels,Early stage,2019,0,Percentage,9.083333015
NZL,NEW ZEALAND,Probability to receive funding,By technology,Fossil fuels,Early stage,2020,0,Percentage,9.083333015
NZL,NEW ZEALAND,Probability to receive funding,By technology,Fossil fuels,Early stage,2021,0,Percentage,9.083333015
NZL,NEW ZEALAND,Probability to receive funding,By technology,Grid,Early stage,2015,0,Percentage,3.200000048
NZL,NEW ZEALAND,Probability to receive funding,By technology,Grid,Early stage,2016,0,Percentage,3.200000048
NZL,NEW ZEALAND,Probability to receive funding,By technology,Grid,Early stage,2017,0,Percentage,3.200000048
NZL,NEW ZEALAND,Probability to receive funding,By technology,Grid,Early stage,2018,0,Percentage,3.200000048
NZL,NEW ZEALAND,Probability to receive funding,By technology,Grid,Early stage,2019,0,Percentage,3.866666555
NZL,NEW ZEALAND,Probability to receive funding,By technology,Grid,Early stage,2020,0,Percentage,3.866666555
NZL,NEW ZEALAND,Probability to receive funding,By technology,Grid,Early stage,2021,0,Percentage,3.866666555
NZL,NEW ZEALAND,Probability to receive funding,By technology,Hydrogen and fuel cells,Early stage,2017,0,Percentage,0.25
NZL,NEW ZEALAND,Probability to receive funding,By technology,Hydrogen and fuel cells,Early stage,2018,0,Percentage,0.25
NZL,NEW ZEALAND,Probability to receive funding,By technology,Hydrogen and fuel cells,Early stage,2019,0,Percentage,0.25
NZL,NEW ZEALAND,Probability to receive funding,By technology,Hydrogen and fuel cells,Early stage,2020,0,Percentage,0.25
NZL,NEW ZEALAND,Probability to receive funding,By technology,Hydrogen and fuel cells,Early stage,2021,0,Percentage,0.25
NZL,NEW ZEALAND,Fundings of start-ups,By technology,Non-clean energy,Early stage,2019,696716.5,USD,1
NZL,NEW ZEALAND,Probability to receive funding,By technology,Non-clean energy,Early stage,2021,2.173913002,Percentage,46
NZL,NEW ZEALAND,Fundings of start-ups,By technology,Non-clean energy,Early stage,2022,2.821917772,Years,46
NZL,NEW ZEALAND,Probability to receive funding,By technology,Other energy,Early stage,2015,0,Percentage,19.48333359
NZL,NEW ZEALAND,Probability to receive funding,By technology,Other energy,Early stage,2016,0,Percentage,20.98333359
NZL,NEW ZEALAND,Probability to receive funding,By technology,Other energy,Early stage,2017,0,Percentage,22.73333359
NZL,NEW ZEALAND,Probability to receive funding,By technology,Other energy,Early stage,2018,0,Percentage,23.73333359
NZL,NEW ZEALAND,Probability to receive funding,By technology,Other energy,Early stage,2019,3.839824438,Percentage,26.04285622
NZL,NEW ZEALAND,Probability to receive funding,By technology,Other energy,Early stage,2020,3.839824438,Percentage,26.04285622
NZL,NEW ZEALAND,Probability to receive funding,By technology,Other energy,Early stage,2021,3.839824438,Percentage,26.04285622
NZL,NEW ZEALAND,Fundings of start-ups,By technology,Other energy,Early stage,2022,2.821917772,Years,26.04285622
NZL,NEW ZEALAND,Probability to receive funding,By technology,Other renewables,Early stage,2015,0,Percentage,8.899999619
NZL,NEW ZEALAND,Probability to receive funding,By technology,Other renewables,Early stage,2016,0,Percentage,9.399999619
NZL,NEW ZEALAND,Probability to receive funding,By technology,Other renewables,Early stage,2017,0,Percentage,11.14999962
NZL,NEW ZEALAND,Probability to receive funding,By technology,Other renewables,Early stage,2018,0,Percentage,11.14999962
NZL,NEW ZEALAND,Probability to receive funding,By technology,Other renewables,Early stage,2019,0,Percentage,12.10238075
NZL,NEW ZEALAND,Probability to receive funding,By technology,Other renewables,Early stage,2020,0,Percentage,12.10238075
NZL,NEW ZEALAND,Probability to receive funding,By technology,Other renewables,Early stage,2021,0,Percentage,12.10238075
NZL,NEW ZEALAND,Probability to receive funding,By technology,Solar,Early stage,2015,0,Percentage,5.983333111
NZL,NEW ZEALAND,Probability to receive funding,By technology,Solar,Early stage,2016,0,Percentage,5.983333111
NZL,NEW ZEALAND,Probability to receive funding,By technology,Solar,Early stage,2017,0,Percentage,5.983333111
NZL,NEW ZEALAND,Probability to receive funding,By technology,Solar,Early stage,2018,0,Percentage,5.983333111
NZL,NEW ZEALAND,Probability to receive funding,By technology,Solar,Early stage,2019,0,Percentage,6.126190662
NZL,NEW ZEALAND,Probability to receive funding,By technology,Solar,Early stage,2020,0,Percentage,6.126190662
NZL,NEW ZEALAND,Probability to receive funding,By technology,Solar,Early stage,2021,0,Percentage,6.126190662
NZL,NEW ZEALAND,Probability to receive funding,By technology,Wind,Early stage,2015,0,Percentage,0.5
NZL,NEW ZEALAND,Probability to receive funding,By technology,Wind,Early stage,2016,0,Percentage,0.5
NZL,NEW ZEALAND,Probability to receive funding,By technology,Wind,Early stage,2017,0,Percentage,0.5
NZL,NEW ZEALAND,Probability to receive funding,By technology,Wind,Early stage,2018,0,Percentage,0.5
NZL,NEW ZEALAND,Probability to receive funding,By technology,Wind,Early stage,2019,0,Percentage,0.5
NZL,NEW ZEALAND,Probability to receive funding,By technology,Wind,Early stage,2020,0,Percentage,0.5
NZL,NEW ZEALAND,Probability to receive funding,By technology,Wind,Early stage,2021,0,Percentage,0.5
NZL,NEW ZEALAND,Fundings of start-ups,By technology,Clean energy,Later stage,2017,1170352.25,USD,1
NZL,NEW ZEALAND,Fundings of start-ups,By technology,Clean energy,Later stage,2018,3814308.5,USD,1
NZL,NEW ZEALAND,Probability to receive funding,By technology,Clean energy,Later stage,2021,8.333333015,Percentage,36
NZL,NEW ZEALAND,Fundings of start-ups,By technology,Clean energy,Later stage,2022,4.54337883,Years,37
NZL,NEW ZEALAND,Probability to receive funding,By technology,Electric mobility,Later stage,2015,50,Percentage,4
NZL,NEW ZEALAND,Probability to receive funding,By technology,Electric mobility,Later stage,2016,50,Percentage,4
NZL,NEW ZEALAND,Probability to receive funding,By technology,Electric mobility,Later stage,2017,50,Percentage,4
NZL,NEW ZEALAND,Probability to receive funding,By technology,Electric mobility,Later stage,2018,40,Percentage,5
NZL,NEW ZEALAND,Probability to receive funding,By technology,Electric mobility,Later stage,2019,40,Percentage,5
NZL,NEW ZEALAND,Probability to receive funding,By technology,Electric mobility,Later stage,2020,40,Percentage,5
NZL,NEW ZEALAND,Probability to receive funding,By technology,Electric mobility,Later stage,2021,40,Percentage,5
NZL,NEW ZEALAND,Probability to receive funding,By technology,Energy efficiency,Later stage,2015,0,Percentage,12.39999962
NZL,NEW ZEALAND,Probability to receive funding,By technology,Energy efficiency,Later stage,2016,0,Percentage,12.39999962
NZL,NEW ZEALAND,Probability to receive funding,By technology,Energy efficiency,Later stage,2017,0,Percentage,12.39999962
NZL,NEW ZEALAND,Probability to receive funding,By technology,Energy efficiency,Later stage,2018,0,Percentage,13.39999962
NZL,NEW ZEALAND,Probability to receive funding,By technology,Energy efficiency,Later stage,2019,0,Percentage,14.68571472
NZL,NEW ZEALAND,Probability to receive funding,By technology,Energy efficiency,Later stage,2020,0,Percentage,15.68571472
NZL,NEW ZEALAND,Probability to receive funding,By technology,Energy efficiency,Later stage,2021,0,Percentage,15.68571472
NZL,NEW ZEALAND,Probability to receive funding,By technology,Energy storage and batteries,Later stage,2015,0,Percentage,0.200000003
NZL,NEW ZEALAND,Probability to receive funding,By technology,Energy storage and batteries,Later stage,2016,0,Percentage,0.200000003
NZL,NEW ZEALAND,Probability to receive funding,By technology,Energy storage and batteries,Later stage,2017,0,Percentage,0.200000003
NZL,NEW ZEALAND,Probability to receive funding,By technology,Energy storage and batteries,Later stage,2018,0,Percentage,0.200000003
NZL,NEW ZEALAND,Probability to receive funding,By technology,Energy storage and batteries,Later stage,2019,0,Percentage,0.342857152
NZL,NEW ZEALAND,Probability to receive funding,By technology,Energy storage and batteries,Later stage,2020,0,Percentage,0.342857152
NZL,NEW ZEALAND,Probability to receive funding,By technology,Energy storage and batteries,Later stage,2021,0,Percentage,0.342857152
NZL,NEW ZEALAND,Probability to receive funding,By technology,Fossil fuels,Later stage,2015,0,Percentage,8.333333015
NZL,NEW ZEALAND,Probability to receive funding,By technology,Fossil fuels,Later stage,2016,0,Percentage,8.333333015
NZL,NEW ZEALAND,Probability to receive funding,By technology,Fossil fuels,Later stage,2017,0,Percentage,8.583333015
NZL,NEW ZEALAND,Probability to receive funding,By technology,Fossil fuels,Later stage,2018,0,Percentage,8.583333015
NZL,NEW ZEALAND,Probability to receive funding,By technology,Fossil fuels,Later stage,2019,0,Percentage,9.083333015
NZL,NEW ZEALAND,Probability to receive funding,By technology,Fossil fuels,Later stage,2020,0,Percentage,9.083333015
NZL,NEW ZEALAND,Probability to receive funding,By technology,Fossil fuels,Later stage,2021,0,Percentage,9.083333015
NZL,NEW ZEALAND,Probability to receive funding,By technology,Grid,Later stage,2015,0,Percentage,3.200000048
NZL,NEW ZEALAND,Probability to receive funding,By technology,Grid,Later stage,2016,0,Percentage,3.200000048
NZL,NEW ZEALAND,Probability to receive funding,By technology,Grid,Later stage,2017,0,Percentage,3.200000048
NZL,NEW ZEALAND,Probability to receive funding,By technology,Grid,Later stage,2018,0,Percentage,3.200000048
NZL,NEW ZEALAND,Probability to receive funding,By technology,Grid,Later stage,2019,0,Percentage,3.866666555
NZL,NEW ZEALAND,Probability to receive funding,By technology,Grid,Later stage,2020,0,Percentage,3.866666555
NZL,NEW ZEALAND,Probability to receive funding,By technology,Grid,Later stage,2021,0,Percentage,3.866666555
NZL,NEW ZEALAND,Probability to receive funding,By technology,Hydrogen and fuel cells,Later stage,2017,0,Percentage,0.25
NZL,NEW ZEALAND,Probability to receive funding,By technology,Hydrogen and fuel cells,Later stage,2018,0,Percentage,0.25
NZL,NEW ZEALAND,Probability to receive funding,By technology,Hydrogen and fuel cells,Later stage,2019,0,Percentage,0.25
NZL,NEW ZEALAND,Probability to receive funding,By technology,Hydrogen and fuel cells,Later stage,2020,0,Percentage,0.25
NZL,NEW ZEALAND,Probability to receive funding,By technology,Hydrogen and fuel cells,Later stage,2021,0,Percentage,0.25
NZL,NEW ZEALAND,Probability to receive funding,By technology,Non-clean energy,Later stage,2021,4.347826004,Percentage,46
NZL,NEW ZEALAND,Fundings of start-ups,By technology,Non-clean energy,Later stage,2022,4.62739706,Years,46
NZL,NEW ZEALAND,Probability to receive funding,By technology,Other energy,Later stage,2015,11.97604752,Percentage,19.48333359
NZL,NEW ZEALAND,Probability to receive funding,By technology,Other energy,Later stage,2016,11.11993599,Percentage,20.98333359
NZL,NEW ZEALAND,Probability to receive funding,By technology,Other energy,Later stage,2017,10.26392937,Percentage,22.73333359
NZL,NEW ZEALAND,Probability to receive funding,By technology,Other energy,Later stage,2018,9.831460953,Percentage,23.73333359
NZL,NEW ZEALAND,Probability to receive funding,By technology,Other energy,Later stage,2019,8.959589958,Percentage,26.04285622
NZL,NEW ZEALAND,Probability to receive funding,By technology,Other energy,Later stage,2020,8.959589958,Percentage,26.04285622
NZL,NEW ZEALAND,Probability to receive funding,By technology,Other energy,Later stage,2021,8.959589958,Percentage,26.04285622
NZL,NEW ZEALAND,Fundings of start-ups,By technology,Other energy,Later stage,2022,4.898238659,Years,26.04285622
NZL,NEW ZEALAND,Probability to receive funding,By technology,Other renewables,Later stage,2015,3.745318413,Percentage,8.899999619
NZL,NEW ZEALAND,Probability to receive funding,By technology,Other renewables,Later stage,2016,3.546099186,Percentage,9.399999619
NZL,NEW ZEALAND,Probability to receive funding,By technology,Other renewables,Later stage,2017,2.989536524,Percentage,11.14999962
NZL,NEW ZEALAND,Probability to receive funding,By technology,Other renewables,Later stage,2018,2.989536524,Percentage,11.14999962
NZL,NEW ZEALAND,Probability to receive funding,By technology,Other renewables,Later stage,2019,2.754278898,Percentage,12.10238075
NZL,NEW ZEALAND,Probability to receive funding,By technology,Other renewables,Later stage,2020,2.754278898,Percentage,12.10238075
NZL,NEW ZEALAND,Probability to receive funding,By technology,Other renewables,Later stage,2021,2.754278898,Percentage,12.10238075
NZL,NEW ZEALAND,Probability to receive funding,By technology,Solar,Later stage,2015,5.571030617,Percentage,5.983333111
NZL,NEW ZEALAND,Probability to receive funding,By technology,Solar,Later stage,2016,5.571030617,Percentage,5.983333111
NZL,NEW ZEALAND,Probability to receive funding,By technology,Solar,Later stage,2017,5.571030617,Percentage,5.983333111
NZL,NEW ZEALAND,Probability to receive funding,By technology,Solar,Later stage,2018,5.571030617,Percentage,5.983333111
NZL,NEW ZEALAND,Probability to receive funding,By technology,Solar,Later stage,2019,5.441119194,Percentage,6.126190662
NZL,NEW ZEALAND,Probability to receive funding,By technology,Solar,Later stage,2020,5.441119194,Percentage,6.126190662
NZL,NEW ZEALAND,Probability to receive funding,By technology,Solar,Later stage,2021,5.441119194,Percentage,6.126190662
NZL,NEW ZEALAND,Probability to receive funding,By technology,Wind,Later stage,2015,0,Percentage,0.5
NZL,NEW ZEALAND,Probability to receive funding,By technology,Wind,Later stage,2016,0,Percentage,0.5
NZL,NEW ZEALAND,Probability to receive funding,By technology,Wind,Later stage,2017,0,Percentage,0.5
NZL,NEW ZEALAND,Probability to receive funding,By technology,Wind,Later stage,2018,0,Percentage,0.5
NZL,NEW ZEALAND,Probability to receive funding,By technology,Wind,Later stage,2019,0,Percentage,0.5
NZL,NEW ZEALAND,Probability to receive funding,By technology,Wind,Later stage,2020,0,Percentage,0.5
NZL,NEW ZEALAND,Probability to receive funding,By technology,Wind,Later stage,2021,0,Percentage,0.5
NIC,NICARAGUA,Probability to receive funding,"By sector (energy, green, digital)",Energy,Early stage,2021,0,Percentage,1
NIC,NICARAGUA,Probability to receive funding,"By sector (energy, green, digital)",Energy and non-digital,Early stage,2021,0,Percentage,1
NIC,NICARAGUA,Fundings of start-ups,"By sector (energy, green, digital)",Non-energy,Early stage,2015,294198.9063,USD,1
NIC,NICARAGUA,Fundings of start-ups,"By sector (energy, green, digital)",Non-energy,Early stage,2016,150489.125,USD,1
NIC,NICARAGUA,Fundings of start-ups,"By sector (energy, green, digital)",Non-energy,Early stage,2018,110937.5,USD,1
NIC,NICARAGUA,Probability to receive funding,"By sector (energy, green, digital)",Non-energy,Early stage,2021,16.32653046,Percentage,49
NIC,NICARAGUA,Fundings of start-ups,"By sector (energy, green, digital)",Non-energy,Early stage,2022,87600000,USD,7
NIC,NICARAGUA,Fundings of start-ups,"By sector (energy, green, digital)",Non-energy,Early stage,2022,0.987297654,Years,52
NIC,NICARAGUA,Probability to receive funding,"By sector (energy, green, digital)",Energy,Later stage,2021,0,Percentage,1
NIC,NICARAGUA,Probability to receive funding,"By sector (energy, green, digital)",Energy and non-digital,Later stage,2021,0,Percentage,1
NIC,NICARAGUA,Probability to receive funding,"By sector (energy, green, digital)",Non-energy,Later stage,2021,0,Percentage,49
NIC,NICARAGUA,Probability to receive funding,By technology,Non-clean energy,Early stage,2021,0,Percentage,1
NIC,NICARAGUA,Probability to receive funding,By technology,Non-clean energy,Later stage,2021,0,Percentage,1
NER,NIGER,Probability to receive funding,"By sector (energy, green, digital)",Non-energy,Early stage,2021,0,Percentage,6
NER,NIGER,Probability to receive funding,"By sector (energy, green, digital)",Non-energy,Later stage,2021,0,Percentage,6
NGA,NIGERIA,Fundings of start-ups,"By sector (energy, green, digital)",Energy,Early stage,2015,23535.91211,USD,1
NGA,NIGERIA,Fundings of start-ups,"By sector (energy, green, digital)",Energy,Early stage,2016,2199456.5,USD,2
NGA,NIGERIA,Fundings of start-ups,"By sector (energy, green, digital)",Energy,Early stage,2017,220930.8438,USD,3
NGA,NIGERIA,Fundings of start-ups,"By sector (energy, green, digital)",Energy,Early stage,2018,3483437.5,USD,5
NGA,NIGERIA,Fundings of start-ups,"By sector (energy, green, digital)",Energy,Early stage,2019,31751128,USD,6
NGA,NIGERIA,Fundings of start-ups,"By sector (energy, green, digital)",Energy,Early stage,2020,1619015.125,USD,2
NGA,NIGERIA,Probability to receive funding,"By sector (energy, green, digital)",Energy,Early stage,2021,18.58407021,Percentage,113
NGA,NIGERIA,Fundings of start-ups,"By sector (energy, green, digital)",Energy,Early stage,2021,2057971,USD,1
NGA,NIGERIA,Fundings of start-ups,"By sector (energy, green, digital)",Energy,Early stage,2022,2.720692158,Years,114
NGA,NIGERIA,Fundings of start-ups,"By sector (energy, green, digital)",Energy,Early stage,2022,2700000,USD,1
NGA,NIGERIA,Fundings of start-ups,"By sector (energy, green, digital)",Energy and digital,Early stage,2017,107632.9766,USD,2
NGA,NIGERIA,Fundings of start-ups,"By sector (energy, green, digital)",Energy and digital,Early stage,2019,32602.04102,USD,1
NGA,NIGERIA,Fundings of start-ups,"By sector (energy, green, digital)",Energy and digital,Early stage,2020,5378.788086,USD,1
NGA,NIGERIA,Probability to receive funding,"By sector (energy, green, digital)",Energy and digital,Early stage,2021,27.27272797,Percentage,33
NGA,NIGERIA,Fundings of start-ups,"By sector (energy, green, digital)",Energy and digital,Early stage,2022,2700000,USD,1
NGA,NIGERIA,Fundings of start-ups,"By sector (energy, green, digital)",Energy and digital,Early stage,2022,3.331849337,Years,34
NGA,NIGERIA,Fundings of start-ups,"By sector (energy, green, digital)",Energy and non-digital,Early stage,2015,23535.91211,USD,1
NGA,NIGERIA,Fundings of start-ups,"By sector (energy, green, digital)",Energy and non-digital,Early stage,2016,2199456.5,USD,2
NGA,NIGERIA,Fundings of start-ups,"By sector (energy, green, digital)",Energy and non-digital,Early stage,2017,113297.875,USD,1
NGA,NIGERIA,Fundings of start-ups,"By sector (energy, green, digital)",Energy and non-digital,Early stage,2018,3483437.5,USD,5
NGA,NIGERIA,Fundings of start-ups,"By sector (energy, green, digital)",Energy and non-digital,Early stage,2019,31718526,USD,5
NGA,NIGERIA,Fundings of start-ups,"By sector (energy, green, digital)",Energy and non-digital,Early stage,2020,1613636.375,USD,1
NGA,NIGERIA,Probability to receive funding,"By sector (energy, green, digital)",Energy and non-digital,Early stage,2021,15,Percentage,80
NGA,NIGERIA,Fundings of start-ups,"By sector (energy, green, digital)",Energy and non-digital,Early stage,2021,2057971,USD,1
NGA,NIGERIA,Fundings of start-ups,"By sector (energy, green, digital)",Energy and non-digital,Early stage,2022,2.276214123,Years,80
NGA,NIGERIA,Fundings of start-ups,"By sector (energy, green, digital)",Non-energy,Early stage,2000,9681818,USD,1
NGA,NIGERIA,Fundings of start-ups,"By sector (energy, green, digital)",Non-energy,Early stage,2002,9260870,USD,1
NGA,NIGERIA,Fundings of start-ups,"By sector (energy, green, digital)",Non-energy,Early stage,2010,296797,USD,3
NGA,NIGERIA,Fundings of start-ups,"By sector (energy, green, digital)",Non-energy,Early stage,2011,57536.00391,USD,3
NGA,NIGERIA,Fundings of start-ups,"By sector (energy, green, digital)",Non-energy,Early stage,2012,79004856,USD,4
NGA,NIGERIA,Fundings of start-ups,"By sector (energy, green, digital)",Non-energy,Early stage,2013,218613440,USD,8
NGA,NIGERIA,Fundings of start-ups,"By sector (energy, green, digital)",Non-energy,Early stage,2014,210691776,USD,10
NGA,NIGERIA,Fundings of start-ups,"By sector (energy, green, digital)",Non-energy,Early stage,2015,32858790,USD,20
NGA,NIGERIA,Fundings of start-ups,"By sector (energy, green, digital)",Non-energy,Early stage,2016,6555538,USD,19
NGA,NIGERIA,Fundings of start-ups,"By sector (energy, green, digital)",Non-energy,Early stage,2017,19903136,USD,29
NGA,NIGERIA,Fundings of start-ups,"By sector (energy, green, digital)",Non-energy,Early stage,2018,47764944,USD,59
NGA,NIGERIA,Fundings of start-ups,"By sector (energy, green, digital)",Non-energy,Early stage,2019,297184960,USD,49
NGA,NIGERIA,Fundings of start-ups,"By sector (energy, green, digital)",Non-energy,Early stage,2020,88642856,USD,66
NGA,NIGERIA,Fundings of start-ups,"By sector (energy, green, digital)",Non-energy,Early stage,2021,479803424,USD,78
NGA,NIGERIA,Probability to receive funding,"By sector (energy, green, digital)",Non-energy,Early stage,2021,11.00127506,Percentage,3136
NGA,NIGERIA,Fundings of start-ups,"By sector (energy, green, digital)",Non-energy,Early stage,2022,234940000,USD,37
NGA,NIGERIA,Fundings of start-ups,"By sector (energy, green, digital)",Non-energy,Early stage,2022,1.882686257,Years,3199
NGA,NIGERIA,Fundings of start-ups,"By sector (energy, green, digital)",Energy,Later stage,2020,3227272.75,USD,1
NGA,NIGERIA,Probability to receive funding,"By sector (energy, green, digital)",Energy,Later stage,2021,0.884955764,Percentage,113
NGA,NIGERIA,Fundings of start-ups,"By sector (energy, green, digital)",Energy,Later stage,2022,773613,USD,1
NGA,NIGERIA,Fundings of start-ups,"By sector (energy, green, digital)",Energy,Later stage,2022,4.408219337,Years,114
NGA,NIGERIA,Probability to receive funding,"By sector (energy, green, digital)",Energy and digital,Later stage,2021,0,Percentage,33
NGA,NIGERIA,Fundings of start-ups,"By sector (energy, green, digital)",Energy and non-digital,Later stage,2020,3227272.75,USD,1
NGA,NIGERIA,Probability to receive funding,"By sector (energy, green, digital)",Energy and non-digital,Later stage,2021,1.25,Percentage,80
NGA,NIGERIA,Fundings of start-ups,"By sector (energy, green, digital)",Energy and non-digital,Later stage,2022,773613,USD,1
NGA,NIGERIA,Fundings of start-ups,"By sector (energy, green, digital)",Energy and non-digital,Later stage,2022,4.408219337,Years,80
NGA,NIGERIA,Fundings of start-ups,"By sector (energy, green, digital)",Non-energy,Later stage,2014,48248620,USD,1
NGA,NIGERIA,Fundings of start-ups,"By sector (energy, green, digital)",Non-energy,Later stage,2016,457533280,USD,2
NGA,NIGERIA,Fundings of start-ups,"By sector (energy, green, digital)",Non-energy,Later stage,2017,2379255.25,USD,1
NGA,NIGERIA,Fundings of start-ups,"By sector (energy, green, digital)",Non-energy,Later stage,2018,93631248,USD,1
NGA,NIGERIA,Fundings of start-ups,"By sector (energy, green, digital)",Non-energy,Later stage,2019,68323112,USD,2
NGA,NIGERIA,Fundings of start-ups,"By sector (energy, green, digital)",Non-energy,Later stage,2020,2796969.75,USD,3
NGA,NIGERIA,Probability to receive funding,"By sector (energy, green, digital)",Non-energy,Later stage,2021,0.988520384,Percentage,3136
NGA,NIGERIA,Fundings of start-ups,"By sector (energy, green, digital)",Non-energy,Later stage,2021,417043712,USD,3
NGA,NIGERIA,Fundings of start-ups,"By sector (energy, green, digital)",Non-energy,Later stage,2022,4.372968197,Years,3199
NGA,NIGERIA,Fundings of start-ups,"By sector (energy, green, digital)",Non-energy,Later stage,2022,41420144,USD,2
NGA,NIGERIA,Fundings of start-ups,By technology,Bioenergy,all,2016,926086.9375,USD,1
NGA,NIGERIA,Fundings of start-ups,By technology,Energy efficiency,all,2018,3697.916748,USD,0.333333343
NGA,NIGERIA,Fundings of start-ups,By technology,Energy efficiency,all,2020,5378.788086,USD,1
NGA,NIGERIA,Fundings of start-ups,By technology,Energy efficiency,all,2022,1800000,USD,0.666666687
NGA,NIGERIA,Fundings of start-ups,By technology,Fossil fuels,all,2017,56648.9375,USD,1
NGA,NIGERIA,Fundings of start-ups,By technology,Fossil fuels,all,2019,16301.02051,USD,0.5
NGA,NIGERIA,Fundings of start-ups,By technology,Grid,all,2018,1848.958374,USD,0.166666672
NGA,NIGERIA,Fundings of start-ups,By technology,Other energy,all,2015,7845.303711,USD,0.333333343
NGA,NIGERIA,Fundings of start-ups,By technology,Other energy,all,2016,636684.8125,USD,0.5
NGA,NIGERIA,Fundings of start-ups,By technology,Other energy,all,2017,54760.63672,USD,0.666666687
NGA,NIGERIA,Fundings of start-ups,By technology,Other energy,all,2018,2055926.125,USD,2.333333254
NGA,NIGERIA,Fundings of start-ups,By technology,Other energy,all,2019,15870130,USD,2.833333254
NGA,NIGERIA,Fundings of start-ups,By technology,Other energy,all,2020,2151515.25,USD,0.833333313
NGA,NIGERIA,Fundings of start-ups,By technology,Other energy,all,2021,1028985.5,USD,0.5
NGA,NIGERIA,Fundings of start-ups,By technology,Other energy,all,2022,1286806.5,USD,0.833333313
NGA,NIGERIA,Fundings of start-ups,By technology,Other renewables,all,2015,7845.303711,USD,0.333333343
NGA,NIGERIA,Fundings of start-ups,By technology,Other renewables,all,2016,636684.8125,USD,0.5
NGA,NIGERIA,Fundings of start-ups,By technology,Other renewables,all,2017,54760.63672,USD,0.666666687
NGA,NIGERIA,Fundings of start-ups,By technology,Other renewables,all,2018,2055926.125,USD,2.333333254
NGA,NIGERIA,Fundings of start-ups,By technology,Other renewables,all,2019,15768520,USD,1.333333373
NGA,NIGERIA,Fundings of start-ups,By technology,Other renewables,all,2020,2151515.25,USD,0.833333313
NGA,NIGERIA,Fundings of start-ups,By technology,Other renewables,all,2021,1028985.5,USD,0.5
NGA,NIGERIA,Fundings of start-ups,By technology,Other renewables,all,2022,386806.5,USD,0.5
NGA,NIGERIA,Fundings of start-ups,By technology,Solar,all,2015,7845.303711,USD,0.333333343
NGA,NIGERIA,Fundings of start-ups,By technology,Solar,all,2017,54760.63672,USD,0.666666687
NGA,NIGERIA,Fundings of start-ups,By technology,Solar,all,2018,12942.70801,USD,0.833333313
NGA,NIGERIA,Fundings of start-ups,By technology,Solar,all,2019,96176.02344,USD,1.333333373
NGA,NIGERIA,Fundings of start-ups,By technology,Solar,all,2020,537878.8125,USD,0.333333343
NGA,NIGERIA,Probability to receive funding,By technology,Bioenergy,Early stage,2015,100,Percentage,1
NGA,NIGERIA,Probability to receive funding,By technology,Bioenergy,Early stage,2016,100,Percentage,1
NGA,NIGERIA,Probability to receive funding,By technology,Bioenergy,Early stage,2017,100,Percentage,1
NGA,NIGERIA,Probability to receive funding,By technology,Bioenergy,Early stage,2018,100,Percentage,1
NGA,NIGERIA,Probability to receive funding,By technology,Bioenergy,Early stage,2019,100,Percentage,1
NGA,NIGERIA,Probability to receive funding,By technology,Bioenergy,Early stage,2020,100,Percentage,1
NGA,NIGERIA,Probability to receive funding,By technology,Bioenergy,Early stage,2021,100,Percentage,1
NGA,NIGERIA,Fundings of start-ups,By technology,Clean energy,Early stage,2015,23535.91211,USD,1
NGA,NIGERIA,Fundings of start-ups,By technology,Clean energy,Early stage,2016,2199456.5,USD,2
NGA,NIGERIA,Fundings of start-ups,By technology,Clean energy,Early stage,2017,164281.9219,USD,2
NGA,NIGERIA,Fundings of start-ups,By technology,Clean energy,Early stage,2018,3483437.5,USD,5
NGA,NIGERIA,Fundings of start-ups,By technology,Clean energy,Early stage,2019,31547908,USD,3
NGA,NIGERIA,Fundings of start-ups,By technology,Clean energy,Early stage,2020,1619015.125,USD,2
NGA,NIGERIA,Fundings of start-ups,By technology,Clean energy,Early stage,2021,2057971,USD,1
NGA,NIGERIA,Probability to receive funding,By technology,Clean energy,Early stage,2021,29.3103447,Percentage,58
NGA,NIGERIA,Fundings of start-ups,By technology,Clean energy,Early stage,2022,2.848584414,Years,59
NGA,NIGERIA,Fundings of start-ups,By technology,Clean energy,Early stage,2022,2700000,USD,1
NGA,NIGERIA,Probability to receive funding,By technology,Electric mobility,Early stage,2015,0,Percentage,1
NGA,NIGERIA,Probability to receive funding,By technology,Electric mobility,Early stage,2016,0,Percentage,2
NGA,NIGERIA,Probability to receive funding,By technology,Electric mobility,Early stage,2017,0,Percentage,2
NGA,NIGERIA,Probability to receive funding,By technology,Electric mobility,Early stage,2018,0,Percentage,2
NGA,NIGERIA,Probability to receive funding,By technology,Electric mobility,Early stage,2019,0,Percentage,2
NGA,NIGERIA,Probability to receive funding,By technology,Electric mobility,Early stage,2020,0,Percentage,2
NGA,NIGERIA,Probability to receive funding,By technology,Electric mobility,Early stage,2021,0,Percentage,2
NGA,NIGERIA,Probability to receive funding,By technology,Energy efficiency,Early stage,2015,13.11475372,Percentage,5.083333492
NGA,NIGERIA,Probability to receive funding,By technology,Energy efficiency,Early stage,2016,18.46153831,Percentage,5.416666508
NGA,NIGERIA,Probability to receive funding,By technology,Energy efficiency,Early stage,2017,17.64705849,Percentage,5.666666508
NGA,NIGERIA,Probability to receive funding,By technology,Energy efficiency,Early stage,2018,28.5714283,Percentage,7
NGA,NIGERIA,Probability to receive funding,By technology,Energy efficiency,Early stage,2019,21.62162209,Percentage,9.25
NGA,NIGERIA,Probability to receive funding,By technology,Energy efficiency,Early stage,2020,20.97378349,Percentage,9.535714149
NGA,NIGERIA,Probability to receive funding,By technology,Energy efficiency,Early stage,2021,20.26538086,Percentage,9.869047165
NGA,NIGERIA,Probability to receive funding,By technology,Energy storage and batteries,Early stage,2017,0,Percentage,0.400000006
NGA,NIGERIA,Probability to receive funding,By technology,Energy storage and batteries,Early stage,2018,0,Percentage,0.400000006
NGA,NIGERIA,Probability to receive funding,By technology,Energy storage and batteries,Early stage,2019,0,Percentage,0.400000006
NGA,NIGERIA,Probability to receive funding,By technology,Energy storage and batteries,Early stage,2020,0,Percentage,0.54285717
NGA,NIGERIA,Probability to receive funding,By technology,Energy storage and batteries,Early stage,2021,0,Percentage,0.54285717
NGA,NIGERIA,Probability to receive funding,By technology,Fossil fuels,Early stage,2015,5.286343575,Percentage,18.91666603
NGA,NIGERIA,Probability to receive funding,By technology,Fossil fuels,Early stage,2016,4.528301716,Percentage,22.08333397
NGA,NIGERIA,Probability to receive funding,By technology,Fossil fuels,Early stage,2017,4.152249336,Percentage,24.08333397
NGA,NIGERIA,Probability to receive funding,By technology,Fossil fuels,Early stage,2018,6.020066738,Percentage,24.91666603
NGA,NIGERIA,Probability to receive funding,By technology,Fossil fuels,Early stage,2019,5.901639462,Percentage,25.41666603
NGA,NIGERIA,Probability to receive funding,By technology,Fossil fuels,Early stage,2020,5.901639462,Percentage,25.41666603
NGA,NIGERIA,Probability to receive funding,By technology,Fossil fuels,Early stage,2021,5.863192081,Percentage,25.58333397
NGA,NIGERIA,Probability to receive funding,By technology,Grid,Early stage,2015,0,Percentage,4
NGA,NIGERIA,Probability to receive funding,By technology,Grid,Early stage,2016,4,Percentage,4.166666508
NGA,NIGERIA,Probability to receive funding,By technology,Grid,Early stage,2017,2.941176414,Percentage,5.666666508
NGA,NIGERIA,Probability to receive funding,By technology,Grid,Early stage,2018,2.5,Percentage,6.666666508
NGA,NIGERIA,Probability to receive funding,By technology,Grid,Early stage,2019,2.5,Percentage,6.666666508
NGA,NIGERIA,Probability to receive funding,By technology,Grid,Early stage,2020,2.5,Percentage,6.666666508
NGA,NIGERIA,Probability to receive funding,By technology,Grid,Early stage,2021,2.439024448,Percentage,6.833333492
NGA,NIGERIA,Fundings of start-ups,By technology,Non-clean energy,Early stage,2017,56648.9375,USD,1
NGA,NIGERIA,Fundings of start-ups,By technology,Non-clean energy,Early stage,2019,203219.3906,USD,3
NGA,NIGERIA,Probability to receive funding,By technology,Non-clean energy,Early stage,2021,7.272727489,Percentage,55
NGA,NIGERIA,Fundings of start-ups,By technology,Non-clean energy,Early stage,2022,2.241095781,Years,55
NGA,NIGERIA,Probability to receive funding,By technology,Other energy,Early stage,2015,14.63414669,Percentage,17.08333397
NGA,NIGERIA,Probability to receive funding,By technology,Other energy,Early stage,2016,13.97379875,Percentage,19.08333397
NGA,NIGERIA,Probability to receive funding,By technology,Other energy,Early stage,2017,18.08176041,Percentage,21.20000076
NGA,NIGERIA,Probability to receive funding,By technology,Other energy,Early stage,2018,23.84020615,Percentage,25.86666679
NGA,NIGERIA,Probability to receive funding,By technology,Other energy,Early stage,2019,24.58512688,Percentage,27.11666679
NGA,NIGERIA,Probability to receive funding,By technology,Other energy,Early stage,2020,24.1608429,Percentage,27.59285736
NGA,NIGERIA,Probability to receive funding,By technology,Other energy,Early stage,2021,23.3158474,Percentage,28.59285736
NGA,NIGERIA,Fundings of start-ups,By technology,Other energy,Early stage,2022,2.145362139,Years,28.59285736
NGA,NIGERIA,Probability to receive funding,By technology,Other renewables,Early stage,2015,19.11764717,Percentage,11.33333302
NGA,NIGERIA,Probability to receive funding,By technology,Other renewables,Early stage,2016,17.94871712,Percentage,13
NGA,NIGERIA,Probability to receive funding,By technology,Other renewables,Early stage,2017,19.21024513,Percentage,15.61666679
NGA,NIGERIA,Probability to receive funding,By technology,Other renewables,Early stage,2018,31.61698341,Percentage,18.45000076
NGA,NIGERIA,Probability to receive funding,By technology,Other renewables,Early stage,2019,29.87421417,Percentage,21.20000076
NGA,NIGERIA,Probability to receive funding,By technology,Other renewables,Early stage,2020,29.02662659,Percentage,21.81904793
NGA,NIGERIA,Probability to receive funding,By technology,Other renewables,Early stage,2021,27.95879745,Percentage,22.6523819
NGA,NIGERIA,Probability to receive funding,By technology,Solar,Early stage,2015,18.6046505,Percentage,3.583333254
NGA,NIGERIA,Probability to receive funding,By technology,Solar,Early stage,2016,15.8730154,Percentage,5.25
NGA,NIGERIA,Probability to receive funding,By technology,Solar,Early stage,2017,27.1493206,Percentage,7.366666794
NGA,NIGERIA,Probability to receive funding,By technology,Solar,Early stage,2018,38.31417465,Percentage,8.699999809
NGA,NIGERIA,Probability to receive funding,By technology,Solar,Early stage,2019,33.50083923,Percentage,9.949999809
NGA,NIGERIA,Probability to receive funding,By technology,Solar,Early stage,2020,31.97076988,Percentage,10.42619038
NGA,NIGERIA,Probability to receive funding,By technology,Solar,Early stage,2021,30.50773621,Percentage,10.92619038
NGA,NIGERIA,Probability to receive funding,By technology,Bioenergy,Later stage,2015,0,Percentage,1
NGA,NIGERIA,Probability to receive funding,By technology,Bioenergy,Later stage,2016,0,Percentage,1
NGA,NIGERIA,Probability to receive funding,By technology,Bioenergy,Later stage,2017,0,Percentage,1
NGA,NIGERIA,Probability to receive funding,By technology,Bioenergy,Later stage,2018,0,Percentage,1
NGA,NIGERIA,Probability to receive funding,By technology,Bioenergy,Later stage,2019,0,Percentage,1
NGA,NIGERIA,Probability to receive funding,By technology,Bioenergy,Later stage,2020,0,Percentage,1
NGA,NIGERIA,Probability to receive funding,By technology,Bioenergy,Later stage,2021,0,Percentage,1
NGA,NIGERIA,Fundings of start-ups,By technology,Clean energy,Later stage,2020,3227272.75,USD,1
NGA,NIGERIA,Probability to receive funding,By technology,Clean energy,Later stage,2021,1.724137902,Percentage,58
NGA,NIGERIA,Fundings of start-ups,By technology,Clean energy,Later stage,2022,773613,USD,1
NGA,NIGERIA,Fundings of start-ups,By technology,Clean energy,Later stage,2022,4.408219337,Years,59
NGA,NIGERIA,Probability to receive funding,By technology,Electric mobility,Later stage,2015,0,Percentage,1
NGA,NIGERIA,Probability to receive funding,By technology,Electric mobility,Later stage,2016,0,Percentage,2
NGA,NIGERIA,Probability to receive funding,By technology,Electric mobility,Later stage,2017,0,Percentage,2
NGA,NIGERIA,Probability to receive funding,By technology,Electric mobility,Later stage,2018,0,Percentage,2
NGA,NIGERIA,Probability to receive funding,By technology,Electric mobility,Later stage,2019,0,Percentage,2
NGA,NIGERIA,Probability to receive funding,By technology,Electric mobility,Later stage,2020,0,Percentage,2
NGA,NIGERIA,Probability to receive funding,By technology,Electric mobility,Later stage,2021,0,Percentage,2
NGA,NIGERIA,Probability to receive funding,By technology,Energy efficiency,Later stage,2015,0,Percentage,5.083333492
NGA,NIGERIA,Probability to receive funding,By technology,Energy efficiency,Later stage,2016,0,Percentage,5.416666508
NGA,NIGERIA,Probability to receive funding,By technology,Energy efficiency,Later stage,2017,0,Percentage,5.666666508
NGA,NIGERIA,Probability to receive funding,By technology,Energy efficiency,Later stage,2018,0,Percentage,7
NGA,NIGERIA,Probability to receive funding,By technology,Energy efficiency,Later stage,2019,0,Percentage,9.25
NGA,NIGERIA,Probability to receive funding,By technology,Energy efficiency,Later stage,2020,0,Percentage,9.535714149
NGA,NIGERIA,Probability to receive funding,By technology,Energy efficiency,Later stage,2021,0,Percentage,9.869047165
NGA,NIGERIA,Probability to receive funding,By technology,Energy storage and batteries,Later stage,2017,0,Percentage,0.400000006
NGA,NIGERIA,Probability to receive funding,By technology,Energy storage and batteries,Later stage,2018,0,Percentage,0.400000006
NGA,NIGERIA,Probability to receive funding,By technology,Energy storage and batteries,Later stage,2019,0,Percentage,0.400000006
NGA,NIGERIA,Probability to receive funding,By technology,Energy storage and batteries,Later stage,2020,0,Percentage,0.54285717
NGA,NIGERIA,Probability to receive funding,By technology,Energy storage and batteries,Later stage,2021,0,Percentage,0.54285717
NGA,NIGERIA,Probability to receive funding,By technology,Fossil fuels,Later stage,2015,0,Percentage,18.91666603
NGA,NIGERIA,Probability to receive funding,By technology,Fossil fuels,Later stage,2016,0,Percentage,22.08333397
NGA,NIGERIA,Probability to receive funding,By technology,Fossil fuels,Later stage,2017,0,Percentage,24.08333397
NGA,NIGERIA,Probability to receive funding,By technology,Fossil fuels,Later stage,2018,0,Percentage,24.91666603
NGA,NIGERIA,Probability to receive funding,By technology,Fossil fuels,Later stage,2019,0,Percentage,25.41666603
NGA,NIGERIA,Probability to receive funding,By technology,Fossil fuels,Later stage,2020,0,Percentage,25.41666603
NGA,NIGERIA,Probability to receive funding,By technology,Fossil fuels,Later stage,2021,0,Percentage,25.58333397
NGA,NIGERIA,Probability to receive funding,By technology,Grid,Later stage,2015,0,Percentage,4
NGA,NIGERIA,Probability to receive funding,By technology,Grid,Later stage,2016,0,Percentage,4.166666508
NGA,NIGERIA,Probability to receive funding,By technology,Grid,Later stage,2017,0,Percentage,5.666666508
NGA,NIGERIA,Probability to receive funding,By technology,Grid,Later stage,2018,0,Percentage,6.666666508
NGA,NIGERIA,Probability to receive funding,By technology,Grid,Later stage,2019,0,Percentage,6.666666508
NGA,NIGERIA,Probability to receive funding,By technology,Grid,Later stage,2020,0,Percentage,6.666666508
NGA,NIGERIA,Probability to receive funding,By technology,Grid,Later stage,2021,0,Percentage,6.833333492
NGA,NIGERIA,Probability to receive funding,By technology,Non-clean energy,Later stage,2021,0,Percentage,55
NGA,NIGERIA,Probability to receive funding,By technology,Other energy,Later stage,2015,2.926829338,Percentage,17.08333397
NGA,NIGERIA,Probability to receive funding,By technology,Other energy,Later stage,2016,2.620087385,Percentage,19.08333397
NGA,NIGERIA,Probability to receive funding,By technology,Other energy,Later stage,2017,2.358490467,Percentage,21.20000076
NGA,NIGERIA,Probability to receive funding,By technology,Other energy,Later stage,2018,1.932989717,Percentage,25.86666679
NGA,NIGERIA,Probability to receive funding,By technology,Other energy,Later stage,2019,1.843884468,Percentage,27.11666679
NGA,NIGERIA,Probability to receive funding,By technology,Other energy,Later stage,2020,1.812063217,Percentage,27.59285736
NGA,NIGERIA,Probability to receive funding,By technology,Other energy,Later stage,2021,1.748688459,Percentage,28.59285736
NGA,NIGERIA,Fundings of start-ups,By technology,Other energy,Later stage,2022,4.408219337,Years,28.59285736
NGA,NIGERIA,Probability to receive funding,By technology,Other renewables,Later stage,2015,4.411764622,Percentage,11.33333302
NGA,NIGERIA,Probability to receive funding,By technology,Other renewables,Later stage,2016,3.846153736,Percentage,13
NGA,NIGERIA,Probability to receive funding,By technology,Other renewables,Later stage,2017,3.201707602,Percentage,15.61666679
NGA,NIGERIA,Probability to receive funding,By technology,Other renewables,Later stage,2018,2.710027218,Percentage,18.45000076
NGA,NIGERIA,Probability to receive funding,By technology,Other renewables,Later stage,2019,2.358490467,Percentage,21.20000076
NGA,NIGERIA,Probability to receive funding,By technology,Other renewables,Later stage,2020,2.29157567,Percentage,21.81904793
NGA,NIGERIA,Probability to receive funding,By technology,Other renewables,Later stage,2021,2.207273483,Percentage,22.6523819
NGA,NIGERIA,Probability to receive funding,By technology,Solar,Later stage,2015,0,Percentage,3.583333254
NGA,NIGERIA,Probability to receive funding,By technology,Solar,Later stage,2016,0,Percentage,5.25
NGA,NIGERIA,Probability to receive funding,By technology,Solar,Later stage,2017,0,Percentage,7.366666794
NGA,NIGERIA,Probability to receive funding,By technology,Solar,Later stage,2018,0,Percentage,8.699999809
NGA,NIGERIA,Probability to receive funding,By technology,Solar,Later stage,2019,0,Percentage,9.949999809
NGA,NIGERIA,Probability to receive funding,By technology,Solar,Later stage,2020,0,Percentage,10.42619038
NGA,NIGERIA,Probability to receive funding,By technology,Solar,Later stage,2021,0,Percentage,10.92619038
NFK,NORFOLK ISLAND,Probability to receive funding,"By sector (energy, green, digital)",Non-energy,Early stage,2021,0,Percentage,1
NFK,NORFOLK ISLAND,Probability to receive funding,"By sector (energy, green, digital)",Non-energy,Later stage,2021,0,Percentage,1
MNP,NORTHERN MARIANA ISLANDS,Probability to receive funding,"By sector (energy, green, digital)",Non-energy,Early stage,2021,50,Percentage,2
MNP,NORTHERN MARIANA ISLANDS,Fundings of start-ups,"By sector (energy, green, digital)",Non-energy,Early stage,2022,4.728766918,Years,2
MNP,NORTHERN MARIANA ISLANDS,Probability to receive funding,"By sector (energy, green, digital)",Non-energy,Later stage,2021,0,Percentage,2
NOR,NORWAY,Fundings of start-ups,"By sector (energy, green, digital)",Energy,Early stage,2007,80377360,USD,1
NOR,NORWAY,Fundings of start-ups,"By sector (energy, green, digital)",Energy,Early stage,2008,49106180,USD,3
NOR,NORWAY,Fundings of start-ups,"By sector (energy, green, digital)",Energy,Early stage,2009,5584756,USD,1
NOR,NORWAY,Fundings of start-ups,"By sector (energy, green, digital)",Energy,Early stage,2010,914624.5625,USD,1
NOR,NORWAY,Fundings of start-ups,"By sector (energy, green, digital)",Energy,Early stage,2011,27244186,USD,1
NOR,NORWAY,Fundings of start-ups,"By sector (energy, green, digital)",Energy,Early stage,2013,29915.73047,USD,1
NOR,NORWAY,Fundings of start-ups,"By sector (energy, green, digital)",Energy,Early stage,2014,14309834,USD,2
NOR,NORWAY,Fundings of start-ups,"By sector (energy, green, digital)",Energy,Early stage,2015,1982900.5,USD,2
NOR,NORWAY,Fundings of start-ups,"By sector (energy, green, digital)",Energy,Early stage,2016,15200152,USD,3
NOR,NORWAY,Fundings of start-ups,"By sector (energy, green, digital)",Energy,Early stage,2017,6503797.5,USD,3
NOR,NORWAY,Fundings of start-ups,"By sector (energy, green, digital)",Energy,Early stage,2019,20765252,USD,3
NOR,NORWAY,Fundings of start-ups,"By sector (energy, green, digital)",Energy,Early stage,2020,68099904,USD,9
NOR,NORWAY,Fundings of start-ups,"By sector (energy, green, digital)",Energy,Early stage,2021,9051110,USD,6
NOR,NORWAY,Probability to receive funding,"By sector (energy, green, digital)",Energy,Early stage,2021,8.650519371,Percentage,289
NOR,NORWAY,Fundings of start-ups,"By sector (energy, green, digital)",Energy,Early stage,2022,2.527739763,Years,291
NOR,NORWAY,Fundings of start-ups,"By sector (energy, green, digital)",Energy,Early stage,2022,25733596,USD,5
NOR,NORWAY,Fundings of start-ups,"By sector (energy, green, digital)",Energy and digital,Early stage,2010,914624.5625,USD,1
NOR,NORWAY,Fundings of start-ups,"By sector (energy, green, digital)",Energy and digital,Early stage,2013,29915.73047,USD,1
NOR,NORWAY,Fundings of start-ups,"By sector (energy, green, digital)",Energy and digital,Early stage,2014,14309834,USD,2
NOR,NORWAY,Fundings of start-ups,"By sector (energy, green, digital)",Energy and digital,Early stage,2015,1982900.5,USD,2
NOR,NORWAY,Fundings of start-ups,"By sector (energy, green, digital)",Energy and digital,Early stage,2016,15200152,USD,3
NOR,NORWAY,Fundings of start-ups,"By sector (energy, green, digital)",Energy and digital,Early stage,2017,838903.875,USD,2
NOR,NORWAY,Fundings of start-ups,"By sector (energy, green, digital)",Energy and digital,Early stage,2019,20765252,USD,3
NOR,NORWAY,Fundings of start-ups,"By sector (energy, green, digital)",Energy and digital,Early stage,2020,51444592,USD,7
NOR,NORWAY,Probability to receive funding,"By sector (energy, green, digital)",Energy and digital,Early stage,2021,14.41441441,Percentage,111
NOR,NORWAY,Fundings of start-ups,"By sector (energy, green, digital)",Energy and digital,Early stage,2021,4735981,USD,4
NOR,NORWAY,Fundings of start-ups,"By sector (energy, green, digital)",Energy and digital,Early stage,2022,2.847089052,Years,112
NOR,NORWAY,Fundings of start-ups,"By sector (energy, green, digital)",Energy and digital,Early stage,2022,4700000,USD,2
NOR,NORWAY,Fundings of start-ups,"By sector (energy, green, digital)",Energy and non-digital,Early stage,2007,80377360,USD,1
NOR,NORWAY,Fundings of start-ups,"By sector (energy, green, digital)",Energy and non-digital,Early stage,2008,49106180,USD,3
NOR,NORWAY,Fundings of start-ups,"By sector (energy, green, digital)",Energy and non-digital,Early stage,2009,5584756,USD,1
NOR,NORWAY,Fundings of start-ups,"By sector (energy, green, digital)",Energy and non-digital,Early stage,2011,27244186,USD,1
NOR,NORWAY,Fundings of start-ups,"By sector (energy, green, digital)",Energy and non-digital,Early stage,2017,5664893.5,USD,1
NOR,NORWAY,Fundings of start-ups,"By sector (energy, green, digital)",Energy and non-digital,Early stage,2020,16655316,USD,2
NOR,NORWAY,Fundings of start-ups,"By sector (energy, green, digital)",Energy and non-digital,Early stage,2021,4315129,USD,2
NOR,NORWAY,Probability to receive funding,"By sector (energy, green, digital)",Energy and non-digital,Early stage,2021,5.05618,Percentage,178
NOR,NORWAY,Fundings of start-ups,"By sector (energy, green, digital)",Energy and non-digital,Early stage,2022,1.889041066,Years,179
NOR,NORWAY,Fundings of start-ups,"By sector (energy, green, digital)",Energy and non-digital,Early stage,2022,21033596,USD,3
NOR,NORWAY,Fundings of start-ups,"By sector (energy, green, digital)",Non-energy,Early stage,2003,40670.91406,USD,1
NOR,NORWAY,Fundings of start-ups,"By sector (energy, green, digital)",Non-energy,Early stage,2005,58539264,USD,4
NOR,NORWAY,Fundings of start-ups,"By sector (energy, green, digital)",Non-energy,Early stage,2006,5046993.5,USD,2
NOR,NORWAY,Fundings of start-ups,"By sector (energy, green, digital)",Non-energy,Early stage,2007,16496616,USD,9
NOR,NORWAY,Fundings of start-ups,"By sector (energy, green, digital)",Non-energy,Early stage,2008,18155346,USD,8
NOR,NORWAY,Fundings of start-ups,"By sector (energy, green, digital)",Non-energy,Early stage,2009,14443605,USD,2
NOR,NORWAY,Fundings of start-ups,"By sector (energy, green, digital)",Non-energy,Early stage,2010,4948742.5,USD,4
NOR,NORWAY,Fundings of start-ups,"By sector (energy, green, digital)",Non-energy,Early stage,2011,53067940,USD,7
NOR,NORWAY,Fundings of start-ups,"By sector (energy, green, digital)",Non-energy,Early stage,2012,27208678,USD,8
NOR,NORWAY,Fundings of start-ups,"By sector (energy, green, digital)",Non-energy,Early stage,2013,34418836,USD,18
NOR,NORWAY,Fundings of start-ups,"By sector (energy, green, digital)",Non-energy,Early stage,2014,40045496,USD,17
NOR,NORWAY,Fundings of start-ups,"By sector (energy, green, digital)",Non-energy,Early stage,2015,94629056,USD,27
NOR,NORWAY,Fundings of start-ups,"By sector (energy, green, digital)",Non-energy,Early stage,2016,56587176,USD,36
NOR,NORWAY,Fundings of start-ups,"By sector (energy, green, digital)",Non-energy,Early stage,2017,80602024,USD,51
NOR,NORWAY,Fundings of start-ups,"By sector (energy, green, digital)",Non-energy,Early stage,2018,101897328,USD,55
NOR,NORWAY,Fundings of start-ups,"By sector (energy, green, digital)",Non-energy,Early stage,2019,94443104,USD,48
NOR,NORWAY,Fundings of start-ups,"By sector (energy, green, digital)",Non-energy,Early stage,2020,177558208,USD,45
NOR,NORWAY,Probability to receive funding,"By sector (energy, green, digital)",Non-energy,Early stage,2021,7.969585896,Percentage,3551
NOR,NORWAY,Fundings of start-ups,"By sector (energy, green, digital)",Non-energy,Early stage,2021,336829888,USD,50
NOR,NORWAY,Fundings of start-ups,"By sector (energy, green, digital)",Non-energy,Early stage,2022,2.530260563,Years,3563
NOR,NORWAY,Fundings of start-ups,"By sector (energy, green, digital)",Non-energy,Early stage,2022,308782816,USD,30
NOR,NORWAY,Fundings of start-ups,"By sector (energy, green, digital)",Energy,Later stage,2009,91966648,USD,4
NOR,NORWAY,Fundings of start-ups,"By sector (energy, green, digital)",Energy,Later stage,2010,51017964,USD,1
NOR,NORWAY,Fundings of start-ups,"By sector (energy, green, digital)",Energy,Later stage,2011,30959302,USD,1
NOR,NORWAY,Fundings of start-ups,"By sector (energy, green, digital)",Energy,Later stage,2014,32950276,USD,1
NOR,NORWAY,Fundings of start-ups,"By sector (energy, green, digital)",Energy,Later stage,2016,8996779,USD,2
NOR,NORWAY,Fundings of start-ups,"By sector (energy, green, digital)",Energy,Later stage,2017,11479066,USD,3
NOR,NORWAY,Fundings of start-ups,"By sector (energy, green, digital)",Energy,Later stage,2018,29864294,USD,2
NOR,NORWAY,Fundings of start-ups,"By sector (energy, green, digital)",Energy,Later stage,2019,17744026,USD,1
NOR,NORWAY,Fundings of start-ups,"By sector (energy, green, digital)",Energy,Later stage,2020,66065464,USD,4
NOR,NORWAY,Fundings of start-ups,"By sector (energy, green, digital)",Energy,Later stage,2021,45275364,USD,1
NOR,NORWAY,Probability to receive funding,"By sector (energy, green, digital)",Energy,Later stage,2021,11.41868496,Percentage,289
NOR,NORWAY,Fundings of start-ups,"By sector (energy, green, digital)",Energy,Later stage,2022,133381520,USD,2
NOR,NORWAY,Fundings of start-ups,"By sector (energy, green, digital)",Energy,Later stage,2022,4.90907526,Years,291
NOR,NORWAY,Fundings of start-ups,"By sector (energy, green, digital)",Energy and digital,Later stage,2016,8996779,USD,2
NOR,NORWAY,Fundings of start-ups,"By sector (energy, green, digital)",Energy and digital,Later stage,2017,11479066,USD,3
NOR,NORWAY,Fundings of start-ups,"By sector (energy, green, digital)",Energy and digital,Later stage,2018,29864294,USD,2
NOR,NORWAY,Fundings of start-ups,"By sector (energy, green, digital)",Energy and digital,Later stage,2019,17744026,USD,1
NOR,NORWAY,Fundings of start-ups,"By sector (energy, green, digital)",Energy and digital,Later stage,2020,18287878,USD,2
NOR,NORWAY,Fundings of start-ups,"By sector (energy, green, digital)",Energy and digital,Later stage,2021,45275364,USD,1
NOR,NORWAY,Probability to receive funding,"By sector (energy, green, digital)",Energy and digital,Later stage,2021,14.41441441,Percentage,111
NOR,NORWAY,Fundings of start-ups,"By sector (energy, green, digital)",Energy and digital,Later stage,2022,133381520,USD,2
NOR,NORWAY,Fundings of start-ups,"By sector (energy, green, digital)",Energy and digital,Later stage,2022,5.342283249,Years,112
NOR,NORWAY,Fundings of start-ups,"By sector (energy, green, digital)",Energy and non-digital,Later stage,2009,91966648,USD,4
NOR,NORWAY,Fundings of start-ups,"By sector (energy, green, digital)",Energy and non-digital,Later stage,2010,51017964,USD,1
NOR,NORWAY,Fundings of start-ups,"By sector (energy, green, digital)",Energy and non-digital,Later stage,2011,30959302,USD,1
NOR,NORWAY,Fundings of start-ups,"By sector (energy, green, digital)",Energy and non-digital,Later stage,2014,32950276,USD,1
NOR,NORWAY,Fundings of start-ups,"By sector (energy, green, digital)",Energy and non-digital,Later stage,2020,47777584,USD,2
NOR,NORWAY,Probability to receive funding,"By sector (energy, green, digital)",Energy and non-digital,Later stage,2021,9.550561905,Percentage,178
NOR,NORWAY,Fundings of start-ups,"By sector (energy, green, digital)",Energy and non-digital,Later stage,2022,4.526833057,Years,179
NOR,NORWAY,Fundings of start-ups,"By sector (energy, green, digital)",Non-energy,Later stage,2005,6418590.5,USD,1
NOR,NORWAY,Fundings of start-ups,"By sector (energy, green, digital)",Non-energy,Later stage,2007,6698113,USD,1
NOR,NORWAY,Fundings of start-ups,"By sector (energy, green, digital)",Non-energy,Later stage,2008,787454.5625,USD,1
NOR,NORWAY,Fundings of start-ups,"By sector (energy, green, digital)",Non-energy,Later stage,2009,4454817,USD,1
NOR,NORWAY,Fundings of start-ups,"By sector (energy, green, digital)",Non-energy,Later stage,2012,181534.0938,USD,1
NOR,NORWAY,Fundings of start-ups,"By sector (energy, green, digital)",Non-energy,Later stage,2013,7107977.5,USD,1
NOR,NORWAY,Fundings of start-ups,"By sector (energy, green, digital)",Non-energy,Later stage,2014,26642558,USD,4
NOR,NORWAY,Fundings of start-ups,"By sector (energy, green, digital)",Non-energy,Later stage,2015,46954464,USD,5
NOR,NORWAY,Fundings of start-ups,"By sector (energy, green, digital)",Non-energy,Later stage,2016,137846176,USD,9
NOR,NORWAY,Fundings of start-ups,"By sector (energy, green, digital)",Non-energy,Later stage,2017,60089432,USD,11
NOR,NORWAY,Fundings of start-ups,"By sector (energy, green, digital)",Non-energy,Later stage,2018,43845228,USD,7
NOR,NORWAY,Fundings of start-ups,"By sector (energy, green, digital)",Non-energy,Later stage,2019,106447256,USD,15
NOR,NORWAY,Fundings of start-ups,"By sector (energy, green, digital)",Non-energy,Later stage,2020,14577198,USD,3
NOR,NORWAY,Fundings of start-ups,"By sector (energy, green, digital)",Non-energy,Later stage,2021,89600208,USD,6
NOR,NORWAY,Probability to receive funding,"By sector (energy, green, digital)",Non-energy,Later stage,2021,4.224162102,Percentage,3551
NOR,NORWAY,Fundings of start-ups,"By sector (energy, green, digital)",Non-energy,Later stage,2022,209982448,USD,4
NOR,NORWAY,Fundings of start-ups,"By sector (energy, green, digital)",Non-energy,Later stage,2022,4.640452385,Years,3563
NOR,NORWAY,Fundings of start-ups,By technology,Electric mobility,all,2007,80377360,USD,1
NOR,NORWAY,Fundings of start-ups,By technology,Electric mobility,all,2008,5163636.5,USD,1
NOR,NORWAY,Fundings of start-ups,By technology,Electric mobility,all,2009,68445728,USD,2
NOR,NORWAY,Fundings of start-ups,By technology,Electric mobility,all,2010,51017964,USD,1
NOR,NORWAY,Fundings of start-ups,By technology,Electric mobility,all,2017,668957.0625,USD,1
NOR,NORWAY,Fundings of start-ups,By technology,Electric mobility,all,2019,4622436,USD,1
NOR,NORWAY,Fundings of start-ups,By technology,Electric mobility,all,2021,576732,USD,0.5
NOR,NORWAY,Fundings of start-ups,By technology,Electric mobility,all,2022,2125848,USD,0.5
NOR,NORWAY,Fundings of start-ups,By technology,Energy efficiency,all,2010,548774.75,USD,0.600000024
NOR,NORWAY,Fundings of start-ups,By technology,Energy efficiency,all,2013,29915.73047,USD,1
NOR,NORWAY,Fundings of start-ups,By technology,Energy efficiency,all,2014,14309834,USD,2
NOR,NORWAY,Fundings of start-ups,By technology,Energy efficiency,all,2015,1726947.5,USD,1.5
NOR,NORWAY,Fundings of start-ups,By technology,Energy efficiency,all,2016,18212722,USD,3.016666651
NOR,NORWAY,Fundings of start-ups,By technology,Energy efficiency,all,2017,2504926.75,USD,2.583333254
NOR,NORWAY,Fundings of start-ups,By technology,Energy efficiency,all,2018,16640625,USD,1
NOR,NORWAY,Fundings of start-ups,By technology,Energy efficiency,all,2019,11795607,USD,1.933333278
NOR,NORWAY,Fundings of start-ups,By technology,Energy efficiency,all,2020,71062328,USD,6.016666889
NOR,NORWAY,Fundings of start-ups,By technology,Energy efficiency,all,2021,50460108,USD,3.333333254
NOR,NORWAY,Fundings of start-ups,By technology,Energy efficiency,all,2022,70402064,USD,2
NOR,NORWAY,Fundings of start-ups,By technology,Grid,all,2010,182924.9063,USD,0.200000003
NOR,NORWAY,Fundings of start-ups,By technology,Grid,all,2016,1147662.25,USD,0.200000003
NOR,NORWAY,Fundings of start-ups,By technology,Grid,all,2019,667402.875,USD,0.200000003
NOR,NORWAY,Fundings of start-ups,By technology,Grid,all,2020,1263315.75,USD,0.200000003
NOR,NORWAY,Fundings of start-ups,By technology,Grid,all,2021,576732,USD,0.5
NOR,NORWAY,Fundings of start-ups,By technology,Grid,all,2022,2125848,USD,0.5
NOR,NORWAY,Fundings of start-ups,By technology,Other energy,all,2016,1810027.875,USD,1.25
NOR,NORWAY,Fundings of start-ups,By technology,Other energy,all,2017,5395485,USD,1.583333373
NOR,NORWAY,Fundings of start-ups,By technology,Other energy,all,2018,4407889.5,USD,0.333333343
NOR,NORWAY,Fundings of start-ups,By technology,Other energy,all,2019,13913375,USD,2
NOR,NORWAY,Fundings of start-ups,By technology,Other energy,all,2020,38110544,USD,2.583333254
NOR,NORWAY,Fundings of start-ups,By technology,Other energy,all,2021,1659011,USD,2.333333254
NOR,NORWAY,Fundings of start-ups,By technology,Other energy,all,2022,51721140,USD,1.5
NOR,NORWAY,Fundings of start-ups,By technology,Other renewables,all,2008,968181.8125,USD,0.5
NOR,NORWAY,Fundings of start-ups,By technology,Other renewables,all,2009,17345214,USD,2
NOR,NORWAY,Fundings of start-ups,By technology,Other renewables,all,2010,182924.9063,USD,0.200000003
NOR,NORWAY,Fundings of start-ups,By technology,Other renewables,all,2011,58203488,USD,2
NOR,NORWAY,Fundings of start-ups,By technology,Other renewables,all,2013,11966292,USD,1
NOR,NORWAY,Fundings of start-ups,By technology,Other renewables,all,2014,32950276,USD,1
NOR,NORWAY,Fundings of start-ups,By technology,Other renewables,all,2015,46150980,USD,1.5
NOR,NORWAY,Fundings of start-ups,By technology,Other renewables,all,2016,2559827.5,USD,0.866666675
NOR,NORWAY,Fundings of start-ups,By technology,Other renewables,all,2017,5266300,USD,1.166666627
NOR,NORWAY,Fundings of start-ups,By technology,Other renewables,all,2018,4407889.5,USD,0.333333343
NOR,NORWAY,Fundings of start-ups,By technology,Other renewables,all,2019,6582078.5,USD,0.533333361
NOR,NORWAY,Fundings of start-ups,By technology,Other renewables,all,2020,55883580,USD,3.866666555
NOR,NORWAY,Fundings of start-ups,By technology,Other renewables,all,2021,1053888.375,USD,0.333333343
NOR,NORWAY,Fundings of start-ups,By technology,Other renewables,all,2022,16500426,USD,1.666666627
NOR,NORWAY,Fundings of start-ups,By technology,Solar,all,2008,42974364,USD,1.5
NOR,NORWAY,Fundings of start-ups,By technology,Solar,all,2009,11760457,USD,1
NOR,NORWAY,Fundings of start-ups,By technology,Solar,all,2010,17765202,USD,1
NOR,NORWAY,Fundings of start-ups,By technology,Solar,all,2016,1412165.25,USD,0.666666687
NOR,NORWAY,Fundings of start-ups,By technology,Solar,all,2017,4531610,USD,0.666666687
NOR,NORWAY,Fundings of start-ups,By technology,Solar,all,2018,4407889.5,USD,0.333333343
NOR,NORWAY,Fundings of start-ups,By technology,Solar,all,2019,5914675.5,USD,0.333333343
NOR,NORWAY,Fundings of start-ups,By technology,Solar,all,2020,5378788,USD,0.333333343
NOR,NORWAY,Fundings of start-ups,By technology,Solar,all,2022,11239793,USD,0.333333343
NOR,NORWAY,Fundings of start-ups,By technology,Wind,all,2020,118333.3359,USD,1
NOR,NORWAY,Fundings of start-ups,By technology,Wind,all,2022,5000000,USD,0.5
NOR,NORWAY,Fundings of start-ups,By technology,Clean energy,Early stage,2007,80377360,USD,1
NOR,NORWAY,Fundings of start-ups,By technology,Clean energy,Early stage,2008,49106180,USD,3
NOR,NORWAY,Fundings of start-ups,By technology,Clean energy,Early stage,2009,5584756,USD,1
NOR,NORWAY,Fundings of start-ups,By technology,Clean energy,Early stage,2010,914624.5625,USD,1
NOR,NORWAY,Fundings of start-ups,By technology,Clean energy,Early stage,2011,27244186,USD,1
NOR,NORWAY,Fundings of start-ups,By technology,Clean energy,Early stage,2013,29915.73047,USD,1
NOR,NORWAY,Fundings of start-ups,By technology,Clean energy,Early stage,2014,14309834,USD,2
NOR,NORWAY,Fundings of start-ups,By technology,Clean energy,Early stage,2015,1982900.5,USD,2
NOR,NORWAY,Fundings of start-ups,By technology,Clean energy,Early stage,2016,15200152,USD,3
NOR,NORWAY,Fundings of start-ups,By technology,Clean energy,Early stage,2017,6503797.5,USD,3
NOR,NORWAY,Fundings of start-ups,By technology,Clean energy,Early stage,2019,17663252,USD,2
NOR,NORWAY,Fundings of start-ups,By technology,Clean energy,Early stage,2020,57191744,USD,7
NOR,NORWAY,Probability to receive funding,By technology,Clean energy,Early stage,2021,15.78947353,Percentage,133
NOR,NORWAY,Fundings of start-ups,By technology,Clean energy,Early stage,2021,4920251.5,USD,4
NOR,NORWAY,Fundings of start-ups,By technology,Clean energy,Early stage,2022,1.995205522,Years,135
NOR,NORWAY,Fundings of start-ups,By technology,Clean energy,Early stage,2022,24033596,USD,4
NOR,NORWAY,Probability to receive funding,By technology,Electric mobility,Early stage,2015,0,Percentage,4
NOR,NORWAY,Probability to receive funding,By technology,Electric mobility,Early stage,2016,15.38461494,Percentage,6.5
NOR,NORWAY,Probability to receive funding,By technology,Electric mobility,Early stage,2017,15.38461494,Percentage,6.5
NOR,NORWAY,Probability to receive funding,By technology,Electric mobility,Early stage,2018,15.38461494,Percentage,6.5
NOR,NORWAY,Probability to receive funding,By technology,Electric mobility,Early stage,2019,13.33333302,Percentage,7.5
NOR,NORWAY,Probability to receive funding,By technology,Electric mobility,Early stage,2020,23.52941132,Percentage,8.5
NOR,NORWAY,Probability to receive funding,By technology,Electric mobility,Early stage,2021,27.77777863,Percentage,9
NOR,NORWAY,Probability to receive funding,By technology,Energy efficiency,Early stage,2015,14.53900719,Percentage,28.20000076
NOR,NORWAY,Probability to receive funding,By technology,Energy efficiency,Early stage,2016,19.24212646,Percentage,33.86666489
NOR,NORWAY,Probability to receive funding,By technology,Energy efficiency,Early stage,2017,16.65956497,Percentage,39.11666489
NOR,NORWAY,Probability to receive funding,By technology,Energy efficiency,Early stage,2018,15.84920979,Percentage,41.11666489
NOR,NORWAY,Probability to receive funding,By technology,Energy efficiency,Early stage,2019,15.84920979,Percentage,41.11666489
NOR,NORWAY,Probability to receive funding,By technology,Energy efficiency,Early stage,2020,15.76524734,Percentage,43.45000076
NOR,NORWAY,Probability to receive funding,By technology,Energy efficiency,Early stage,2021,15.76524734,Percentage,43.45000076
NOR,NORWAY,Fundings of start-ups,By technology,Energy efficiency,Early stage,2022,4.464187145,Years,43.45000076
NOR,NORWAY,Probability to receive funding,By technology,Energy storage and batteries,Early stage,2015,0,Percentage,3.833333254
NOR,NORWAY,Probability to receive funding,By technology,Energy storage and batteries,Early stage,2016,0,Percentage,4.666666508
NOR,NORWAY,Probability to receive funding,By technology,Energy storage and batteries,Early stage,2017,0,Percentage,4.916666508
NOR,NORWAY,Probability to receive funding,By technology,Energy storage and batteries,Early stage,2018,0,Percentage,5.25
NOR,NORWAY,Probability to receive funding,By technology,Energy storage and batteries,Early stage,2019,0,Percentage,5.25
NOR,NORWAY,Probability to receive funding,By technology,Energy storage and batteries,Early stage,2020,0,Percentage,5.75
NOR,NORWAY,Probability to receive funding,By technology,Energy storage and batteries,Early stage,2021,0,Percentage,5.75
NOR,NORWAY,Probability to receive funding,By technology,Fossil fuels,Early stage,2015,0,Percentage,63.86666489
NOR,NORWAY,Probability to receive funding,By technology,Fossil fuels,Early stage,2016,0,Percentage,69.03333282
NOR,NORWAY,Probability to receive funding,By technology,Fossil fuels,Early stage,2017,0.695732832,Percentage,71.8666687
NOR,NORWAY,Probability to receive funding,By technology,Fossil fuels,Early stage,2018,0.667853951,Percentage,74.8666687
NOR,NORWAY,Probability to receive funding,By technology,Fossil fuels,Early stage,2019,1.959930301,Percentage,76.53333282
NOR,NORWAY,Probability to receive funding,By technology,Fossil fuels,Early stage,2020,1.959930301,Percentage,76.53333282
NOR,NORWAY,Probability to receive funding,By technology,Fossil fuels,Early stage,2021,1.959930301,Percentage,76.53333282
NOR,NORWAY,Fundings of start-ups,By technology,Fossil fuels,Early stage,2022,2.936986208,Years,76.53333282
NOR,NORWAY,Probability to receive funding,By technology,Grid,Early stage,2015,3.100775242,Percentage,6.449999809
NOR,NORWAY,Probability to receive funding,By technology,Grid,Early stage,2016,2.919708014,Percentage,6.849999905
NOR,NORWAY,Probability to receive funding,By technology,Grid,Early stage,2017,2.919708014,Percentage,6.849999905
NOR,NORWAY,Probability to receive funding,By technology,Grid,Early stage,2018,2.547770739,Percentage,7.849999905
NOR,NORWAY,Probability to receive funding,By technology,Grid,Early stage,2019,2.547770739,Percentage,7.849999905
NOR,NORWAY,Probability to receive funding,By technology,Grid,Early stage,2020,2.25988698,Percentage,8.850000381
NOR,NORWAY,Probability to receive funding,By technology,Grid,Early stage,2021,7.486630917,Percentage,9.350000381
NOR,NORWAY,Fundings of start-ups,By technology,Grid,Early stage,2022,0.168297455,Years,9.350000381
NOR,NORWAY,Probability to receive funding,By technology,Hydrogen and fuel cells,Early stage,2015,0,Percentage,0.533333361
NOR,NORWAY,Probability to receive funding,By technology,Hydrogen and fuel cells,Early stage,2016,0,Percentage,0.866666675
NOR,NORWAY,Probability to receive funding,By technology,Hydrogen and fuel cells,Early stage,2017,0,Percentage,2.116666555
NOR,NORWAY,Probability to receive funding,By technology,Hydrogen and fuel cells,Early stage,2018,0,Percentage,2.116666555
NOR,NORWAY,Probability to receive funding,By technology,Hydrogen and fuel cells,Early stage,2019,0,Percentage,2.783333302
NOR,NORWAY,Probability to receive funding,By technology,Hydrogen and fuel cells,Early stage,2020,0,Percentage,2.783333302
NOR,NORWAY,Probability to receive funding,By technology,Hydrogen and fuel cells,Early stage,2021,0,Percentage,3.283333302
NOR,NORWAY,Fundings of start-ups,By technology,Non-clean energy,Early stage,2019,3102000.5,USD,1
NOR,NORWAY,Fundings of start-ups,By technology,Non-clean energy,Early stage,2020,10908165,USD,2
NOR,NORWAY,Probability to receive funding,By technology,Non-clean energy,Early stage,2021,2.56410265,Percentage,156
NOR,NORWAY,Fundings of start-ups,By technology,Non-clean energy,Early stage,2021,4130858.25,USD,2
NOR,NORWAY,Fundings of start-ups,By technology,Non-clean energy,Early stage,2022,5.190411091,Years,156
NOR,NORWAY,Fundings of start-ups,By technology,Non-clean energy,Early stage,2022,1700000,USD,1
NOR,NORWAY,Probability to receive funding,By technology,Other energy,Early stage,2015,0,Percentage,53.09999847
NOR,NORWAY,Probability to receive funding,By technology,Other energy,Early stage,2016,3.232152939,Percentage,59.29999924
NOR,NORWAY,Probability to receive funding,By technology,Other energy,Early stage,2017,4.629629612,Percentage,64.80000305
NOR,NORWAY,Probability to receive funding,By technology,Other energy,Early stage,2018,4.318617821,Percentage,69.46666718
NOR,NORWAY,Probability to receive funding,By technology,Other energy,Early stage,2019,5.571030617,Percentage,71.80000305
NOR,NORWAY,Probability to receive funding,By technology,Other energy,Early stage,2020,5.819158554,Percentage,74.46666718
NOR,NORWAY,Probability to receive funding,By technology,Other energy,Early stage,2021,5.819158554,Percentage,74.46666718
NOR,NORWAY,Fundings of start-ups,By technology,Other energy,Early stage,2022,2.424394131,Years,73.46666718
NOR,NORWAY,Probability to receive funding,By technology,Other renewables,Early stage,2015,9.010238647,Percentage,24.41666603
NOR,NORWAY,Probability to receive funding,By technology,Other renewables,Early stage,2016,9.825469017,Percentage,25.78333282
NOR,NORWAY,Probability to receive funding,By technology,Other renewables,Early stage,2017,10.61293983,Percentage,29.36666679
NOR,NORWAY,Probability to receive funding,By technology,Other renewables,Early stage,2018,8.812440872,Percentage,35.36666489
NOR,NORWAY,Probability to receive funding,By technology,Other renewables,Early stage,2019,8.730158806,Percentage,35.70000076
NOR,NORWAY,Probability to receive funding,By technology,Other renewables,Early stage,2020,11.44939995,Percentage,38.86666489
NOR,NORWAY,Probability to receive funding,By technology,Other renewables,Early stage,2021,12.11256123,Percentage,40.86666489
NOR,NORWAY,Fundings of start-ups,By technology,Other renewables,Early stage,2022,1.924357772,Years,40.86666489
NOR,NORWAY,Probability to receive funding,By technology,Solar,Early stage,2015,6.134969234,Percentage,8.149999619
NOR,NORWAY,Probability to receive funding,By technology,Solar,Early stage,2016,8.605852127,Percentage,9.683333397
NOR,NORWAY,Probability to receive funding,By technology,Solar,Early stage,2017,11.09350204,Percentage,10.51666641
NOR,NORWAY,Probability to receive funding,By technology,Solar,Early stage,2018,10.13024616,Percentage,11.51666641
NOR,NORWAY,Probability to receive funding,By technology,Solar,Early stage,2019,10.13024616,Percentage,11.51666641
NOR,NORWAY,Probability to receive funding,By technology,Solar,Early stage,2020,9.845288277,Percentage,11.85000038
NOR,NORWAY,Probability to receive funding,By technology,Solar,Early stage,2021,13.49527645,Percentage,12.35000038
NOR,NORWAY,Fundings of start-ups,By technology,Solar,Early stage,2022,0.610684931,Years,12.35000038
NOR,NORWAY,Probability to receive funding,By technology,Wind,Early stage,2015,0,Percentage,1.450000048
NOR,NORWAY,Probability to receive funding,By technology,Wind,Early stage,2016,0,Percentage,1.450000048
NOR,NORWAY,Probability to receive funding,By technology,Wind,Early stage,2017,25.64102554,Percentage,1.950000048
NOR,NORWAY,Probability to receive funding,By technology,Wind,Early stage,2018,25.64102554,Percentage,1.950000048
NOR,NORWAY,Probability to receive funding,By technology,Wind,Early stage,2019,25.64102554,Percentage,1.950000048
NOR,NORWAY,Probability to receive funding,By technology,Wind,Early stage,2020,50.84745789,Percentage,2.950000048
NOR,NORWAY,Probability to receive funding,By technology,Wind,Early stage,2021,50.84745789,Percentage,2.950000048
NOR,NORWAY,Fundings of start-ups,By technology,Wind,Early stage,2022,1.984474897,Years,2.950000048
NOR,NORWAY,Fundings of start-ups,By technology,Clean energy,Later stage,2009,91966648,USD,4
NOR,NORWAY,Fundings of start-ups,By technology,Clean energy,Later stage,2010,51017964,USD,1
NOR,NORWAY,Fundings of start-ups,By technology,Clean energy,Later stage,2011,30959302,USD,1
NOR,NORWAY,Fundings of start-ups,By technology,Clean energy,Later stage,2014,32950276,USD,1
NOR,NORWAY,Fundings of start-ups,By technology,Clean energy,Later stage,2016,8996779,USD,2
NOR,NORWAY,Fundings of start-ups,By technology,Clean energy,Later stage,2017,11479066,USD,3
NOR,NORWAY,Fundings of start-ups,By technology,Clean energy,Later stage,2018,29864294,USD,2
NOR,NORWAY,Fundings of start-ups,By technology,Clean energy,Later stage,2019,17744026,USD,1
NOR,NORWAY,Fundings of start-ups,By technology,Clean energy,Later stage,2020,66065464,USD,4
NOR,NORWAY,Fundings of start-ups,By technology,Clean energy,Later stage,2021,45275364,USD,1
NOR,NORWAY,Probability to receive funding,By technology,Clean energy,Later stage,2021,11.27819538,Percentage,133
NOR,NORWAY,Fundings of start-ups,By technology,Clean energy,Later stage,2022,6.102935314,Years,135
NOR,NORWAY,Fundings of start-ups,By technology,Clean energy,Later stage,2022,133381520,USD,2
NOR,NORWAY,Probability to receive funding,By technology,Electric mobility,Later stage,2015,0,Percentage,4
NOR,NORWAY,Probability to receive funding,By technology,Electric mobility,Later stage,2016,0,Percentage,6.5
NOR,NORWAY,Probability to receive funding,By technology,Electric mobility,Later stage,2017,0,Percentage,6.5
NOR,NORWAY,Probability to receive funding,By technology,Electric mobility,Later stage,2018,0,Percentage,6.5
NOR,NORWAY,Probability to receive funding,By technology,Electric mobility,Later stage,2019,0,Percentage,7.5
NOR,NORWAY,Probability to receive funding,By technology,Electric mobility,Later stage,2020,0,Percentage,8.5
NOR,NORWAY,Probability to receive funding,By technology,Electric mobility,Later stage,2021,0,Percentage,9
NOR,NORWAY,Probability to receive funding,By technology,Energy efficiency,Later stage,2015,15.42553234,Percentage,28.20000076
NOR,NORWAY,Probability to receive funding,By technology,Energy efficiency,Later stage,2016,17.76574898,Percentage,33.86666489
NOR,NORWAY,Probability to receive funding,By technology,Energy efficiency,Later stage,2017,17.93779373,Percentage,39.11666489
NOR,NORWAY,Probability to receive funding,By technology,Energy efficiency,Later stage,2018,17.06526184,Percentage,41.11666489
NOR,NORWAY,Probability to receive funding,By technology,Energy efficiency,Later stage,2019,17.06526184,Percentage,41.11666489
NOR,NORWAY,Probability to receive funding,By technology,Energy efficiency,Later stage,2020,16.14883041,Percentage,43.45000076
NOR,NORWAY,Probability to receive funding,By technology,Energy efficiency,Later stage,2021,16.14883041,Percentage,43.45000076
NOR,NORWAY,Fundings of start-ups,By technology,Energy efficiency,Later stage,2022,6.408700943,Years,43.45000076
NOR,NORWAY,Probability to receive funding,By technology,Energy storage and batteries,Later stage,2015,6.521739006,Percentage,3.833333254
NOR,NORWAY,Probability to receive funding,By technology,Energy storage and batteries,Later stage,2016,5.357142925,Percentage,4.666666508
NOR,NORWAY,Probability to receive funding,By technology,Energy storage and batteries,Later stage,2017,5.084745884,Percentage,4.916666508
NOR,NORWAY,Probability to receive funding,By technology,Energy storage and batteries,Later stage,2018,4.761904716,Percentage,5.25
NOR,NORWAY,Probability to receive funding,By technology,Energy storage and batteries,Later stage,2019,4.761904716,Percentage,5.25
NOR,NORWAY,Probability to receive funding,By technology,Energy storage and batteries,Later stage,2020,13.04347801,Percentage,5.75
NOR,NORWAY,Probability to receive funding,By technology,Energy storage and batteries,Later stage,2021,13.04347801,Percentage,5.75
NOR,NORWAY,Probability to receive funding,By technology,Fossil fuels,Later stage,2015,9.394572258,Percentage,63.86666489
NOR,NORWAY,Probability to receive funding,By technology,Fossil fuels,Later stage,2016,9.415740967,Percentage,69.03333282
NOR,NORWAY,Probability to receive funding,By technology,Fossil fuels,Later stage,2017,9.044527054,Percentage,71.8666687
NOR,NORWAY,Probability to receive funding,By technology,Fossil fuels,Later stage,2018,8.68210125,Percentage,74.8666687
NOR,NORWAY,Probability to receive funding,By technology,Fossil fuels,Later stage,2019,8.493031502,Percentage,76.53333282
NOR,NORWAY,Probability to receive funding,By technology,Fossil fuels,Later stage,2020,8.493031502,Percentage,76.53333282
NOR,NORWAY,Probability to receive funding,By technology,Fossil fuels,Later stage,2021,8.493031502,Percentage,76.53333282
NOR,NORWAY,Fundings of start-ups,By technology,Fossil fuels,Later stage,2022,4.199157238,Years,76.53333282
NOR,NORWAY,Probability to receive funding,By technology,Grid,Later stage,2015,3.100775242,Percentage,6.449999809
NOR,NORWAY,Probability to receive funding,By technology,Grid,Later stage,2016,2.919708014,Percentage,6.849999905
NOR,NORWAY,Probability to receive funding,By technology,Grid,Later stage,2017,2.919708014,Percentage,6.849999905
NOR,NORWAY,Probability to receive funding,By technology,Grid,Later stage,2018,2.547770739,Percentage,7.849999905
NOR,NORWAY,Probability to receive funding,By technology,Grid,Later stage,2019,2.547770739,Percentage,7.849999905
NOR,NORWAY,Probability to receive funding,By technology,Grid,Later stage,2020,7.909604549,Percentage,8.850000381
NOR,NORWAY,Probability to receive funding,By technology,Grid,Later stage,2021,7.486630917,Percentage,9.350000381
NOR,NORWAY,Fundings of start-ups,By technology,Grid,Later stage,2022,3.665753365,Years,9.350000381
NOR,NORWAY,Probability to receive funding,By technology,Hydrogen and fuel cells,Later stage,2015,0,Percentage,0.533333361
NOR,NORWAY,Probability to receive funding,By technology,Hydrogen and fuel cells,Later stage,2016,0,Percentage,0.866666675
NOR,NORWAY,Probability to receive funding,By technology,Hydrogen and fuel cells,Later stage,2017,23.62204742,Percentage,2.116666555
NOR,NORWAY,Probability to receive funding,By technology,Hydrogen and fuel cells,Later stage,2018,23.62204742,Percentage,2.116666555
NOR,NORWAY,Probability to receive funding,By technology,Hydrogen and fuel cells,Later stage,2019,17.96407127,Percentage,2.783333302
NOR,NORWAY,Probability to receive funding,By technology,Hydrogen and fuel cells,Later stage,2020,17.96407127,Percentage,2.783333302
NOR,NORWAY,Probability to receive funding,By technology,Hydrogen and fuel cells,Later stage,2021,15.22842598,Percentage,3.283333302
NOR,NORWAY,Probability to receive funding,By technology,Non-clean energy,Later stage,2021,11.53846169,Percentage,156
NOR,NORWAY,Fundings of start-ups,By technology,Non-clean energy,Later stage,2022,3.980517387,Years,156
NOR,NORWAY,Probability to receive funding,By technology,Other energy,Later stage,2015,11.61330795,Percentage,53.09999847
NOR,NORWAY,Probability to receive funding,By technology,Other energy,Later stage,2016,12.36649799,Percentage,59.29999924
NOR,NORWAY,Probability to receive funding,By technology,Other energy,Later stage,2017,12.86008263,Percentage,64.80000305
NOR,NORWAY,Probability to receive funding,By technology,Other energy,Later stage,2018,12.47600746,Percentage,69.46666718
NOR,NORWAY,Probability to receive funding,By technology,Other energy,Later stage,2019,12.07056618,Percentage,71.80000305
NOR,NORWAY,Probability to receive funding,By technology,Other energy,Later stage,2020,11.63831711,Percentage,74.46666718
NOR,NORWAY,Probability to receive funding,By technology,Other energy,Later stage,2021,11.63831711,Percentage,74.46666718
NOR,NORWAY,Fundings of start-ups,By technology,Other energy,Later stage,2022,3.375945091,Years,73.46666718
NOR,NORWAY,Probability to receive funding,By technology,Other renewables,Later stage,2015,18.90785027,Percentage,24.41666603
NOR,NORWAY,Probability to receive funding,By technology,Other renewables,Later stage,2016,19.19844818,Percentage,25.78333282
NOR,NORWAY,Probability to receive funding,By technology,Other renewables,Later stage,2017,18.55845642,Percentage,29.36666679
NOR,NORWAY,Probability to receive funding,By technology,Other renewables,Later stage,2018,17.29500389,Percentage,35.36666489
NOR,NORWAY,Probability to receive funding,By technology,Other renewables,Later stage,2019,17.13352013,Percentage,35.70000076
NOR,NORWAY,Probability to receive funding,By technology,Other renewables,Later stage,2020,15.73756409,Percentage,38.86666489
NOR,NORWAY,Probability to receive funding,By technology,Other renewables,Later stage,2021,14.96737385,Percentage,40.86666489
NOR,NORWAY,Fundings of start-ups,By technology,Other renewables,Later stage,2022,6.438867092,Years,40.86666489
NOR,NORWAY,Probability to receive funding,By technology,Solar,Later stage,2015,25.56237221,Percentage,8.149999619
NOR,NORWAY,Probability to receive funding,By technology,Solar,Later stage,2016,24.95697021,Percentage,9.683333397
NOR,NORWAY,Probability to receive funding,By technology,Solar,Later stage,2017,22.97939873,Percentage,10.51666641
NOR,NORWAY,Probability to receive funding,By technology,Solar,Later stage,2018,20.98408127,Percentage,11.51666641
NOR,NORWAY,Probability to receive funding,By technology,Solar,Later stage,2019,20.98408127,Percentage,11.51666641
NOR,NORWAY,Probability to receive funding,By technology,Solar,Later stage,2020,20.39381218,Percentage,11.85000038
NOR,NORWAY,Probability to receive funding,By technology,Solar,Later stage,2021,19.56815147,Percentage,12.35000038
NOR,NORWAY,Fundings of start-ups,By technology,Solar,Later stage,2022,4.174492359,Years,12.35000038
NOR,NORWAY,Probability to receive funding,By technology,Wind,Later stage,2015,22.98850632,Percentage,1.450000048
NOR,NORWAY,Probability to receive funding,By technology,Wind,Later stage,2016,22.98850632,Percentage,1.450000048
NOR,NORWAY,Probability to receive funding,By technology,Wind,Later stage,2017,17.09401703,Percentage,1.950000048
NOR,NORWAY,Probability to receive funding,By technology,Wind,Later stage,2018,17.09401703,Percentage,1.950000048
NOR,NORWAY,Probability to receive funding,By technology,Wind,Later stage,2019,17.09401703,Percentage,1.950000048
NOR,NORWAY,Probability to receive funding,By technology,Wind,Later stage,2020,11.29943466,Percentage,2.950000048
NOR,NORWAY,Probability to receive funding,By technology,Wind,Later stage,2021,11.29943466,Percentage,2.950000048
NOR,NORWAY,Fundings of start-ups,By technology,Wind,Later stage,2022,3.909589052,Years,2.950000048
OMN,OMAN,Probability to receive funding,"By sector (energy, green, digital)",Energy,Early stage,2021,0,Percentage,15
OMN,OMAN,Probability to receive funding,"By sector (energy, green, digital)",Energy and digital,Early stage,2021,0,Percentage,1
OMN,OMAN,Probability to receive funding,"By sector (energy, green, digital)",Energy and non-digital,Early stage,2021,0,Percentage,14
OMN,OMAN,Fundings of start-ups,"By sector (energy, green, digital)",Non-energy,Early stage,2016,601956.5,USD,1
OMN,OMAN,Fundings of start-ups,"By sector (energy, green, digital)",Non-energy,Early stage,2019,1086734.75,USD,1
OMN,OMAN,Fundings of start-ups,"By sector (energy, green, digital)",Non-energy,Early stage,2020,3603788,USD,3
OMN,OMAN,Fundings of start-ups,"By sector (energy, green, digital)",Non-energy,Early stage,2021,2623913,USD,2
OMN,OMAN,Probability to receive funding,"By sector (energy, green, digital)",Non-energy,Early stage,2021,9.090909004,Percentage,121
OMN,OMAN,Fundings of start-ups,"By sector (energy, green, digital)",Non-energy,Early stage,2022,1.828144431,Years,122
OMN,OMAN,Probability to receive funding,"By sector (energy, green, digital)",Energy,Later stage,2021,0,Percentage,15
OMN,OMAN,Probability to receive funding,"By sector (energy, green, digital)",Energy and digital,Later stage,2021,0,Percentage,1
OMN,OMAN,Probability to receive funding,"By sector (energy, green, digital)",Energy and non-digital,Later stage,2021,0,Percentage,14
OMN,OMAN,Probability to receive funding,"By sector (energy, green, digital)",Non-energy,Later stage,2021,0,Percentage,121
OMN,OMAN,Probability to receive funding,By technology,Clean energy,Early stage,2021,0,Percentage,1
OMN,OMAN,Probability to receive funding,By technology,Energy efficiency,Early stage,2015,0,Percentage,0.333333343
OMN,OMAN,Probability to receive funding,By technology,Energy efficiency,Early stage,2016,0,Percentage,0.333333343
OMN,OMAN,Probability to receive funding,By technology,Energy efficiency,Early stage,2017,0,Percentage,0.333333343
OMN,OMAN,Probability to receive funding,By technology,Energy efficiency,Early stage,2018,0,Percentage,0.333333343
OMN,OMAN,Probability to receive funding,By technology,Energy efficiency,Early stage,2019,0,Percentage,0.333333343
OMN,OMAN,Probability to receive funding,By technology,Energy efficiency,Early stage,2020,0,Percentage,0.333333343
OMN,OMAN,Probability to receive funding,By technology,Energy efficiency,Early stage,2021,0,Percentage,0.333333343
OMN,OMAN,Probability to receive funding,By technology,Fossil fuels,Early stage,2015,0,Percentage,2.333333254
OMN,OMAN,Probability to receive funding,By technology,Fossil fuels,Early stage,2016,0,Percentage,2.333333254
OMN,OMAN,Probability to receive funding,By technology,Fossil fuels,Early stage,2017,0,Percentage,2.333333254
OMN,OMAN,Probability to receive funding,By technology,Fossil fuels,Early stage,2018,0,Percentage,2.333333254
OMN,OMAN,Probability to receive funding,By technology,Fossil fuels,Early stage,2019,0,Percentage,2.833333254
OMN,OMAN,Probability to receive funding,By technology,Fossil fuels,Early stage,2020,0,Percentage,3.333333254
OMN,OMAN,Probability to receive funding,By technology,Fossil fuels,Early stage,2021,0,Percentage,3.333333254
OMN,OMAN,Probability to receive funding,By technology,Grid,Early stage,2015,0,Percentage,3
OMN,OMAN,Probability to receive funding,By technology,Grid,Early stage,2016,0,Percentage,3
OMN,OMAN,Probability to receive funding,By technology,Grid,Early stage,2017,0,Percentage,3
OMN,OMAN,Probability to receive funding,By technology,Grid,Early stage,2018,0,Percentage,3
OMN,OMAN,Probability to receive funding,By technology,Grid,Early stage,2019,0,Percentage,3
OMN,OMAN,Probability to receive funding,By technology,Grid,Early stage,2020,0,Percentage,3
OMN,OMAN,Probability to receive funding,By technology,Grid,Early stage,2021,0,Percentage,3
OMN,OMAN,Probability to receive funding,By technology,Non-clean energy,Early stage,2021,0,Percentage,14
OMN,OMAN,Probability to receive funding,By technology,Other energy,Early stage,2015,0,Percentage,3.333333254
OMN,OMAN,Probability to receive funding,By technology,Other energy,Early stage,2016,0,Percentage,3.333333254
OMN,OMAN,Probability to receive funding,By technology,Other energy,Early stage,2017,0,Percentage,3.333333254
OMN,OMAN,Probability to receive funding,By technology,Other energy,Early stage,2018,0,Percentage,3.333333254
OMN,OMAN,Probability to receive funding,By technology,Other energy,Early stage,2019,0,Percentage,3.833333254
OMN,OMAN,Probability to receive funding,By technology,Other energy,Early stage,2020,0,Percentage,4.333333492
OMN,OMAN,Probability to receive funding,By technology,Other energy,Early stage,2021,0,Percentage,4.333333492
OMN,OMAN,Probability to receive funding,By technology,Clean energy,Later stage,2021,0,Percentage,1
OMN,OMAN,Probability to receive funding,By technology,Energy efficiency,Later stage,2015,0,Percentage,0.333333343
OMN,OMAN,Probability to receive funding,By technology,Energy efficiency,Later stage,2016,0,Percentage,0.333333343
OMN,OMAN,Probability to receive funding,By technology,Energy efficiency,Later stage,2017,0,Percentage,0.333333343
OMN,OMAN,Probability to receive funding,By technology,Energy efficiency,Later stage,2018,0,Percentage,0.333333343
OMN,OMAN,Probability to receive funding,By technology,Energy efficiency,Later stage,2019,0,Percentage,0.333333343
OMN,OMAN,Probability to receive funding,By technology,Energy efficiency,Later stage,2020,0,Percentage,0.333333343
OMN,OMAN,Probability to receive funding,By technology,Energy efficiency,Later stage,2021,0,Percentage,0.333333343
OMN,OMAN,Probability to receive funding,By technology,Fossil fuels,Later stage,2015,0,Percentage,2.333333254
OMN,OMAN,Probability to receive funding,By technology,Fossil fuels,Later stage,2016,0,Percentage,2.333333254
OMN,OMAN,Probability to receive funding,By technology,Fossil fuels,Later stage,2017,0,Percentage,2.333333254
OMN,OMAN,Probability to receive funding,By technology,Fossil fuels,Later stage,2018,0,Percentage,2.333333254
OMN,OMAN,Probability to receive funding,By technology,Fossil fuels,Later stage,2019,0,Percentage,2.833333254
OMN,OMAN,Probability to receive funding,By technology,Fossil fuels,Later stage,2020,0,Percentage,3.333333254
OMN,OMAN,Probability to receive funding,By technology,Fossil fuels,Later stage,2021,0,Percentage,3.333333254
OMN,OMAN,Probability to receive funding,By technology,Grid,Later stage,2015,0,Percentage,3
OMN,OMAN,Probability to receive funding,By technology,Grid,Later stage,2016,0,Percentage,3
OMN,OMAN,Probability to receive funding,By technology,Grid,Later stage,2017,0,Percentage,3
OMN,OMAN,Probability to receive funding,By technology,Grid,Later stage,2018,0,Percentage,3
OMN,OMAN,Probability to receive funding,By technology,Grid,Later stage,2019,0,Percentage,3
OMN,OMAN,Probability to receive funding,By technology,Grid,Later stage,2020,0,Percentage,3
OMN,OMAN,Probability to receive funding,By technology,Grid,Later stage,2021,0,Percentage,3
OMN,OMAN,Probability to receive funding,By technology,Non-clean energy,Later stage,2021,0,Percentage,14
OMN,OMAN,Probability to receive funding,By technology,Other energy,Later stage,2015,0,Percentage,3.333333254
OMN,OMAN,Probability to receive funding,By technology,Other energy,Later stage,2016,0,Percentage,3.333333254
OMN,OMAN,Probability to receive funding,By technology,Other energy,Later stage,2017,0,Percentage,3.333333254
OMN,OMAN,Probability to receive funding,By technology,Other energy,Later stage,2018,0,Percentage,3.333333254
OMN,OMAN,Probability to receive funding,By technology,Other energy,Later stage,2019,0,Percentage,3.833333254
OMN,OMAN,Probability to receive funding,By technology,Other energy,Later stage,2020,0,Percentage,4.333333492
OMN,OMAN,Probability to receive funding,By technology,Other energy,Later stage,2021,0,Percentage,4.333333492
PAK,PAKISTAN,Fundings of start-ups,"By sector (energy, green, digital)",Energy,Early stage,2013,299157.3125,USD,1
PAK,PAKISTAN,Fundings of start-ups,"By sector (energy, green, digital)",Energy,Early stage,2018,639409.375,USD,1
PAK,PAKISTAN,Probability to receive funding,"By sector (energy, green, digital)",Energy,Early stage,2021,5.714285851,Percentage,35
PAK,PAKISTAN,Fundings of start-ups,"By sector (energy, green, digital)",Energy,Early stage,2022,6.28493166,Years,35
PAK,PAKISTAN,Probability to receive funding,"By sector (energy, green, digital)",Energy and digital,Early stage,2021,0,Percentage,14
PAK,PAKISTAN,Fundings of start-ups,"By sector (energy, green, digital)",Energy and non-digital,Early stage,2013,299157.3125,USD,1
PAK,PAKISTAN,Fundings of start-ups,"By sector (energy, green, digital)",Energy and non-digital,Early stage,2018,639409.375,USD,1
PAK,PAKISTAN,Probability to receive funding,"By sector (energy, green, digital)",Energy and non-digital,Early stage,2021,9.523809433,Percentage,21
PAK,PAKISTAN,Fundings of start-ups,"By sector (energy, green, digital)",Energy and non-digital,Early stage,2022,6.28493166,Years,21
PAK,PAKISTAN,Fundings of start-ups,"By sector (energy, green, digital)",Non-energy,Early stage,2008,2614091,USD,2
PAK,PAKISTAN,Fundings of start-ups,"By sector (energy, green, digital)",Non-energy,Early stage,2010,12754.49121,USD,1
PAK,PAKISTAN,Fundings of start-ups,"By sector (energy, green, digital)",Non-energy,Early stage,2011,16202860,USD,4
PAK,PAKISTAN,Fundings of start-ups,"By sector (energy, green, digital)",Non-energy,Early stage,2012,223892.0469,USD,2
PAK,PAKISTAN,Fundings of start-ups,"By sector (energy, green, digital)",Non-energy,Early stage,2013,1489803.375,USD,5
PAK,PAKISTAN,Fundings of start-ups,"By sector (energy, green, digital)",Non-energy,Early stage,2014,5636851,USD,5
PAK,PAKISTAN,Fundings of start-ups,"By sector (energy, green, digital)",Non-energy,Early stage,2015,87683040,USD,12
PAK,PAKISTAN,Fundings of start-ups,"By sector (energy, green, digital)",Non-energy,Early stage,2016,10318195,USD,14
PAK,PAKISTAN,Fundings of start-ups,"By sector (energy, green, digital)",Non-energy,Early stage,2017,6428480.5,USD,14
PAK,PAKISTAN,Fundings of start-ups,"By sector (energy, green, digital)",Non-energy,Early stage,2018,107257944,USD,11
PAK,PAKISTAN,Fundings of start-ups,"By sector (energy, green, digital)",Non-energy,Early stage,2019,35586396,USD,15
PAK,PAKISTAN,Fundings of start-ups,"By sector (energy, green, digital)",Non-energy,Early stage,2020,49904392,USD,24
PAK,PAKISTAN,Probability to receive funding,"By sector (energy, green, digital)",Non-energy,Early stage,2021,7.145950794,Percentage,2309
PAK,PAKISTAN,Fundings of start-ups,"By sector (energy, green, digital)",Non-energy,Early stage,2021,299984704,USD,45
PAK,PAKISTAN,Fundings of start-ups,"By sector (energy, green, digital)",Non-energy,Early stage,2022,1.857097983,Years,2344
PAK,PAKISTAN,Fundings of start-ups,"By sector (energy, green, digital)",Non-energy,Early stage,2022,269929824,USD,27
PAK,PAKISTAN,Probability to receive funding,"By sector (energy, green, digital)",Energy,Later stage,2021,0,Percentage,35
PAK,PAKISTAN,Probability to receive funding,"By sector (energy, green, digital)",Energy and digital,Later stage,2021,0,Percentage,14
PAK,PAKISTAN,Probability to receive funding,"By sector (energy, green, digital)",Energy and non-digital,Later stage,2021,0,Percentage,21
PAK,PAKISTAN,Fundings of start-ups,"By sector (energy, green, digital)",Non-energy,Later stage,2012,4840909,USD,1
PAK,PAKISTAN,Fundings of start-ups,"By sector (energy, green, digital)",Non-energy,Later stage,2013,23935318,USD,1
PAK,PAKISTAN,Fundings of start-ups,"By sector (energy, green, digital)",Non-energy,Later stage,2014,41187844,USD,1
PAK,PAKISTAN,Fundings of start-ups,"By sector (energy, green, digital)",Non-energy,Later stage,2015,7649171.5,USD,1
PAK,PAKISTAN,Fundings of start-ups,"By sector (energy, green, digital)",Non-energy,Later stage,2016,25583152,USD,2
PAK,PAKISTAN,Fundings of start-ups,"By sector (energy, green, digital)",Non-energy,Later stage,2021,8746377,USD,1
PAK,PAKISTAN,Probability to receive funding,"By sector (energy, green, digital)",Non-energy,Later stage,2021,0.563014269,Percentage,2309
PAK,PAKISTAN,Fundings of start-ups,"By sector (energy, green, digital)",Non-energy,Later stage,2022,6.52752161,Years,2344
PAK,PAKISTAN,Fundings of start-ups,"By sector (energy, green, digital)",Non-energy,Later stage,2022,10000000,USD,1
PAK,PAKISTAN,Fundings of start-ups,By technology,Other energy,all,2018,319704.6875,USD,0.5
PAK,PAKISTAN,Fundings of start-ups,By technology,Other renewables,all,2013,149578.6563,USD,0.5
PAK,PAKISTAN,Fundings of start-ups,By technology,Solar,all,2013,149578.6563,USD,0.5
PAK,PAKISTAN,Fundings of start-ups,By technology,Solar,all,2018,319704.6875,USD,0.5
PAK,PAKISTAN,Fundings of start-ups,By technology,Clean energy,Early stage,2013,299157.3125,USD,1
PAK,PAKISTAN,Probability to receive funding,By technology,Clean energy,Early stage,2021,4.761904716,Percentage,21
PAK,PAKISTAN,Fundings of start-ups,By technology,Clean energy,Early stage,2022,3.805479527,Years,21
PAK,PAKISTAN,Probability to receive funding,By technology,Electric mobility,Early stage,2017,0,Percentage,1
PAK,PAKISTAN,Probability to receive funding,By technology,Electric mobility,Early stage,2018,0,Percentage,2
PAK,PAKISTAN,Probability to receive funding,By technology,Electric mobility,Early stage,2019,0,Percentage,3
PAK,PAKISTAN,Probability to receive funding,By technology,Electric mobility,Early stage,2020,0,Percentage,3.25
PAK,PAKISTAN,Probability to receive funding,By technology,Electric mobility,Early stage,2021,0,Percentage,4.25
PAK,PAKISTAN,Probability to receive funding,By technology,Energy efficiency,Early stage,2015,0,Percentage,3
PAK,PAKISTAN,Probability to receive funding,By technology,Energy efficiency,Early stage,2016,0,Percentage,4
PAK,PAKISTAN,Probability to receive funding,By technology,Energy efficiency,Early stage,2017,0,Percentage,5
PAK,PAKISTAN,Probability to receive funding,By technology,Energy efficiency,Early stage,2018,0,Percentage,5
PAK,PAKISTAN,Probability to receive funding,By technology,Energy efficiency,Early stage,2019,0,Percentage,5
PAK,PAKISTAN,Probability to receive funding,By technology,Energy efficiency,Early stage,2020,0,Percentage,5.75
PAK,PAKISTAN,Probability to receive funding,By technology,Energy efficiency,Early stage,2021,0,Percentage,5.75
PAK,PAKISTAN,Probability to receive funding,By technology,Energy storage and batteries,Early stage,2015,0,Percentage,0.333333343
PAK,PAKISTAN,Probability to receive funding,By technology,Energy storage and batteries,Early stage,2016,0,Percentage,0.333333343
PAK,PAKISTAN,Probability to receive funding,By technology,Energy storage and batteries,Early stage,2017,0,Percentage,1.333333373
PAK,PAKISTAN,Probability to receive funding,By technology,Energy storage and batteries,Early stage,2018,0,Percentage,1.333333373
PAK,PAKISTAN,Probability to receive funding,By technology,Energy storage and batteries,Early stage,2019,0,Percentage,1.333333373
PAK,PAKISTAN,Probability to receive funding,By technology,Energy storage and batteries,Early stage,2020,0,Percentage,1.583333373
PAK,PAKISTAN,Probability to receive funding,By technology,Energy storage and batteries,Early stage,2021,0,Percentage,1.583333373
PAK,PAKISTAN,Probability to receive funding,By technology,Fossil fuels,Early stage,2015,0,Percentage,0.666666687
PAK,PAKISTAN,Probability to receive funding,By technology,Fossil fuels,Early stage,2016,0,Percentage,0.666666687
PAK,PAKISTAN,Probability to receive funding,By technology,Fossil fuels,Early stage,2017,0,Percentage,0.666666687
PAK,PAKISTAN,Probability to receive funding,By technology,Fossil fuels,Early stage,2018,0,Percentage,1.666666627
PAK,PAKISTAN,Probability to receive funding,By technology,Fossil fuels,Early stage,2019,0,Percentage,1.666666627
PAK,PAKISTAN,Probability to receive funding,By technology,Fossil fuels,Early stage,2020,0,Percentage,2.666666746
PAK,PAKISTAN,Probability to receive funding,By technology,Fossil fuels,Early stage,2021,0,Percentage,2.666666746
PAK,PAKISTAN,Probability to receive funding,By technology,Grid,Early stage,2015,0,Percentage,1.666666627
PAK,PAKISTAN,Probability to receive funding,By technology,Grid,Early stage,2016,0,Percentage,1.666666627
PAK,PAKISTAN,Probability to receive funding,By technology,Grid,Early stage,2017,0,Percentage,1.666666627
PAK,PAKISTAN,Probability to receive funding,By technology,Grid,Early stage,2018,0,Percentage,1.666666627
PAK,PAKISTAN,Probability to receive funding,By technology,Grid,Early stage,2019,0,Percentage,1.666666627
PAK,PAKISTAN,Probability to receive funding,By technology,Grid,Early stage,2020,0,Percentage,1.666666627
PAK,PAKISTAN,Probability to receive funding,By technology,Grid,Early stage,2021,0,Percentage,1.666666627
PAK,PAKISTAN,Fundings of start-ups,By technology,Non-clean energy,Early stage,2018,639409.375,USD,1
PAK,PAKISTAN,Probability to receive funding,By technology,Non-clean energy,Early stage,2021,7.142857075,Percentage,14
PAK,PAKISTAN,Fundings of start-ups,By technology,Non-clean energy,Early stage,2022,8.764383316,Years,14
PAK,PAKISTAN,Probability to receive funding,By technology,Other energy,Early stage,2015,8.2191782,Percentage,6.083333492
PAK,PAKISTAN,Probability to receive funding,By technology,Other energy,Early stage,2016,7.058823586,Percentage,7.083333492
PAK,PAKISTAN,Probability to receive funding,By technology,Other energy,Early stage,2017,6.741572857,Percentage,7.416666508
PAK,PAKISTAN,Probability to receive funding,By technology,Other energy,Early stage,2018,6.741572857,Percentage,7.416666508
PAK,PAKISTAN,Probability to receive funding,By technology,Other energy,Early stage,2019,6.741572857,Percentage,7.416666508
PAK,PAKISTAN,Probability to receive funding,By technology,Other energy,Early stage,2020,6.521739006,Percentage,7.666666508
PAK,PAKISTAN,Probability to receive funding,By technology,Other energy,Early stage,2021,6.521739006,Percentage,7.666666508
PAK,PAKISTAN,Probability to receive funding,By technology,Other renewables,Early stage,2015,11.76470566,Percentage,4.25
PAK,PAKISTAN,Probability to receive funding,By technology,Other renewables,Early stage,2016,11.76470566,Percentage,4.25
PAK,PAKISTAN,Probability to receive funding,By technology,Other renewables,Early stage,2017,10.909091,Percentage,4.583333492
PAK,PAKISTAN,Probability to receive funding,By technology,Other renewables,Early stage,2018,10.909091,Percentage,4.583333492
PAK,PAKISTAN,Probability to receive funding,By technology,Other renewables,Early stage,2019,10.909091,Percentage,4.583333492
PAK,PAKISTAN,Probability to receive funding,By technology,Other renewables,Early stage,2020,9.836065292,Percentage,5.083333492
PAK,PAKISTAN,Probability to receive funding,By technology,Other renewables,Early stage,2021,9.836065292,Percentage,5.083333492
PAK,PAKISTAN,Probability to receive funding,By technology,Solar,Early stage,2015,36.36363602,Percentage,2.75
PAK,PAKISTAN,Probability to receive funding,By technology,Solar,Early stage,2016,36.36363602,Percentage,2.75
PAK,PAKISTAN,Probability to receive funding,By technology,Solar,Early stage,2017,32.43243408,Percentage,3.083333254
PAK,PAKISTAN,Probability to receive funding,By technology,Solar,Early stage,2018,32.43243408,Percentage,3.083333254
PAK,PAKISTAN,Probability to receive funding,By technology,Solar,Early stage,2019,32.43243408,Percentage,3.083333254
PAK,PAKISTAN,Probability to receive funding,By technology,Solar,Early stage,2020,32.43243408,Percentage,3.083333254
PAK,PAKISTAN,Probability to receive funding,By technology,Solar,Early stage,2021,32.43243408,Percentage,3.083333254
PAK,PAKISTAN,Probability to receive funding,By technology,Wind,Early stage,2015,0,Percentage,0.25
PAK,PAKISTAN,Probability to receive funding,By technology,Wind,Early stage,2016,0,Percentage,0.25
PAK,PAKISTAN,Probability to receive funding,By technology,Wind,Early stage,2017,0,Percentage,0.25
PAK,PAKISTAN,Probability to receive funding,By technology,Wind,Early stage,2018,0,Percentage,0.25
PAK,PAKISTAN,Probability to receive funding,By technology,Wind,Early stage,2019,0,Percentage,0.25
PAK,PAKISTAN,Probability to receive funding,By technology,Wind,Early stage,2020,0,Percentage,0.25
PAK,PAKISTAN,Probability to receive funding,By technology,Wind,Early stage,2021,0,Percentage,0.25
PAK,PAKISTAN,Probability to receive funding,By technology,Clean energy,Later stage,2021,0,Percentage,21
PAK,PAKISTAN,Probability to receive funding,By technology,Electric mobility,Later stage,2017,0,Percentage,1
PAK,PAKISTAN,Probability to receive funding,By technology,Electric mobility,Later stage,2018,0,Percentage,2
PAK,PAKISTAN,Probability to receive funding,By technology,Electric mobility,Later stage,2019,0,Percentage,3
PAK,PAKISTAN,Probability to receive funding,By technology,Electric mobility,Later stage,2020,0,Percentage,3.25
PAK,PAKISTAN,Probability to receive funding,By technology,Electric mobility,Later stage,2021,0,Percentage,4.25
PAK,PAKISTAN,Probability to receive funding,By technology,Energy efficiency,Later stage,2015,0,Percentage,3
PAK,PAKISTAN,Probability to receive funding,By technology,Energy efficiency,Later stage,2016,0,Percentage,4
PAK,PAKISTAN,Probability to receive funding,By technology,Energy efficiency,Later stage,2017,0,Percentage,5
PAK,PAKISTAN,Probability to receive funding,By technology,Energy efficiency,Later stage,2018,0,Percentage,5
PAK,PAKISTAN,Probability to receive funding,By technology,Energy efficiency,Later stage,2019,0,Percentage,5
PAK,PAKISTAN,Probability to receive funding,By technology,Energy efficiency,Later stage,2020,0,Percentage,5.75
PAK,PAKISTAN,Probability to receive funding,By technology,Energy efficiency,Later stage,2021,0,Percentage,5.75
PAK,PAKISTAN,Probability to receive funding,By technology,Energy storage and batteries,Later stage,2015,0,Percentage,0.333333343
PAK,PAKISTAN,Probability to receive funding,By technology,Energy storage and batteries,Later stage,2016,0,Percentage,0.333333343
PAK,PAKISTAN,Probability to receive funding,By technology,Energy storage and batteries,Later stage,2017,0,Percentage,1.333333373
PAK,PAKISTAN,Probability to receive funding,By technology,Energy storage and batteries,Later stage,2018,0,Percentage,1.333333373
PAK,PAKISTAN,Probability to receive funding,By technology,Energy storage and batteries,Later stage,2019,0,Percentage,1.333333373
PAK,PAKISTAN,Probability to receive funding,By technology,Energy storage and batteries,Later stage,2020,0,Percentage,1.583333373
PAK,PAKISTAN,Probability to receive funding,By technology,Energy storage and batteries,Later stage,2021,0,Percentage,1.583333373
PAK,PAKISTAN,Probability to receive funding,By technology,Fossil fuels,Later stage,2015,0,Percentage,0.666666687
PAK,PAKISTAN,Probability to receive funding,By technology,Fossil fuels,Later stage,2016,0,Percentage,0.666666687
PAK,PAKISTAN,Probability to receive funding,By technology,Fossil fuels,Later stage,2017,0,Percentage,0.666666687
PAK,PAKISTAN,Probability to receive funding,By technology,Fossil fuels,Later stage,2018,0,Percentage,1.666666627
PAK,PAKISTAN,Probability to receive funding,By technology,Fossil fuels,Later stage,2019,0,Percentage,1.666666627
PAK,PAKISTAN,Probability to receive funding,By technology,Fossil fuels,Later stage,2020,0,Percentage,2.666666746
PAK,PAKISTAN,Probability to receive funding,By technology,Fossil fuels,Later stage,2021,0,Percentage,2.666666746
PAK,PAKISTAN,Probability to receive funding,By technology,Grid,Later stage,2015,0,Percentage,1.666666627
PAK,PAKISTAN,Probability to receive funding,By technology,Grid,Later stage,2016,0,Percentage,1.666666627
PAK,PAKISTAN,Probability to receive funding,By technology,Grid,Later stage,2017,0,Percentage,1.666666627
PAK,PAKISTAN,Probability to receive funding,By technology,Grid,Later stage,2018,0,Percentage,1.666666627
PAK,PAKISTAN,Probability to receive funding,By technology,Grid,Later stage,2019,0,Percentage,1.666666627
PAK,PAKISTAN,Probability to receive funding,By technology,Grid,Later stage,2020,0,Percentage,1.666666627
PAK,PAKISTAN,Probability to receive funding,By technology,Grid,Later stage,2021,0,Percentage,1.666666627
PAK,PAKISTAN,Probability to receive funding,By technology,Non-clean energy,Later stage,2021,0,Percentage,14
PAK,PAKISTAN,Probability to receive funding,By technology,Other energy,Later stage,2015,0,Percentage,6.083333492
PAK,PAKISTAN,Probability to receive funding,By technology,Other energy,Later stage,2016,0,Percentage,7.083333492
PAK,PAKISTAN,Probability to receive funding,By technology,Other energy,Later stage,2017,0,Percentage,7.416666508
PAK,PAKISTAN,Probability to receive funding,By technology,Other energy,Later stage,2018,0,Percentage,7.416666508
PAK,PAKISTAN,Probability to receive funding,By technology,Other energy,Later stage,2019,0,Percentage,7.416666508
PAK,PAKISTAN,Probability to receive funding,By technology,Other energy,Later stage,2020,0,Percentage,7.666666508
PAK,PAKISTAN,Probability to receive funding,By technology,Other energy,Later stage,2021,0,Percentage,7.666666508
PAK,PAKISTAN,Probability to receive funding,By technology,Other renewables,Later stage,2015,0,Percentage,4.25
PAK,PAKISTAN,Probability to receive funding,By technology,Other renewables,Later stage,2016,0,Percentage,4.25
PAK,PAKISTAN,Probability to receive funding,By technology,Other renewables,Later stage,2017,0,Percentage,4.583333492
PAK,PAKISTAN,Probability to receive funding,By technology,Other renewables,Later stage,2018,0,Percentage,4.583333492
PAK,PAKISTAN,Probability to receive funding,By technology,Other renewables,Later stage,2019,0,Percentage,4.583333492
PAK,PAKISTAN,Probability to receive funding,By technology,Other renewables,Later stage,2020,0,Percentage,5.083333492
PAK,PAKISTAN,Probability to receive funding,By technology,Other renewables,Later stage,2021,0,Percentage,5.083333492
PAK,PAKISTAN,Probability to receive funding,By technology,Solar,Later stage,2015,0,Percentage,2.75
PAK,PAKISTAN,Probability to receive funding,By technology,Solar,Later stage,2016,0,Percentage,2.75
PAK,PAKISTAN,Probability to receive funding,By technology,Solar,Later stage,2017,0,Percentage,3.083333254
PAK,PAKISTAN,Probability to receive funding,By technology,Solar,Later stage,2018,0,Percentage,3.083333254
PAK,PAKISTAN,Probability to receive funding,By technology,Solar,Later stage,2019,0,Percentage,3.083333254
PAK,PAKISTAN,Probability to receive funding,By technology,Solar,Later stage,2020,0,Percentage,3.083333254
PAK,PAKISTAN,Probability to receive funding,By technology,Solar,Later stage,2021,0,Percentage,3.083333254
PAK,PAKISTAN,Probability to receive funding,By technology,Wind,Later stage,2015,0,Percentage,0.25
PAK,PAKISTAN,Probability to receive funding,By technology,Wind,Later stage,2016,0,Percentage,0.25
PAK,PAKISTAN,Probability to receive funding,By technology,Wind,Later stage,2017,0,Percentage,0.25
PAK,PAKISTAN,Probability to receive funding,By technology,Wind,Later stage,2018,0,Percentage,0.25
PAK,PAKISTAN,Probability to receive funding,By technology,Wind,Later stage,2019,0,Percentage,0.25
PAK,PAKISTAN,Probability to receive funding,By technology,Wind,Later stage,2020,0,Percentage,0.25
PAK,PAKISTAN,Probability to receive funding,By technology,Wind,Later stage,2021,0,Percentage,0.25
PAN,PANAMA,Probability to receive funding,"By sector (energy, green, digital)",Energy,Early stage,2021,0,Percentage,6
PAN,PANAMA,Probability to receive funding,"By sector (energy, green, digital)",Energy and digital,Early stage,2021,0,Percentage,1
PAN,PANAMA,Probability to receive funding,"By sector (energy, green, digital)",Energy and non-digital,Early stage,2021,0,Percentage,5
PAN,PANAMA,Fundings of start-ups,"By sector (energy, green, digital)",Non-energy,Early stage,2008,903636.375,USD,1
PAN,PANAMA,Fundings of start-ups,"By sector (energy, green, digital)",Non-energy,Early stage,2011,932494.1875,USD,3
PAN,PANAMA,Fundings of start-ups,"By sector (energy, green, digital)",Non-energy,Early stage,2013,11846.62891,USD,1
PAN,PANAMA,Fundings of start-ups,"By sector (energy, green, digital)",Non-energy,Early stage,2014,994392.25,USD,3
PAN,PANAMA,Fundings of start-ups,"By sector (energy, green, digital)",Non-energy,Early stage,2015,173646.7813,USD,1
PAN,PANAMA,Fundings of start-ups,"By sector (energy, green, digital)",Non-energy,Early stage,2016,902934.8125,USD,2
PAN,PANAMA,Fundings of start-ups,"By sector (energy, green, digital)",Non-energy,Early stage,2017,57781.91406,USD,3
PAN,PANAMA,Fundings of start-ups,"By sector (energy, green, digital)",Non-energy,Early stage,2020,2506515.25,USD,3
PAN,PANAMA,Probability to receive funding,"By sector (energy, green, digital)",Non-energy,Early stage,2021,6.666666508,Percentage,270
PAN,PANAMA,Fundings of start-ups,"By sector (energy, green, digital)",Non-energy,Early stage,2021,6688406,USD,3
PAN,PANAMA,Fundings of start-ups,"By sector (energy, green, digital)",Non-energy,Early stage,2022,0.885219872,Years,272
PAN,PANAMA,Fundings of start-ups,"By sector (energy, green, digital)",Non-energy,Early stage,2022,3884190,USD,2
PAN,PANAMA,Probability to receive funding,"By sector (energy, green, digital)",Energy,Later stage,2021,0,Percentage,6
PAN,PANAMA,Probability to receive funding,"By sector (energy, green, digital)",Energy and digital,Later stage,2021,0,Percentage,1
PAN,PANAMA,Probability to receive funding,"By sector (energy, green, digital)",Energy and non-digital,Later stage,2021,0,Percentage,5
PAN,PANAMA,Fundings of start-ups,"By sector (energy, green, digital)",Non-energy,Later stage,2016,394368.3438,USD,1
PAN,PANAMA,Fundings of start-ups,"By sector (energy, green, digital)",Non-energy,Later stage,2019,499266.5625,USD,1
PAN,PANAMA,Probability to receive funding,"By sector (energy, green, digital)",Non-energy,Later stage,2021,1.481481433,Percentage,270
PAN,PANAMA,Fundings of start-ups,"By sector (energy, green, digital)",Non-energy,Later stage,2022,2.706849337,Years,272
PAN,PANAMA,Probability to receive funding,By technology,Clean energy,Early stage,2021,0,Percentage,2
PAN,PANAMA,Probability to receive funding,By technology,Energy efficiency,Early stage,2015,0,Percentage,0.333333343
PAN,PANAMA,Probability to receive funding,By technology,Energy efficiency,Early stage,2016,0,Percentage,0.333333343
PAN,PANAMA,Probability to receive funding,By technology,Energy efficiency,Early stage,2017,0,Percentage,0.333333343
PAN,PANAMA,Probability to receive funding,By technology,Energy efficiency,Early stage,2018,0,Percentage,0.333333343
PAN,PANAMA,Probability to receive funding,By technology,Energy efficiency,Early stage,2019,0,Percentage,0.333333343
PAN,PANAMA,Probability to receive funding,By technology,Energy efficiency,Early stage,2020,0,Percentage,0.333333343
PAN,PANAMA,Probability to receive funding,By technology,Energy efficiency,Early stage,2021,0,Percentage,0.333333343
PAN,PANAMA,Probability to receive funding,By technology,Energy storage and batteries,Early stage,2015,0,Percentage,1
PAN,PANAMA,Probability to receive funding,By technology,Energy storage and batteries,Early stage,2016,0,Percentage,1
PAN,PANAMA,Probability to receive funding,By technology,Energy storage and batteries,Early stage,2017,0,Percentage,1
PAN,PANAMA,Probability to receive funding,By technology,Energy storage and batteries,Early stage,2018,0,Percentage,1
PAN,PANAMA,Probability to receive funding,By technology,Energy storage and batteries,Early stage,2019,0,Percentage,1
PAN,PANAMA,Probability to receive funding,By technology,Energy storage and batteries,Early stage,2020,0,Percentage,1
PAN,PANAMA,Probability to receive funding,By technology,Energy storage and batteries,Early stage,2021,0,Percentage,1
PAN,PANAMA,Probability to receive funding,By technology,Fossil fuels,Early stage,2015,0,Percentage,1
PAN,PANAMA,Probability to receive funding,By technology,Fossil fuels,Early stage,2016,0,Percentage,1
PAN,PANAMA,Probability to receive funding,By technology,Fossil fuels,Early stage,2017,0,Percentage,1
PAN,PANAMA,Probability to receive funding,By technology,Fossil fuels,Early stage,2018,0,Percentage,1
PAN,PANAMA,Probability to receive funding,By technology,Fossil fuels,Early stage,2019,0,Percentage,1
PAN,PANAMA,Probability to receive funding,By technology,Fossil fuels,Early stage,2020,0,Percentage,1
PAN,PANAMA,Probability to receive funding,By technology,Fossil fuels,Early stage,2021,0,Percentage,1
PAN,PANAMA,Probability to receive funding,By technology,Non-clean energy,Early stage,2021,0,Percentage,4
PAN,PANAMA,Probability to receive funding,By technology,Other energy,Early stage,2015,0,Percentage,2.583333254
PAN,PANAMA,Probability to receive funding,By technology,Other energy,Early stage,2016,0,Percentage,2.583333254
PAN,PANAMA,Probability to receive funding,By technology,Other energy,Early stage,2017,0,Percentage,2.583333254
PAN,PANAMA,Probability to receive funding,By technology,Other energy,Early stage,2018,0,Percentage,2.583333254
PAN,PANAMA,Probability to receive funding,By technology,Other energy,Early stage,2019,0,Percentage,2.583333254
PAN,PANAMA,Probability to receive funding,By technology,Other energy,Early stage,2020,0,Percentage,2.583333254
PAN,PANAMA,Probability to receive funding,By technology,Other energy,Early stage,2021,0,Percentage,2.583333254
PAN,PANAMA,Probability to receive funding,By technology,Other renewables,Early stage,2015,0,Percentage,0.833333313
PAN,PANAMA,Probability to receive funding,By technology,Other renewables,Early stage,2016,0,Percentage,0.833333313
PAN,PANAMA,Probability to receive funding,By technology,Other renewables,Early stage,2017,0,Percentage,0.833333313
PAN,PANAMA,Probability to receive funding,By technology,Other renewables,Early stage,2018,0,Percentage,0.833333313
PAN,PANAMA,Probability to receive funding,By technology,Other renewables,Early stage,2019,0,Percentage,0.833333313
PAN,PANAMA,Probability to receive funding,By technology,Other renewables,Early stage,2020,0,Percentage,0.833333313
PAN,PANAMA,Probability to receive funding,By technology,Other renewables,Early stage,2021,0,Percentage,0.833333313
PAN,PANAMA,Probability to receive funding,By technology,Solar,Early stage,2015,0,Percentage,0.25
PAN,PANAMA,Probability to receive funding,By technology,Solar,Early stage,2016,0,Percentage,0.25
PAN,PANAMA,Probability to receive funding,By technology,Solar,Early stage,2017,0,Percentage,0.25
PAN,PANAMA,Probability to receive funding,By technology,Solar,Early stage,2018,0,Percentage,0.25
PAN,PANAMA,Probability to receive funding,By technology,Solar,Early stage,2019,0,Percentage,0.25
PAN,PANAMA,Probability to receive funding,By technology,Solar,Early stage,2020,0,Percentage,0.25
PAN,PANAMA,Probability to receive funding,By technology,Solar,Early stage,2021,0,Percentage,0.25
PAN,PANAMA,Probability to receive funding,By technology,Clean energy,Later stage,2021,0,Percentage,2
PAN,PANAMA,Probability to receive funding,By technology,Energy efficiency,Later stage,2015,0,Percentage,0.333333343
PAN,PANAMA,Probability to receive funding,By technology,Energy efficiency,Later stage,2016,0,Percentage,0.333333343
PAN,PANAMA,Probability to receive funding,By technology,Energy efficiency,Later stage,2017,0,Percentage,0.333333343
PAN,PANAMA,Probability to receive funding,By technology,Energy efficiency,Later stage,2018,0,Percentage,0.333333343
PAN,PANAMA,Probability to receive funding,By technology,Energy efficiency,Later stage,2019,0,Percentage,0.333333343
PAN,PANAMA,Probability to receive funding,By technology,Energy efficiency,Later stage,2020,0,Percentage,0.333333343
PAN,PANAMA,Probability to receive funding,By technology,Energy efficiency,Later stage,2021,0,Percentage,0.333333343
PAN,PANAMA,Probability to receive funding,By technology,Energy storage and batteries,Later stage,2015,0,Percentage,1
PAN,PANAMA,Probability to receive funding,By technology,Energy storage and batteries,Later stage,2016,0,Percentage,1
PAN,PANAMA,Probability to receive funding,By technology,Energy storage and batteries,Later stage,2017,0,Percentage,1
PAN,PANAMA,Probability to receive funding,By technology,Energy storage and batteries,Later stage,2018,0,Percentage,1
PAN,PANAMA,Probability to receive funding,By technology,Energy storage and batteries,Later stage,2019,0,Percentage,1
PAN,PANAMA,Probability to receive funding,By technology,Energy storage and batteries,Later stage,2020,0,Percentage,1
PAN,PANAMA,Probability to receive funding,By technology,Energy storage and batteries,Later stage,2021,0,Percentage,1
PAN,PANAMA,Probability to receive funding,By technology,Fossil fuels,Later stage,2015,0,Percentage,1
PAN,PANAMA,Probability to receive funding,By technology,Fossil fuels,Later stage,2016,0,Percentage,1
PAN,PANAMA,Probability to receive funding,By technology,Fossil fuels,Later stage,2017,0,Percentage,1
PAN,PANAMA,Probability to receive funding,By technology,Fossil fuels,Later stage,2018,0,Percentage,1
PAN,PANAMA,Probability to receive funding,By technology,Fossil fuels,Later stage,2019,0,Percentage,1
PAN,PANAMA,Probability to receive funding,By technology,Fossil fuels,Later stage,2020,0,Percentage,1
PAN,PANAMA,Probability to receive funding,By technology,Fossil fuels,Later stage,2021,0,Percentage,1
PAN,PANAMA,Probability to receive funding,By technology,Non-clean energy,Later stage,2021,0,Percentage,4
PAN,PANAMA,Probability to receive funding,By technology,Other energy,Later stage,2015,0,Percentage,2.583333254
PAN,PANAMA,Probability to receive funding,By technology,Other energy,Later stage,2016,0,Percentage,2.583333254
PAN,PANAMA,Probability to receive funding,By technology,Other energy,Later stage,2017,0,Percentage,2.583333254
PAN,PANAMA,Probability to receive funding,By technology,Other energy,Later stage,2018,0,Percentage,2.583333254
PAN,PANAMA,Probability to receive funding,By technology,Other energy,Later stage,2019,0,Percentage,2.583333254
PAN,PANAMA,Probability to receive funding,By technology,Other energy,Later stage,2020,0,Percentage,2.583333254
PAN,PANAMA,Probability to receive funding,By technology,Other energy,Later stage,2021,0,Percentage,2.583333254
PAN,PANAMA,Probability to receive funding,By technology,Other renewables,Later stage,2015,0,Percentage,0.833333313
PAN,PANAMA,Probability to receive funding,By technology,Other renewables,Later stage,2016,0,Percentage,0.833333313
PAN,PANAMA,Probability to receive funding,By technology,Other renewables,Later stage,2017,0,Percentage,0.833333313
PAN,PANAMA,Probability to receive funding,By technology,Other renewables,Later stage,2018,0,Percentage,0.833333313
PAN,PANAMA,Probability to receive funding,By technology,Other renewables,Later stage,2019,0,Percentage,0.833333313
PAN,PANAMA,Probability to receive funding,By technology,Other renewables,Later stage,2020,0,Percentage,0.833333313
PAN,PANAMA,Probability to receive funding,By technology,Other renewables,Later stage,2021,0,Percentage,0.833333313
PAN,PANAMA,Probability to receive funding,By technology,Solar,Later stage,2015,0,Percentage,0.25
PAN,PANAMA,Probability to receive funding,By technology,Solar,Later stage,2016,0,Percentage,0.25
PAN,PANAMA,Probability to receive funding,By technology,Solar,Later stage,2017,0,Percentage,0.25
PAN,PANAMA,Probability to receive funding,By technology,Solar,Later stage,2018,0,Percentage,0.25
PAN,PANAMA,Probability to receive funding,By technology,Solar,Later stage,2019,0,Percentage,0.25
PAN,PANAMA,Probability to receive funding,By technology,Solar,Later stage,2020,0,Percentage,0.25
PAN,PANAMA,Probability to receive funding,By technology,Solar,Later stage,2021,0,Percentage,0.25
PNG,PAPUA NEW GUINEA,Probability to receive funding,"By sector (energy, green, digital)",Energy,Early stage,2021,0,Percentage,1
PNG,PAPUA NEW GUINEA,Probability to receive funding,"By sector (energy, green, digital)",Energy and non-digital,Early stage,2021,0,Percentage,1
PNG,PAPUA NEW GUINEA,Probability to receive funding,"By sector (energy, green, digital)",Non-energy,Early stage,2021,0,Percentage,10
PNG,PAPUA NEW GUINEA,Probability to receive funding,"By sector (energy, green, digital)",Energy,Later stage,2021,0,Percentage,1
PNG,PAPUA NEW GUINEA,Probability to receive funding,"By sector (energy, green, digital)",Energy and non-digital,Later stage,2021,0,Percentage,1
PNG,PAPUA NEW GUINEA,Probability to receive funding,"By sector (energy, green, digital)",Non-energy,Later stage,2021,0,Percentage,10
PNG,PAPUA NEW GUINEA,Probability to receive funding,By technology,Fossil fuels,Early stage,2015,0,Percentage,0.5
PNG,PAPUA NEW GUINEA,Probability to receive funding,By technology,Fossil fuels,Early stage,2016,0,Percentage,0.5
PNG,PAPUA NEW GUINEA,Probability to receive funding,By technology,Fossil fuels,Early stage,2017,0,Percentage,0.5
PNG,PAPUA NEW GUINEA,Probability to receive funding,By technology,Fossil fuels,Early stage,2018,0,Percentage,0.5
PNG,PAPUA NEW GUINEA,Probability to receive funding,By technology,Fossil fuels,Early stage,2019,0,Percentage,0.5
PNG,PAPUA NEW GUINEA,Probability to receive funding,By technology,Fossil fuels,Early stage,2020,0,Percentage,0.5
PNG,PAPUA NEW GUINEA,Probability to receive funding,By technology,Fossil fuels,Early stage,2021,0,Percentage,0.5
PNG,PAPUA NEW GUINEA,Probability to receive funding,By technology,Non-clean energy,Early stage,2021,0,Percentage,1
PNG,PAPUA NEW GUINEA,Probability to receive funding,By technology,Other energy,Early stage,2015,0,Percentage,0.5
PNG,PAPUA NEW GUINEA,Probability to receive funding,By technology,Other energy,Early stage,2016,0,Percentage,0.5
PNG,PAPUA NEW GUINEA,Probability to receive funding,By technology,Other energy,Early stage,2017,0,Percentage,0.5
PNG,PAPUA NEW GUINEA,Probability to receive funding,By technology,Other energy,Early stage,2018,0,Percentage,0.5
PNG,PAPUA NEW GUINEA,Probability to receive funding,By technology,Other energy,Early stage,2019,0,Percentage,0.5
PNG,PAPUA NEW GUINEA,Probability to receive funding,By technology,Other energy,Early stage,2020,0,Percentage,0.5
PNG,PAPUA NEW GUINEA,Probability to receive funding,By technology,Other energy,Early stage,2021,0,Percentage,0.5
PNG,PAPUA NEW GUINEA,Probability to receive funding,By technology,Fossil fuels,Later stage,2015,0,Percentage,0.5
PNG,PAPUA NEW GUINEA,Probability to receive funding,By technology,Fossil fuels,Later stage,2016,0,Percentage,0.5
PNG,PAPUA NEW GUINEA,Probability to receive funding,By technology,Fossil fuels,Later stage,2017,0,Percentage,0.5
PNG,PAPUA NEW GUINEA,Probability to receive funding,By technology,Fossil fuels,Later stage,2018,0,Percentage,0.5
PNG,PAPUA NEW GUINEA,Probability to receive funding,By technology,Fossil fuels,Later stage,2019,0,Percentage,0.5
PNG,PAPUA NEW GUINEA,Probability to receive funding,By technology,Fossil fuels,Later stage,2020,0,Percentage,0.5
PNG,PAPUA NEW GUINEA,Probability to receive funding,By technology,Fossil fuels,Later stage,2021,0,Percentage,0.5
PNG,PAPUA NEW GUINEA,Probability to receive funding,By technology,Non-clean energy,Later stage,2021,0,Percentage,1
PNG,PAPUA NEW GUINEA,Probability to receive funding,By technology,Other energy,Later stage,2015,0,Percentage,0.5
PNG,PAPUA NEW GUINEA,Probability to receive funding,By technology,Other energy,Later stage,2016,0,Percentage,0.5
PNG,PAPUA NEW GUINEA,Probability to receive funding,By technology,Other energy,Later stage,2017,0,Percentage,0.5
PNG,PAPUA NEW GUINEA,Probability to receive funding,By technology,Other energy,Later stage,2018,0,Percentage,0.5
PNG,PAPUA NEW GUINEA,Probability to receive funding,By technology,Other energy,Later stage,2019,0,Percentage,0.5
PNG,PAPUA NEW GUINEA,Probability to receive funding,By technology,Other energy,Later stage,2020,0,Percentage,0.5
PNG,PAPUA NEW GUINEA,Probability to receive funding,By technology,Other energy,Later stage,2021,0,Percentage,0.5
PRY,PARAGUAY,Probability to receive funding,"By sector (energy, green, digital)",Energy,Early stage,2021,0,Percentage,1
PRY,PARAGUAY,Probability to receive funding,"By sector (energy, green, digital)",Energy and digital,Early stage,2021,0,Percentage,1
PRY,PARAGUAY,Fundings of start-ups,"By sector (energy, green, digital)",Non-energy,Early stage,2015,1176795.625,USD,1
PRY,PARAGUAY,Fundings of start-ups,"By sector (energy, green, digital)",Non-energy,Early stage,2017,5670558.5,USD,2
PRY,PARAGUAY,Fundings of start-ups,"By sector (energy, green, digital)",Non-energy,Early stage,2018,21078.125,USD,2
PRY,PARAGUAY,Fundings of start-ups,"By sector (energy, green, digital)",Non-energy,Early stage,2020,107575.7578,USD,1
PRY,PARAGUAY,Probability to receive funding,"By sector (energy, green, digital)",Non-energy,Early stage,2021,10.44776154,Percentage,67
PRY,PARAGUAY,Fundings of start-ups,"By sector (energy, green, digital)",Non-energy,Early stage,2022,1.651272058,Years,67
PRY,PARAGUAY,Probability to receive funding,"By sector (energy, green, digital)",Energy,Later stage,2021,0,Percentage,1
PRY,PARAGUAY,Probability to receive funding,"By sector (energy, green, digital)",Energy and digital,Later stage,2021,0,Percentage,1
PRY,PARAGUAY,Probability to receive funding,"By sector (energy, green, digital)",Non-energy,Later stage,2021,0,Percentage,67
PRY,PARAGUAY,Probability to receive funding,By technology,Energy efficiency,Early stage,2015,0,Percentage,1
PRY,PARAGUAY,Probability to receive funding,By technology,Energy efficiency,Early stage,2016,0,Percentage,1
PRY,PARAGUAY,Probability to receive funding,By technology,Energy efficiency,Early stage,2017,0,Percentage,1
PRY,PARAGUAY,Probability to receive funding,By technology,Energy efficiency,Early stage,2018,0,Percentage,1
PRY,PARAGUAY,Probability to receive funding,By technology,Energy efficiency,Early stage,2019,0,Percentage,1
PRY,PARAGUAY,Probability to receive funding,By technology,Energy efficiency,Early stage,2020,0,Percentage,1
PRY,PARAGUAY,Probability to receive funding,By technology,Energy efficiency,Early stage,2021,0,Percentage,1
PRY,PARAGUAY,Probability to receive funding,By technology,Non-clean energy,Early stage,2021,0,Percentage,1
PRY,PARAGUAY,Probability to receive funding,By technology,Energy efficiency,Later stage,2015,0,Percentage,1
PRY,PARAGUAY,Probability to receive funding,By technology,Energy efficiency,Later stage,2016,0,Percentage,1
PRY,PARAGUAY,Probability to receive funding,By technology,Energy efficiency,Later stage,2017,0,Percentage,1
PRY,PARAGUAY,Probability to receive funding,By technology,Energy efficiency,Later stage,2018,0,Percentage,1
PRY,PARAGUAY,Probability to receive funding,By technology,Energy efficiency,Later stage,2019,0,Percentage,1
PRY,PARAGUAY,Probability to receive funding,By technology,Energy efficiency,Later stage,2020,0,Percentage,1
PRY,PARAGUAY,Probability to receive funding,By technology,Energy efficiency,Later stage,2021,0,Percentage,1
PRY,PARAGUAY,Probability to receive funding,By technology,Non-clean energy,Later stage,2021,0,Percentage,1
LAO,PEOPLE'S DEMOCRATIC REPUBLIC OF LAO,Probability to receive funding,"By sector (energy, green, digital)",Non-energy,Early stage,2021,0,Percentage,16
LAO,PEOPLE'S DEMOCRATIC REPUBLIC OF LAO,Probability to receive funding,"By sector (energy, green, digital)",Non-energy,Later stage,2021,0,Percentage,16
CHN,PEOPLE'S REPUBLIC OF CHINA,Fundings of start-ups,"By sector (energy, green, digital)",Energy,Early stage,2001,44073016,USD,4
CHN,PEOPLE'S REPUBLIC OF CHINA,Fundings of start-ups,"By sector (energy, green, digital)",Energy,Early stage,2004,532451.5,USD,1
CHN,PEOPLE'S REPUBLIC OF CHINA,Fundings of start-ups,"By sector (energy, green, digital)",Energy,Early stage,2005,14341470,USD,2
CHN,PEOPLE'S REPUBLIC OF CHINA,Fundings of start-ups,"By sector (energy, green, digital)",Energy,Early stage,2006,51175324,USD,2
CHN,PEOPLE'S REPUBLIC OF CHINA,Fundings of start-ups,"By sector (energy, green, digital)",Energy,Early stage,2007,26354782,USD,5
CHN,PEOPLE'S REPUBLIC OF CHINA,Fundings of start-ups,"By sector (energy, green, digital)",Energy,Early stage,2008,505340768,USD,14
CHN,PEOPLE'S REPUBLIC OF CHINA,Fundings of start-ups,"By sector (energy, green, digital)",Energy,Early stage,2009,38077460,USD,4
CHN,PEOPLE'S REPUBLIC OF CHINA,Fundings of start-ups,"By sector (energy, green, digital)",Energy,Early stage,2010,53949452,USD,14
CHN,PEOPLE'S REPUBLIC OF CHINA,Fundings of start-ups,"By sector (energy, green, digital)",Energy,Early stage,2011,60870312,USD,11
CHN,PEOPLE'S REPUBLIC OF CHINA,Fundings of start-ups,"By sector (energy, green, digital)",Energy,Early stage,2012,94521976,USD,13
CHN,PEOPLE'S REPUBLIC OF CHINA,Fundings of start-ups,"By sector (energy, green, digital)",Energy,Early stage,2013,69046312,USD,19
CHN,PEOPLE'S REPUBLIC OF CHINA,Fundings of start-ups,"By sector (energy, green, digital)",Energy,Early stage,2014,206057328,USD,34
CHN,PEOPLE'S REPUBLIC OF CHINA,Fundings of start-ups,"By sector (energy, green, digital)",Energy,Early stage,2015,916259776,USD,70
CHN,PEOPLE'S REPUBLIC OF CHINA,Fundings of start-ups,"By sector (energy, green, digital)",Energy,Early stage,2016,3197704192,USD,86
CHN,PEOPLE'S REPUBLIC OF CHINA,Fundings of start-ups,"By sector (energy, green, digital)",Energy,Early stage,2017,3233206528,USD,92
CHN,PEOPLE'S REPUBLIC OF CHINA,Fundings of start-ups,"By sector (energy, green, digital)",Energy,Early stage,2018,5617149440,USD,72
CHN,PEOPLE'S REPUBLIC OF CHINA,Fundings of start-ups,"By sector (energy, green, digital)",Energy,Early stage,2019,2874859776,USD,35
CHN,PEOPLE'S REPUBLIC OF CHINA,Fundings of start-ups,"By sector (energy, green, digital)",Energy,Early stage,2020,1778329472,USD,15
CHN,PEOPLE'S REPUBLIC OF CHINA,Probability to receive funding,"By sector (energy, green, digital)",Energy,Early stage,2021,33.72780991,Percentage,1183
CHN,PEOPLE'S REPUBLIC OF CHINA,Fundings of start-ups,"By sector (energy, green, digital)",Energy,Early stage,2021,9146665984,USD,30
CHN,PEOPLE'S REPUBLIC OF CHINA,Fundings of start-ups,"By sector (energy, green, digital)",Energy,Early stage,2022,2.888506174,Years,1185
CHN,PEOPLE'S REPUBLIC OF CHINA,Fundings of start-ups,"By sector (energy, green, digital)",Energy,Early stage,2022,3260525056,USD,34
CHN,PEOPLE'S REPUBLIC OF CHINA,Fundings of start-ups,"By sector (energy, green, digital)",Energy and digital,Early stage,2001,44073016,USD,4
CHN,PEOPLE'S REPUBLIC OF CHINA,Fundings of start-ups,"By sector (energy, green, digital)",Energy and digital,Early stage,2004,532451.5,USD,1
CHN,PEOPLE'S REPUBLIC OF CHINA,Fundings of start-ups,"By sector (energy, green, digital)",Energy and digital,Early stage,2005,518231.8438,USD,1
CHN,PEOPLE'S REPUBLIC OF CHINA,Fundings of start-ups,"By sector (energy, green, digital)",Energy and digital,Early stage,2006,51175324,USD,2
CHN,PEOPLE'S REPUBLIC OF CHINA,Fundings of start-ups,"By sector (energy, green, digital)",Energy and digital,Early stage,2007,535053.3125,USD,1
CHN,PEOPLE'S REPUBLIC OF CHINA,Fundings of start-ups,"By sector (energy, green, digital)",Energy and digital,Early stage,2008,397842336,USD,7
CHN,PEOPLE'S REPUBLIC OF CHINA,Fundings of start-ups,"By sector (energy, green, digital)",Energy and digital,Early stage,2009,1521492.75,USD,1
CHN,PEOPLE'S REPUBLIC OF CHINA,Fundings of start-ups,"By sector (energy, green, digital)",Energy and digital,Early stage,2010,31626324,USD,7
CHN,PEOPLE'S REPUBLIC OF CHINA,Fundings of start-ups,"By sector (energy, green, digital)",Energy and digital,Early stage,2011,47215212,USD,7
CHN,PEOPLE'S REPUBLIC OF CHINA,Fundings of start-ups,"By sector (energy, green, digital)",Energy and digital,Early stage,2012,33501226,USD,7
CHN,PEOPLE'S REPUBLIC OF CHINA,Fundings of start-ups,"By sector (energy, green, digital)",Energy and digital,Early stage,2013,60039512,USD,12
CHN,PEOPLE'S REPUBLIC OF CHINA,Fundings of start-ups,"By sector (energy, green, digital)",Energy and digital,Early stage,2014,139173312,USD,13
CHN,PEOPLE'S REPUBLIC OF CHINA,Fundings of start-ups,"By sector (energy, green, digital)",Energy and digital,Early stage,2015,166963600,USD,31
CHN,PEOPLE'S REPUBLIC OF CHINA,Fundings of start-ups,"By sector (energy, green, digital)",Energy and digital,Early stage,2016,352354208,USD,40
CHN,PEOPLE'S REPUBLIC OF CHINA,Fundings of start-ups,"By sector (energy, green, digital)",Energy and digital,Early stage,2017,432705376,USD,45
CHN,PEOPLE'S REPUBLIC OF CHINA,Fundings of start-ups,"By sector (energy, green, digital)",Energy and digital,Early stage,2018,1149329664,USD,31
CHN,PEOPLE'S REPUBLIC OF CHINA,Fundings of start-ups,"By sector (energy, green, digital)",Energy and digital,Early stage,2019,265299744,USD,15
CHN,PEOPLE'S REPUBLIC OF CHINA,Fundings of start-ups,"By sector (energy, green, digital)",Energy and digital,Early stage,2020,3307388.75,USD,3
CHN,PEOPLE'S REPUBLIC OF CHINA,Probability to receive funding,"By sector (energy, green, digital)",Energy and digital,Early stage,2021,51,Percentage,400
CHN,PEOPLE'S REPUBLIC OF CHINA,Fundings of start-ups,"By sector (energy, green, digital)",Energy and digital,Early stage,2021,1044455936,USD,7
CHN,PEOPLE'S REPUBLIC OF CHINA,Fundings of start-ups,"By sector (energy, green, digital)",Energy and digital,Early stage,2022,272207840,USD,8
CHN,PEOPLE'S REPUBLIC OF CHINA,Fundings of start-ups,"By sector (energy, green, digital)",Energy and digital,Early stage,2022,2.872806072,Years,400
CHN,PEOPLE'S REPUBLIC OF CHINA,Fundings of start-ups,"By sector (energy, green, digital)",Energy and non-digital,Early stage,2005,13823238,USD,1
CHN,PEOPLE'S REPUBLIC OF CHINA,Fundings of start-ups,"By sector (energy, green, digital)",Energy and non-digital,Early stage,2007,25819728,USD,4
CHN,PEOPLE'S REPUBLIC OF CHINA,Fundings of start-ups,"By sector (energy, green, digital)",Energy and non-digital,Early stage,2008,107498464,USD,7
CHN,PEOPLE'S REPUBLIC OF CHINA,Fundings of start-ups,"By sector (energy, green, digital)",Energy and non-digital,Early stage,2009,36555968,USD,3
CHN,PEOPLE'S REPUBLIC OF CHINA,Fundings of start-ups,"By sector (energy, green, digital)",Energy and non-digital,Early stage,2010,22323128,USD,7
CHN,PEOPLE'S REPUBLIC OF CHINA,Fundings of start-ups,"By sector (energy, green, digital)",Energy and non-digital,Early stage,2011,13655099,USD,4
CHN,PEOPLE'S REPUBLIC OF CHINA,Fundings of start-ups,"By sector (energy, green, digital)",Energy and non-digital,Early stage,2012,61020752,USD,6
CHN,PEOPLE'S REPUBLIC OF CHINA,Fundings of start-ups,"By sector (energy, green, digital)",Energy and non-digital,Early stage,2013,9006800,USD,7
CHN,PEOPLE'S REPUBLIC OF CHINA,Fundings of start-ups,"By sector (energy, green, digital)",Energy and non-digital,Early stage,2014,66884008,USD,21
CHN,PEOPLE'S REPUBLIC OF CHINA,Fundings of start-ups,"By sector (energy, green, digital)",Energy and non-digital,Early stage,2015,749296192,USD,39
CHN,PEOPLE'S REPUBLIC OF CHINA,Fundings of start-ups,"By sector (energy, green, digital)",Energy and non-digital,Early stage,2016,2845349888,USD,46
CHN,PEOPLE'S REPUBLIC OF CHINA,Fundings of start-ups,"By sector (energy, green, digital)",Energy and non-digital,Early stage,2017,2800501248,USD,47
CHN,PEOPLE'S REPUBLIC OF CHINA,Fundings of start-ups,"By sector (energy, green, digital)",Energy and non-digital,Early stage,2018,4467820032,USD,41
CHN,PEOPLE'S REPUBLIC OF CHINA,Fundings of start-ups,"By sector (energy, green, digital)",Energy and non-digital,Early stage,2019,2609560064,USD,20
CHN,PEOPLE'S REPUBLIC OF CHINA,Fundings of start-ups,"By sector (energy, green, digital)",Energy and non-digital,Early stage,2020,1775022080,USD,12
CHN,PEOPLE'S REPUBLIC OF CHINA,Fundings of start-ups,"By sector (energy, green, digital)",Energy and non-digital,Early stage,2021,8102210048,USD,23
CHN,PEOPLE'S REPUBLIC OF CHINA,Probability to receive funding,"By sector (energy, green, digital)",Energy and non-digital,Early stage,2021,24.90421486,Percentage,783
CHN,PEOPLE'S REPUBLIC OF CHINA,Fundings of start-ups,"By sector (energy, green, digital)",Energy and non-digital,Early stage,2022,2.904769897,Years,785
CHN,PEOPLE'S REPUBLIC OF CHINA,Fundings of start-ups,"By sector (energy, green, digital)",Energy and non-digital,Early stage,2022,2988317184,USD,26
CHN,PEOPLE'S REPUBLIC OF CHINA,Fundings of start-ups,"By sector (energy, green, digital)",Non-energy,Early stage,2000,177596976,USD,34
CHN,PEOPLE'S REPUBLIC OF CHINA,Fundings of start-ups,"By sector (energy, green, digital)",Non-energy,Early stage,2001,1634324736,USD,21
CHN,PEOPLE'S REPUBLIC OF CHINA,Fundings of start-ups,"By sector (energy, green, digital)",Non-energy,Early stage,2002,60381112,USD,20
CHN,PEOPLE'S REPUBLIC OF CHINA,Fundings of start-ups,"By sector (energy, green, digital)",Non-energy,Early stage,2003,123039040,USD,22
CHN,PEOPLE'S REPUBLIC OF CHINA,Fundings of start-ups,"By sector (energy, green, digital)",Non-energy,Early stage,2004,448562944,USD,45
CHN,PEOPLE'S REPUBLIC OF CHINA,Fundings of start-ups,"By sector (energy, green, digital)",Non-energy,Early stage,2005,629741568,USD,67
CHN,PEOPLE'S REPUBLIC OF CHINA,Fundings of start-ups,"By sector (energy, green, digital)",Non-energy,Early stage,2006,1391490560,USD,108
CHN,PEOPLE'S REPUBLIC OF CHINA,Fundings of start-ups,"By sector (energy, green, digital)",Non-energy,Early stage,2007,1892586496,USD,128
CHN,PEOPLE'S REPUBLIC OF CHINA,Fundings of start-ups,"By sector (energy, green, digital)",Non-energy,Early stage,2008,2284732928,USD,143
CHN,PEOPLE'S REPUBLIC OF CHINA,Fundings of start-ups,"By sector (energy, green, digital)",Non-energy,Early stage,2009,839227584,USD,139
CHN,PEOPLE'S REPUBLIC OF CHINA,Fundings of start-ups,"By sector (energy, green, digital)",Non-energy,Early stage,2010,2955498240,USD,292
CHN,PEOPLE'S REPUBLIC OF CHINA,Fundings of start-ups,"By sector (energy, green, digital)",Non-energy,Early stage,2011,3502709504,USD,430
CHN,PEOPLE'S REPUBLIC OF CHINA,Fundings of start-ups,"By sector (energy, green, digital)",Non-energy,Early stage,2012,2425494272,USD,436
CHN,PEOPLE'S REPUBLIC OF CHINA,Fundings of start-ups,"By sector (energy, green, digital)",Non-energy,Early stage,2013,2857959936,USD,641
CHN,PEOPLE'S REPUBLIC OF CHINA,Fundings of start-ups,"By sector (energy, green, digital)",Non-energy,Early stage,2014,10244793344,USD,1467
CHN,PEOPLE'S REPUBLIC OF CHINA,Fundings of start-ups,"By sector (energy, green, digital)",Non-energy,Early stage,2015,22240083968,USD,2735
CHN,PEOPLE'S REPUBLIC OF CHINA,Fundings of start-ups,"By sector (energy, green, digital)",Non-energy,Early stage,2016,34878349312,USD,2778
CHN,PEOPLE'S REPUBLIC OF CHINA,Fundings of start-ups,"By sector (energy, green, digital)",Non-energy,Early stage,2017,29462358016,USD,2422
CHN,PEOPLE'S REPUBLIC OF CHINA,Fundings of start-ups,"By sector (energy, green, digital)",Non-energy,Early stage,2018,37521580032,USD,2448
CHN,PEOPLE'S REPUBLIC OF CHINA,Fundings of start-ups,"By sector (energy, green, digital)",Non-energy,Early stage,2019,24813375488,USD,1157
CHN,PEOPLE'S REPUBLIC OF CHINA,Fundings of start-ups,"By sector (energy, green, digital)",Non-energy,Early stage,2020,17623263232,USD,494
CHN,PEOPLE'S REPUBLIC OF CHINA,Probability to receive funding,"By sector (energy, green, digital)",Non-energy,Early stage,2021,54.2909584,Percentage,23969
CHN,PEOPLE'S REPUBLIC OF CHINA,Fundings of start-ups,"By sector (energy, green, digital)",Non-energy,Early stage,2021,23939315712,USD,633
CHN,PEOPLE'S REPUBLIC OF CHINA,Fundings of start-ups,"By sector (energy, green, digital)",Non-energy,Early stage,2022,2.724575996,Years,23989
CHN,PEOPLE'S REPUBLIC OF CHINA,Fundings of start-ups,"By sector (energy, green, digital)",Non-energy,Early stage,2022,13008044032,USD,431
CHN,PEOPLE'S REPUBLIC OF CHINA,Fundings of start-ups,"By sector (energy, green, digital)",Energy,Later stage,2009,7543088.5,USD,1
CHN,PEOPLE'S REPUBLIC OF CHINA,Fundings of start-ups,"By sector (energy, green, digital)",Energy,Later stage,2010,157589856,USD,4
CHN,PEOPLE'S REPUBLIC OF CHINA,Fundings of start-ups,"By sector (energy, green, digital)",Energy,Later stage,2012,20892200,USD,3
CHN,PEOPLE'S REPUBLIC OF CHINA,Fundings of start-ups,"By sector (energy, green, digital)",Energy,Later stage,2015,120460696,USD,6
CHN,PEOPLE'S REPUBLIC OF CHINA,Fundings of start-ups,"By sector (energy, green, digital)",Energy,Later stage,2016,15394664,USD,3
CHN,PEOPLE'S REPUBLIC OF CHINA,Fundings of start-ups,"By sector (energy, green, digital)",Energy,Later stage,2017,2802854912,USD,12
CHN,PEOPLE'S REPUBLIC OF CHINA,Fundings of start-ups,"By sector (energy, green, digital)",Energy,Later stage,2018,941597568,USD,12
CHN,PEOPLE'S REPUBLIC OF CHINA,Fundings of start-ups,"By sector (energy, green, digital)",Energy,Later stage,2019,2937691136,USD,16
CHN,PEOPLE'S REPUBLIC OF CHINA,Fundings of start-ups,"By sector (energy, green, digital)",Energy,Later stage,2020,3918211328,USD,9
CHN,PEOPLE'S REPUBLIC OF CHINA,Probability to receive funding,"By sector (energy, green, digital)",Energy,Later stage,2021,7.692307472,Percentage,1183
CHN,PEOPLE'S REPUBLIC OF CHINA,Fundings of start-ups,"By sector (energy, green, digital)",Energy,Later stage,2021,2671799040,USD,11
CHN,PEOPLE'S REPUBLIC OF CHINA,Fundings of start-ups,"By sector (energy, green, digital)",Energy,Later stage,2022,885250688,USD,8
CHN,PEOPLE'S REPUBLIC OF CHINA,Fundings of start-ups,"By sector (energy, green, digital)",Energy,Later stage,2022,5.970043659,Years,1185
CHN,PEOPLE'S REPUBLIC OF CHINA,Fundings of start-ups,"By sector (energy, green, digital)",Energy and digital,Later stage,2010,4400299.5,USD,1
CHN,PEOPLE'S REPUBLIC OF CHINA,Fundings of start-ups,"By sector (energy, green, digital)",Energy and digital,Later stage,2012,20839252,USD,2
CHN,PEOPLE'S REPUBLIC OF CHINA,Fundings of start-ups,"By sector (energy, green, digital)",Energy and digital,Later stage,2015,109514384,USD,4
CHN,PEOPLE'S REPUBLIC OF CHINA,Fundings of start-ups,"By sector (energy, green, digital)",Energy and digital,Later stage,2016,10393979,USD,2
CHN,PEOPLE'S REPUBLIC OF CHINA,Fundings of start-ups,"By sector (energy, green, digital)",Energy and digital,Later stage,2017,168935024,USD,4
CHN,PEOPLE'S REPUBLIC OF CHINA,Fundings of start-ups,"By sector (energy, green, digital)",Energy and digital,Later stage,2018,11093750,USD,1
CHN,PEOPLE'S REPUBLIC OF CHINA,Fundings of start-ups,"By sector (energy, green, digital)",Energy and digital,Later stage,2019,396249344,USD,6
CHN,PEOPLE'S REPUBLIC OF CHINA,Fundings of start-ups,"By sector (energy, green, digital)",Energy and digital,Later stage,2020,138276128,USD,1
CHN,PEOPLE'S REPUBLIC OF CHINA,Probability to receive funding,"By sector (energy, green, digital)",Energy and digital,Later stage,2021,7.25,Percentage,400
CHN,PEOPLE'S REPUBLIC OF CHINA,Fundings of start-ups,"By sector (energy, green, digital)",Energy and digital,Later stage,2021,710460992,USD,4
CHN,PEOPLE'S REPUBLIC OF CHINA,Fundings of start-ups,"By sector (energy, green, digital)",Energy and digital,Later stage,2022,15736632,USD,1
CHN,PEOPLE'S REPUBLIC OF CHINA,Fundings of start-ups,"By sector (energy, green, digital)",Energy and digital,Later stage,2022,5.247992516,Years,400
CHN,PEOPLE'S REPUBLIC OF CHINA,Fundings of start-ups,"By sector (energy, green, digital)",Energy and non-digital,Later stage,2009,7543088.5,USD,1
CHN,PEOPLE'S REPUBLIC OF CHINA,Fundings of start-ups,"By sector (energy, green, digital)",Energy and non-digital,Later stage,2010,153189552,USD,3
CHN,PEOPLE'S REPUBLIC OF CHINA,Fundings of start-ups,"By sector (energy, green, digital)",Energy and non-digital,Later stage,2012,52947.44141,USD,1
CHN,PEOPLE'S REPUBLIC OF CHINA,Fundings of start-ups,"By sector (energy, green, digital)",Energy and non-digital,Later stage,2015,10946314,USD,2
CHN,PEOPLE'S REPUBLIC OF CHINA,Fundings of start-ups,"By sector (energy, green, digital)",Energy and non-digital,Later stage,2016,5000685.5,USD,1
CHN,PEOPLE'S REPUBLIC OF CHINA,Fundings of start-ups,"By sector (energy, green, digital)",Energy and non-digital,Later stage,2017,2633920000,USD,8
CHN,PEOPLE'S REPUBLIC OF CHINA,Fundings of start-ups,"By sector (energy, green, digital)",Energy and non-digital,Later stage,2018,930503808,USD,11
CHN,PEOPLE'S REPUBLIC OF CHINA,Fundings of start-ups,"By sector (energy, green, digital)",Energy and non-digital,Later stage,2019,2541442048,USD,10
CHN,PEOPLE'S REPUBLIC OF CHINA,Fundings of start-ups,"By sector (energy, green, digital)",Energy and non-digital,Later stage,2020,3779935232,USD,8
CHN,PEOPLE'S REPUBLIC OF CHINA,Fundings of start-ups,"By sector (energy, green, digital)",Energy and non-digital,Later stage,2021,1961337984,USD,7
CHN,PEOPLE'S REPUBLIC OF CHINA,Probability to receive funding,"By sector (energy, green, digital)",Energy and non-digital,Later stage,2021,7.918262959,Percentage,783
CHN,PEOPLE'S REPUBLIC OF CHINA,Fundings of start-ups,"By sector (energy, green, digital)",Energy and non-digital,Later stage,2022,6.307777405,Years,785
CHN,PEOPLE'S REPUBLIC OF CHINA,Fundings of start-ups,"By sector (energy, green, digital)",Energy and non-digital,Later stage,2022,869514048,USD,7
CHN,PEOPLE'S REPUBLIC OF CHINA,Fundings of start-ups,"By sector (energy, green, digital)",Non-energy,Later stage,2000,80681816,USD,2
CHN,PEOPLE'S REPUBLIC OF CHINA,Fundings of start-ups,"By sector (energy, green, digital)",Non-energy,Later stage,2001,50117648,USD,1
CHN,PEOPLE'S REPUBLIC OF CHINA,Fundings of start-ups,"By sector (energy, green, digital)",Non-energy,Later stage,2002,4413610,USD,3
CHN,PEOPLE'S REPUBLIC OF CHINA,Fundings of start-ups,"By sector (energy, green, digital)",Non-energy,Later stage,2003,951702144,USD,1
CHN,PEOPLE'S REPUBLIC OF CHINA,Fundings of start-ups,"By sector (energy, green, digital)",Non-energy,Later stage,2004,235525952,USD,9
CHN,PEOPLE'S REPUBLIC OF CHINA,Fundings of start-ups,"By sector (energy, green, digital)",Non-energy,Later stage,2005,1491856768,USD,8
CHN,PEOPLE'S REPUBLIC OF CHINA,Fundings of start-ups,"By sector (energy, green, digital)",Non-energy,Later stage,2006,175497344,USD,9
CHN,PEOPLE'S REPUBLIC OF CHINA,Fundings of start-ups,"By sector (energy, green, digital)",Non-energy,Later stage,2007,339358080,USD,17
CHN,PEOPLE'S REPUBLIC OF CHINA,Fundings of start-ups,"By sector (energy, green, digital)",Non-energy,Later stage,2008,910931328,USD,27
CHN,PEOPLE'S REPUBLIC OF CHINA,Fundings of start-ups,"By sector (energy, green, digital)",Non-energy,Later stage,2009,375773184,USD,25
CHN,PEOPLE'S REPUBLIC OF CHINA,Fundings of start-ups,"By sector (energy, green, digital)",Non-energy,Later stage,2010,1284548480,USD,46
CHN,PEOPLE'S REPUBLIC OF CHINA,Fundings of start-ups,"By sector (energy, green, digital)",Non-energy,Later stage,2011,6153337856,USD,55
CHN,PEOPLE'S REPUBLIC OF CHINA,Fundings of start-ups,"By sector (energy, green, digital)",Non-energy,Later stage,2012,3953233920,USD,42
CHN,PEOPLE'S REPUBLIC OF CHINA,Fundings of start-ups,"By sector (energy, green, digital)",Non-energy,Later stage,2013,2940555008,USD,57
CHN,PEOPLE'S REPUBLIC OF CHINA,Fundings of start-ups,"By sector (energy, green, digital)",Non-energy,Later stage,2014,8987360256,USD,113
CHN,PEOPLE'S REPUBLIC OF CHINA,Fundings of start-ups,"By sector (energy, green, digital)",Non-energy,Later stage,2015,19355203584,USD,220
CHN,PEOPLE'S REPUBLIC OF CHINA,Fundings of start-ups,"By sector (energy, green, digital)",Non-energy,Later stage,2016,16560916480,USD,238
CHN,PEOPLE'S REPUBLIC OF CHINA,Fundings of start-ups,"By sector (energy, green, digital)",Non-energy,Later stage,2017,33677213696,USD,328
CHN,PEOPLE'S REPUBLIC OF CHINA,Fundings of start-ups,"By sector (energy, green, digital)",Non-energy,Later stage,2018,55341641728,USD,376
CHN,PEOPLE'S REPUBLIC OF CHINA,Fundings of start-ups,"By sector (energy, green, digital)",Non-energy,Later stage,2019,26984978432,USD,230
CHN,PEOPLE'S REPUBLIC OF CHINA,Fundings of start-ups,"By sector (energy, green, digital)",Non-energy,Later stage,2020,28932847616,USD,200
CHN,PEOPLE'S REPUBLIC OF CHINA,Fundings of start-ups,"By sector (energy, green, digital)",Non-energy,Later stage,2021,36198039552,USD,253
CHN,PEOPLE'S REPUBLIC OF CHINA,Probability to receive funding,"By sector (energy, green, digital)",Non-energy,Later stage,2021,9.124285698,Percentage,23969
CHN,PEOPLE'S REPUBLIC OF CHINA,Fundings of start-ups,"By sector (energy, green, digital)",Non-energy,Later stage,2022,5.653051853,Years,23989
CHN,PEOPLE'S REPUBLIC OF CHINA,Fundings of start-ups,"By sector (energy, green, digital)",Non-energy,Later stage,2022,8201448960,USD,110
CHN,PEOPLE'S REPUBLIC OF CHINA,Fundings of start-ups,By technology,Bioenergy,all,2013,957303.375,USD,0.5
CHN,PEOPLE'S REPUBLIC OF CHINA,Fundings of start-ups,By technology,Bioenergy,all,2014,10061602,USD,0.5
CHN,PEOPLE'S REPUBLIC OF CHINA,Fundings of start-ups,By technology,Electric mobility,all,2008,2323636.25,USD,1
CHN,PEOPLE'S REPUBLIC OF CHINA,Fundings of start-ups,By technology,Electric mobility,all,2010,30894954,USD,3.5
CHN,PEOPLE'S REPUBLIC OF CHINA,Fundings of start-ups,By technology,Electric mobility,all,2011,15588895,USD,1
CHN,PEOPLE'S REPUBLIC OF CHINA,Fundings of start-ups,By technology,Electric mobility,all,2012,6846157,USD,3.5
CHN,PEOPLE'S REPUBLIC OF CHINA,Fundings of start-ups,By technology,Electric mobility,all,2013,868359.6875,USD,1.5
CHN,PEOPLE'S REPUBLIC OF CHINA,Fundings of start-ups,By technology,Electric mobility,all,2014,30126682,USD,11
CHN,PEOPLE'S REPUBLIC OF CHINA,Fundings of start-ups,By technology,Electric mobility,all,2015,850370176,USD,25.33333397
CHN,PEOPLE'S REPUBLIC OF CHINA,Fundings of start-ups,By technology,Electric mobility,all,2016,2828314112,USD,36.5
CHN,PEOPLE'S REPUBLIC OF CHINA,Fundings of start-ups,By technology,Electric mobility,all,2017,5816657408,USD,46
CHN,PEOPLE'S REPUBLIC OF CHINA,Fundings of start-ups,By technology,Electric mobility,all,2018,5848463872,USD,43.83333206
CHN,PEOPLE'S REPUBLIC OF CHINA,Fundings of start-ups,By technology,Electric mobility,all,2019,4845925888,USD,23.33333397
CHN,PEOPLE'S REPUBLIC OF CHINA,Fundings of start-ups,By technology,Electric mobility,all,2020,5831077376,USD,16.25
CHN,PEOPLE'S REPUBLIC OF CHINA,Fundings of start-ups,By technology,Electric mobility,all,2021,9630479360,USD,21.91666603
CHN,PEOPLE'S REPUBLIC OF CHINA,Fundings of start-ups,By technology,Electric mobility,all,2022,2412044800,USD,11.5
CHN,PEOPLE'S REPUBLIC OF CHINA,Fundings of start-ups,By technology,Energy efficiency,all,2001,4277552,USD,2
CHN,PEOPLE'S REPUBLIC OF CHINA,Fundings of start-ups,By technology,Energy efficiency,all,2004,532451.5,USD,1
CHN,PEOPLE'S REPUBLIC OF CHINA,Fundings of start-ups,By technology,Energy efficiency,all,2005,518231.8438,USD,1
CHN,PEOPLE'S REPUBLIC OF CHINA,Fundings of start-ups,By technology,Energy efficiency,all,2006,44951300,USD,1.25
CHN,PEOPLE'S REPUBLIC OF CHINA,Fundings of start-ups,By technology,Energy efficiency,all,2007,535053.3125,USD,1
CHN,PEOPLE'S REPUBLIC OF CHINA,Fundings of start-ups,By technology,Energy efficiency,all,2008,40617360,USD,6
CHN,PEOPLE'S REPUBLIC OF CHINA,Fundings of start-ups,By technology,Energy efficiency,all,2009,9064581,USD,2
CHN,PEOPLE'S REPUBLIC OF CHINA,Fundings of start-ups,By technology,Energy efficiency,all,2010,16454740,USD,5
CHN,PEOPLE'S REPUBLIC OF CHINA,Fundings of start-ups,By technology,Energy efficiency,all,2011,21757522,USD,4.25
CHN,PEOPLE'S REPUBLIC OF CHINA,Fundings of start-ups,By technology,Energy efficiency,all,2012,71587480,USD,7.25
CHN,PEOPLE'S REPUBLIC OF CHINA,Fundings of start-ups,By technology,Energy efficiency,all,2013,63594184,USD,11.83333302
CHN,PEOPLE'S REPUBLIC OF CHINA,Fundings of start-ups,By technology,Energy efficiency,all,2014,20290154,USD,9.333333015
CHN,PEOPLE'S REPUBLIC OF CHINA,Fundings of start-ups,By technology,Energy efficiency,all,2015,63042684,USD,25.83333397
CHN,PEOPLE'S REPUBLIC OF CHINA,Fundings of start-ups,By technology,Energy efficiency,all,2016,163156560,USD,35.5
CHN,PEOPLE'S REPUBLIC OF CHINA,Fundings of start-ups,By technology,Energy efficiency,all,2017,136768128,USD,29.5
CHN,PEOPLE'S REPUBLIC OF CHINA,Fundings of start-ups,By technology,Energy efficiency,all,2018,233287152,USD,18
CHN,PEOPLE'S REPUBLIC OF CHINA,Fundings of start-ups,By technology,Energy efficiency,all,2019,308590848,USD,13.5
CHN,PEOPLE'S REPUBLIC OF CHINA,Fundings of start-ups,By technology,Energy efficiency,all,2020,154731072,USD,4
CHN,PEOPLE'S REPUBLIC OF CHINA,Fundings of start-ups,By technology,Energy efficiency,all,2021,398687424,USD,3.366666555
CHN,PEOPLE'S REPUBLIC OF CHINA,Fundings of start-ups,By technology,Energy efficiency,all,2022,35304936,USD,3
CHN,PEOPLE'S REPUBLIC OF CHINA,Fundings of start-ups,By technology,Energy storage and batteries,all,2001,39012376,USD,1
CHN,PEOPLE'S REPUBLIC OF CHINA,Fundings of start-ups,By technology,Energy storage and batteries,all,2008,8606061,USD,0.333333343
CHN,PEOPLE'S REPUBLIC OF CHINA,Fundings of start-ups,By technology,Energy storage and batteries,all,2010,31581264,USD,2.333333254
CHN,PEOPLE'S REPUBLIC OF CHINA,Fundings of start-ups,By technology,Energy storage and batteries,all,2013,1481768,USD,2
CHN,PEOPLE'S REPUBLIC OF CHINA,Fundings of start-ups,By technology,Energy storage and batteries,all,2014,1893695.875,USD,1
CHN,PEOPLE'S REPUBLIC OF CHINA,Fundings of start-ups,By technology,Energy storage and batteries,all,2015,45415080,USD,1.166666627
CHN,PEOPLE'S REPUBLIC OF CHINA,Fundings of start-ups,By technology,Energy storage and batteries,all,2016,87828648,USD,3.833333254
CHN,PEOPLE'S REPUBLIC OF CHINA,Fundings of start-ups,By technology,Energy storage and batteries,all,2017,14117358,USD,6
CHN,PEOPLE'S REPUBLIC OF CHINA,Fundings of start-ups,By technology,Energy storage and batteries,all,2018,51945652,USD,2.833333254
CHN,PEOPLE'S REPUBLIC OF CHINA,Fundings of start-ups,By technology,Energy storage and batteries,all,2019,146580304,USD,3.333333254
CHN,PEOPLE'S REPUBLIC OF CHINA,Fundings of start-ups,By technology,Energy storage and batteries,all,2020,107413432,USD,2.5
CHN,PEOPLE'S REPUBLIC OF CHINA,Fundings of start-ups,By technology,Energy storage and batteries,all,2021,1593690368,USD,2.333333254
CHN,PEOPLE'S REPUBLIC OF CHINA,Fundings of start-ups,By technology,Energy storage and batteries,all,2022,251685664,USD,4
CHN,PEOPLE'S REPUBLIC OF CHINA,Fundings of start-ups,By technology,Fossil fuels,all,2010,1914102.125,USD,1
CHN,PEOPLE'S REPUBLIC OF CHINA,Fundings of start-ups,By technology,Fossil fuels,all,2011,1271378.375,USD,3
CHN,PEOPLE'S REPUBLIC OF CHINA,Fundings of start-ups,By technology,Fossil fuels,all,2012,1901878.25,USD,1
CHN,PEOPLE'S REPUBLIC OF CHINA,Fundings of start-ups,By technology,Fossil fuels,all,2013,584833.375,USD,1
CHN,PEOPLE'S REPUBLIC OF CHINA,Fundings of start-ups,By technology,Fossil fuels,all,2014,7366691,USD,5
CHN,PEOPLE'S REPUBLIC OF CHINA,Fundings of start-ups,By technology,Fossil fuels,all,2015,20298882,USD,5.5
CHN,PEOPLE'S REPUBLIC OF CHINA,Fundings of start-ups,By technology,Fossil fuels,all,2016,21475466,USD,3
CHN,PEOPLE'S REPUBLIC OF CHINA,Fundings of start-ups,By technology,Fossil fuels,all,2017,62028408,USD,5.5
CHN,PEOPLE'S REPUBLIC OF CHINA,Fundings of start-ups,By technology,Fossil fuels,all,2018,184073712,USD,2
CHN,PEOPLE'S REPUBLIC OF CHINA,Fundings of start-ups,By technology,Fossil fuels,all,2019,4617648.5,USD,2
CHN,PEOPLE'S REPUBLIC OF CHINA,Fundings of start-ups,By technology,Fossil fuels,all,2020,15206989,USD,1
CHN,PEOPLE'S REPUBLIC OF CHINA,Fundings of start-ups,By technology,Grid,all,2007,20094340,USD,2
CHN,PEOPLE'S REPUBLIC OF CHINA,Fundings of start-ups,By technology,Grid,all,2010,3136868.75,USD,1
CHN,PEOPLE'S REPUBLIC OF CHINA,Fundings of start-ups,By technology,Grid,all,2014,117679560,USD,1
CHN,PEOPLE'S REPUBLIC OF CHINA,Fundings of start-ups,By technology,Grid,all,2015,22177252,USD,1
CHN,PEOPLE'S REPUBLIC OF CHINA,Fundings of start-ups,By technology,Grid,all,2016,92420160,USD,2
CHN,PEOPLE'S REPUBLIC OF CHINA,Fundings of start-ups,By technology,Grid,all,2017,16994680,USD,1
CHN,PEOPLE'S REPUBLIC OF CHINA,Fundings of start-ups,By technology,Grid,all,2018,252336288,USD,3
CHN,PEOPLE'S REPUBLIC OF CHINA,Fundings of start-ups,By technology,Grid,all,2019,5521084.5,USD,1.5
CHN,PEOPLE'S REPUBLIC OF CHINA,Fundings of start-ups,By technology,Grid,all,2021,54867316,USD,3
CHN,PEOPLE'S REPUBLIC OF CHINA,Fundings of start-ups,By technology,Grid,all,2022,38379652,USD,2.5
CHN,PEOPLE'S REPUBLIC OF CHINA,Fundings of start-ups,By technology,Hydrogen and fuel cells,all,2021,98426224,USD,0.933333337
CHN,PEOPLE'S REPUBLIC OF CHINA,Fundings of start-ups,By technology,Hydrogen and fuel cells,all,2022,7471049.5,USD,0.5
CHN,PEOPLE'S REPUBLIC OF CHINA,Fundings of start-ups,By technology,Other energy,all,2001,783088.25,USD,1
CHN,PEOPLE'S REPUBLIC OF CHINA,Fundings of start-ups,By technology,Other energy,all,2006,2074675.375,USD,0.25
CHN,PEOPLE'S REPUBLIC OF CHINA,Fundings of start-ups,By technology,Other energy,all,2007,5467948,USD,1.5
CHN,PEOPLE'S REPUBLIC OF CHINA,Fundings of start-ups,By technology,Other energy,all,2008,218032624,USD,2.666666746
CHN,PEOPLE'S REPUBLIC OF CHINA,Fundings of start-ups,By technology,Other energy,all,2009,12771341,USD,0.833333313
CHN,PEOPLE'S REPUBLIC OF CHINA,Fundings of start-ups,By technology,Other energy,all,2010,95596752,USD,4.666666508
CHN,PEOPLE'S REPUBLIC OF CHINA,Fundings of start-ups,By technology,Other energy,all,2011,16060654,USD,2.25
CHN,PEOPLE'S REPUBLIC OF CHINA,Fundings of start-ups,By technology,Other energy,all,2012,14625819,USD,2.75
CHN,PEOPLE'S REPUBLIC OF CHINA,Fundings of start-ups,By technology,Other energy,all,2013,1537526.125,USD,1.5
CHN,PEOPLE'S REPUBLIC OF CHINA,Fundings of start-ups,By technology,Other energy,all,2014,105939280,USD,5.666666508
CHN,PEOPLE'S REPUBLIC OF CHINA,Fundings of start-ups,By technology,Other energy,all,2015,33467932,USD,15
CHN,PEOPLE'S REPUBLIC OF CHINA,Fundings of start-ups,By technology,Other energy,all,2016,45512200,USD,10.83333302
CHN,PEOPLE'S REPUBLIC OF CHINA,Fundings of start-ups,By technology,Other energy,all,2017,87854952,USD,18
CHN,PEOPLE'S REPUBLIC OF CHINA,Fundings of start-ups,By technology,Other energy,all,2018,430637504,USD,15.66666698
CHN,PEOPLE'S REPUBLIC OF CHINA,Fundings of start-ups,By technology,Other energy,all,2019,696042368,USD,8.333333015
CHN,PEOPLE'S REPUBLIC OF CHINA,Fundings of start-ups,By technology,Other energy,all,2020,1042763712,USD,4.25
CHN,PEOPLE'S REPUBLIC OF CHINA,Fundings of start-ups,By technology,Other energy,all,2021,2327918336,USD,5.816666603
CHN,PEOPLE'S REPUBLIC OF CHINA,Fundings of start-ups,By technology,Other energy,all,2022,573018368,USD,9.333333015
CHN,PEOPLE'S REPUBLIC OF CHINA,Fundings of start-ups,By technology,Other renewables,all,2005,6911619,USD,0.5
CHN,PEOPLE'S REPUBLIC OF CHINA,Fundings of start-ups,By technology,Other renewables,all,2006,4149350.75,USD,0.5
CHN,PEOPLE'S REPUBLIC OF CHINA,Fundings of start-ups,By technology,Other renewables,all,2008,30637576,USD,1.833333373
CHN,PEOPLE'S REPUBLIC OF CHINA,Fundings of start-ups,By technology,Other renewables,all,2009,21836456,USD,1.666666627
CHN,PEOPLE'S REPUBLIC OF CHINA,Fundings of start-ups,By technology,Other renewables,all,2010,87230088,USD,1.166666627
CHN,PEOPLE'S REPUBLIC OF CHINA,Fundings of start-ups,By technology,Other renewables,all,2011,6191860.5,USD,0.5
CHN,PEOPLE'S REPUBLIC OF CHINA,Fundings of start-ups,By technology,Other renewables,all,2012,20452840,USD,1.5
CHN,PEOPLE'S REPUBLIC OF CHINA,Fundings of start-ups,By technology,Other renewables,all,2014,88259672,USD,0.333333343
CHN,PEOPLE'S REPUBLIC OF CHINA,Fundings of start-ups,By technology,Other renewables,all,2015,18017010,USD,2.333333254
CHN,PEOPLE'S REPUBLIC OF CHINA,Fundings of start-ups,By technology,Other renewables,all,2016,26442610,USD,0.333333343
CHN,PEOPLE'S REPUBLIC OF CHINA,Fundings of start-ups,By technology,Other renewables,all,2017,11329787,USD,1
CHN,PEOPLE'S REPUBLIC OF CHINA,Fundings of start-ups,By technology,Other renewables,all,2018,8911299,USD,2.333333254
CHN,PEOPLE'S REPUBLIC OF CHINA,Fundings of start-ups,By technology,Other renewables,all,2019,1593117824,USD,2.5
CHN,PEOPLE'S REPUBLIC OF CHINA,Fundings of start-ups,By technology,Other renewables,all,2021,1668652544,USD,4.633333206
CHN,PEOPLE'S REPUBLIC OF CHINA,Fundings of start-ups,By technology,Other renewables,all,2022,121607216,USD,1.833333373
CHN,PEOPLE'S REPUBLIC OF CHINA,Fundings of start-ups,By technology,Solar,all,2005,6911619,USD,0.5
CHN,PEOPLE'S REPUBLIC OF CHINA,Fundings of start-ups,By technology,Solar,all,2007,257441.3125,USD,0.5
CHN,PEOPLE'S REPUBLIC OF CHINA,Fundings of start-ups,By technology,Solar,all,2008,205123536,USD,2.166666746
CHN,PEOPLE'S REPUBLIC OF CHINA,Fundings of start-ups,By technology,Solar,all,2009,1948170.75,USD,0.5
CHN,PEOPLE'S REPUBLIC OF CHINA,Fundings of start-ups,By technology,Solar,all,2010,27634730,USD,0.333333343
CHN,PEOPLE'S REPUBLIC OF CHINA,Fundings of start-ups,By technology,Solar,all,2013,22337.07813,USD,0.666666687
CHN,PEOPLE'S REPUBLIC OF CHINA,Fundings of start-ups,By technology,Solar,all,2014,89219000,USD,1.166666627
CHN,PEOPLE'S REPUBLIC OF CHINA,Fundings of start-ups,By technology,Solar,all,2015,5751200.5,USD,1.833333373
CHN,PEOPLE'S REPUBLIC OF CHINA,Fundings of start-ups,By technology,Solar,all,2017,12462766,USD,1
CHN,PEOPLE'S REPUBLIC OF CHINA,Fundings of start-ups,By technology,Solar,all,2018,5383486,USD,0.333333343
CHN,PEOPLE'S REPUBLIC OF CHINA,Fundings of start-ups,By technology,Solar,all,2019,3088455,USD,0.5
CHN,PEOPLE'S REPUBLIC OF CHINA,Fundings of start-ups,By technology,Solar,all,2021,193670128,USD,1
CHN,PEOPLE'S REPUBLIC OF CHINA,Fundings of start-ups,By technology,Solar,all,2022,83333336,USD,0.333333343
CHN,PEOPLE'S REPUBLIC OF CHINA,Probability to receive funding,By technology,Bioenergy,Early stage,2015,100,Percentage,0.5
CHN,PEOPLE'S REPUBLIC OF CHINA,Probability to receive funding,By technology,Bioenergy,Early stage,2016,100,Percentage,0.5
CHN,PEOPLE'S REPUBLIC OF CHINA,Probability to receive funding,By technology,Bioenergy,Early stage,2017,100,Percentage,0.5
CHN,PEOPLE'S REPUBLIC OF CHINA,Probability to receive funding,By technology,Bioenergy,Early stage,2018,100,Percentage,0.5
CHN,PEOPLE'S REPUBLIC OF CHINA,Probability to receive funding,By technology,Bioenergy,Early stage,2019,100,Percentage,0.5
CHN,PEOPLE'S REPUBLIC OF CHINA,Probability to receive funding,By technology,Bioenergy,Early stage,2020,100,Percentage,0.5
CHN,PEOPLE'S REPUBLIC OF CHINA,Probability to receive funding,By technology,Bioenergy,Early stage,2021,100,Percentage,0.5
CHN,PEOPLE'S REPUBLIC OF CHINA,Fundings of start-ups,By technology,Clean energy,Early stage,2005,13823238,USD,1
CHN,PEOPLE'S REPUBLIC OF CHINA,Fundings of start-ups,By technology,Clean energy,Early stage,2006,51175324,USD,2
CHN,PEOPLE'S REPUBLIC OF CHINA,Fundings of start-ups,By technology,Clean energy,Early stage,2008,414381824,USD,6
CHN,PEOPLE'S REPUBLIC OF CHINA,Fundings of start-ups,By technology,Clean energy,Early stage,2009,32659626,USD,2
CHN,PEOPLE'S REPUBLIC OF CHINA,Fundings of start-ups,By technology,Clean energy,Early stage,2010,20342452,USD,5
CHN,PEOPLE'S REPUBLIC OF CHINA,Fundings of start-ups,By technology,Clean energy,Early stage,2011,40356336,USD,3
CHN,PEOPLE'S REPUBLIC OF CHINA,Fundings of start-ups,By technology,Clean energy,Early stage,2012,25196204,USD,5
CHN,PEOPLE'S REPUBLIC OF CHINA,Fundings of start-ups,By technology,Clean energy,Early stage,2013,3718304,USD,6
CHN,PEOPLE'S REPUBLIC OF CHINA,Fundings of start-ups,By technology,Clean energy,Early stage,2014,57787828,USD,17
CHN,PEOPLE'S REPUBLIC OF CHINA,Fundings of start-ups,By technology,Clean energy,Early stage,2015,821889920,USD,34
CHN,PEOPLE'S REPUBLIC OF CHINA,Fundings of start-ups,By technology,Clean energy,Early stage,2016,2879353344,USD,39
CHN,PEOPLE'S REPUBLIC OF CHINA,Fundings of start-ups,By technology,Clean energy,Early stage,2017,3002344192,USD,46
CHN,PEOPLE'S REPUBLIC OF CHINA,Fundings of start-ups,By technology,Clean energy,Early stage,2018,4947699200,USD,46
CHN,PEOPLE'S REPUBLIC OF CHINA,Fundings of start-ups,By technology,Clean energy,Early stage,2019,2388422400,USD,21
CHN,PEOPLE'S REPUBLIC OF CHINA,Fundings of start-ups,By technology,Clean energy,Early stage,2020,1720665984,USD,11
CHN,PEOPLE'S REPUBLIC OF CHINA,Probability to receive funding,By technology,Clean energy,Early stage,2021,38.31775665,Percentage,428
CHN,PEOPLE'S REPUBLIC OF CHINA,Fundings of start-ups,By technology,Clean energy,Early stage,2021,8230207488,USD,23
CHN,PEOPLE'S REPUBLIC OF CHINA,Fundings of start-ups,By technology,Clean energy,Early stage,2022,1448286208,USD,14
CHN,PEOPLE'S REPUBLIC OF CHINA,Fundings of start-ups,By technology,Clean energy,Early stage,2022,2.528464556,Years,428
CHN,PEOPLE'S REPUBLIC OF CHINA,Probability to receive funding,By technology,Electric mobility,Early stage,2015,69.17562866,Percentage,93
CHN,PEOPLE'S REPUBLIC OF CHINA,Probability to receive funding,By technology,Electric mobility,Early stage,2016,72.00292206,Percentage,114
CHN,PEOPLE'S REPUBLIC OF CHINA,Probability to receive funding,By technology,Electric mobility,Early stage,2017,72.42285156,Percentage,126.9166641
CHN,PEOPLE'S REPUBLIC OF CHINA,Probability to receive funding,By technology,Electric mobility,Early stage,2018,73.16294098,Percentage,130.4166718
CHN,PEOPLE'S REPUBLIC OF CHINA,Probability to receive funding,By technology,Electric mobility,Early stage,2019,72.05789948,Percentage,132.4166718
CHN,PEOPLE'S REPUBLIC OF CHINA,Probability to receive funding,By technology,Electric mobility,Early stage,2020,71.34183502,Percentage,137.25
CHN,PEOPLE'S REPUBLIC OF CHINA,Probability to receive funding,By technology,Electric mobility,Early stage,2021,71.8768158,Percentage,143.4166718
CHN,PEOPLE'S REPUBLIC OF CHINA,Fundings of start-ups,By technology,Electric mobility,Early stage,2022,2.214951038,Years,143.4166718
CHN,PEOPLE'S REPUBLIC OF CHINA,Probability to receive funding,By technology,Energy efficiency,Early stage,2015,40.18034363,Percentage,293.8833313
CHN,PEOPLE'S REPUBLIC OF CHINA,Probability to receive funding,By technology,Energy efficiency,Early stage,2016,41.53634262,Percentage,314.3833313
CHN,PEOPLE'S REPUBLIC OF CHINA,Probability to receive funding,By technology,Energy efficiency,Early stage,2017,41.85473633,Percentage,331.5833435
CHN,PEOPLE'S REPUBLIC OF CHINA,Probability to receive funding,By technology,Energy efficiency,Early stage,2018,41.44749832,Percentage,339.6666565
CHN,PEOPLE'S REPUBLIC OF CHINA,Probability to receive funding,By technology,Energy efficiency,Early stage,2019,41.08462906,Percentage,342.6666565
CHN,PEOPLE'S REPUBLIC OF CHINA,Probability to receive funding,By technology,Energy efficiency,Early stage,2020,41.28143311,Percentage,344.6666565
CHN,PEOPLE'S REPUBLIC OF CHINA,Probability to receive funding,By technology,Energy efficiency,Early stage,2021,41.22126389,Percentage,348
CHN,PEOPLE'S REPUBLIC OF CHINA,Fundings of start-ups,By technology,Energy efficiency,Early stage,2022,2.682871342,Years,348
CHN,PEOPLE'S REPUBLIC OF CHINA,Probability to receive funding,By technology,Energy storage and batteries,Early stage,2015,18.0819416,Percentage,72.81666565
CHN,PEOPLE'S REPUBLIC OF CHINA,Probability to receive funding,By technology,Energy storage and batteries,Early stage,2016,18.92880249,Percentage,77.48332977
CHN,PEOPLE'S REPUBLIC OF CHINA,Probability to receive funding,By technology,Energy storage and batteries,Early stage,2017,17.70980072,Percentage,82.81666565
CHN,PEOPLE'S REPUBLIC OF CHINA,Probability to receive funding,By technology,Energy storage and batteries,Early stage,2018,16.94262695,Percentage,86.56666565
CHN,PEOPLE'S REPUBLIC OF CHINA,Probability to receive funding,By technology,Energy storage and batteries,Early stage,2019,17.41960144,Percentage,87.06666565
CHN,PEOPLE'S REPUBLIC OF CHINA,Probability to receive funding,By technology,Energy storage and batteries,Early stage,2020,19.16635704,Percentage,89.56666565
CHN,PEOPLE'S REPUBLIC OF CHINA,Probability to receive funding,By technology,Energy storage and batteries,Early stage,2021,19.6578083,Percentage,91.56666565
CHN,PEOPLE'S REPUBLIC OF CHINA,Fundings of start-ups,By technology,Energy storage and batteries,Early stage,2022,3.770649433,Years,91.56666565
CHN,PEOPLE'S REPUBLIC OF CHINA,Probability to receive funding,By technology,Fossil fuels,Early stage,2015,28.48392105,Percentage,54.41666794
CHN,PEOPLE'S REPUBLIC OF CHINA,Probability to receive funding,By technology,Fossil fuels,Early stage,2016,29.35528183,Percentage,60.75
CHN,PEOPLE'S REPUBLIC OF CHINA,Probability to receive funding,By technology,Fossil fuels,Early stage,2017,29.03663445,Percentage,61.41666794
CHN,PEOPLE'S REPUBLIC OF CHINA,Probability to receive funding,By technology,Fossil fuels,Early stage,2018,28.80215263,Percentage,61.91666794
CHN,PEOPLE'S REPUBLIC OF CHINA,Probability to receive funding,By technology,Fossil fuels,Early stage,2019,28.12089348,Percentage,63.41666794
CHN,PEOPLE'S REPUBLIC OF CHINA,Probability to receive funding,By technology,Fossil fuels,Early stage,2020,28.12089348,Percentage,63.41666794
CHN,PEOPLE'S REPUBLIC OF CHINA,Probability to receive funding,By technology,Fossil fuels,Early stage,2021,28.12089348,Percentage,63.41666794
CHN,PEOPLE'S REPUBLIC OF CHINA,Fundings of start-ups,By technology,Fossil fuels,Early stage,2022,2.172269821,Years,63.41666794
CHN,PEOPLE'S REPUBLIC OF CHINA,Probability to receive funding,By technology,Grid,Early stage,2015,19.95099831,Percentage,47.61666489
CHN,PEOPLE'S REPUBLIC OF CHINA,Probability to receive funding,By technology,Grid,Early stage,2016,19.81230354,Percentage,47.95000076
CHN,PEOPLE'S REPUBLIC OF CHINA,Probability to receive funding,By technology,Grid,Early stage,2017,20.22244644,Percentage,49.45000076
CHN,PEOPLE'S REPUBLIC OF CHINA,Probability to receive funding,By technology,Grid,Early stage,2018,21.80376625,Percentage,50.45000076
CHN,PEOPLE'S REPUBLIC OF CHINA,Probability to receive funding,By technology,Grid,Early stage,2019,21.58979416,Percentage,50.95000076
CHN,PEOPLE'S REPUBLIC OF CHINA,Probability to receive funding,By technology,Grid,Early stage,2020,23.60717583,Percentage,52.95000076
CHN,PEOPLE'S REPUBLIC OF CHINA,Probability to receive funding,By technology,Grid,Early stage,2021,23.60717583,Percentage,52.95000076
CHN,PEOPLE'S REPUBLIC OF CHINA,Fundings of start-ups,By technology,Grid,Early stage,2022,3.921424627,Years,52.95000076
CHN,PEOPLE'S REPUBLIC OF CHINA,Probability to receive funding,By technology,Hydrogen and fuel cells,Early stage,2015,0,Percentage,2.616666555
CHN,PEOPLE'S REPUBLIC OF CHINA,Probability to receive funding,By technology,Hydrogen and fuel cells,Early stage,2016,14.40922165,Percentage,5.783333302
CHN,PEOPLE'S REPUBLIC OF CHINA,Probability to receive funding,By technology,Hydrogen and fuel cells,Early stage,2017,20.03577805,Percentage,9.316666603
CHN,PEOPLE'S REPUBLIC OF CHINA,Probability to receive funding,By technology,Hydrogen and fuel cells,Early stage,2018,19.01527977,Percentage,9.816666603
CHN,PEOPLE'S REPUBLIC OF CHINA,Probability to receive funding,By technology,Hydrogen and fuel cells,Early stage,2019,22.18597031,Percentage,10.21666622
CHN,PEOPLE'S REPUBLIC OF CHINA,Probability to receive funding,By technology,Hydrogen and fuel cells,Early stage,2020,22.18597031,Percentage,10.21666622
CHN,PEOPLE'S REPUBLIC OF CHINA,Probability to receive funding,By technology,Hydrogen and fuel cells,Early stage,2021,24.64455032,Percentage,10.55000019
CHN,PEOPLE'S REPUBLIC OF CHINA,Fundings of start-ups,By technology,Hydrogen and fuel cells,Early stage,2022,3.546153784,Years,10.55000019
CHN,PEOPLE'S REPUBLIC OF CHINA,Fundings of start-ups,By technology,Non-clean energy,Early stage,2001,44073016,USD,4
CHN,PEOPLE'S REPUBLIC OF CHINA,Fundings of start-ups,By technology,Non-clean energy,Early stage,2004,532451.5,USD,1
CHN,PEOPLE'S REPUBLIC OF CHINA,Fundings of start-ups,By technology,Non-clean energy,Early stage,2005,518231.8438,USD,1
CHN,PEOPLE'S REPUBLIC OF CHINA,Fundings of start-ups,By technology,Non-clean energy,Early stage,2007,26354782,USD,5
CHN,PEOPLE'S REPUBLIC OF CHINA,Fundings of start-ups,By technology,Non-clean energy,Early stage,2008,90958960,USD,8
CHN,PEOPLE'S REPUBLIC OF CHINA,Fundings of start-ups,By technology,Non-clean energy,Early stage,2009,5417834,USD,2
CHN,PEOPLE'S REPUBLIC OF CHINA,Fundings of start-ups,By technology,Non-clean energy,Early stage,2010,33607000,USD,9
CHN,PEOPLE'S REPUBLIC OF CHINA,Fundings of start-ups,By technology,Non-clean energy,Early stage,2011,20513974,USD,8
CHN,PEOPLE'S REPUBLIC OF CHINA,Fundings of start-ups,By technology,Non-clean energy,Early stage,2012,69325776,USD,8
CHN,PEOPLE'S REPUBLIC OF CHINA,Fundings of start-ups,By technology,Non-clean energy,Early stage,2013,65328008,USD,13
CHN,PEOPLE'S REPUBLIC OF CHINA,Fundings of start-ups,By technology,Non-clean energy,Early stage,2014,148269504,USD,17
CHN,PEOPLE'S REPUBLIC OF CHINA,Fundings of start-ups,By technology,Non-clean energy,Early stage,2015,94369888,USD,36
CHN,PEOPLE'S REPUBLIC OF CHINA,Fundings of start-ups,By technology,Non-clean energy,Early stage,2016,318350752,USD,47
CHN,PEOPLE'S REPUBLIC OF CHINA,Fundings of start-ups,By technology,Non-clean energy,Early stage,2017,230862272,USD,46
CHN,PEOPLE'S REPUBLIC OF CHINA,Fundings of start-ups,By technology,Non-clean energy,Early stage,2018,669450560,USD,26
CHN,PEOPLE'S REPUBLIC OF CHINA,Fundings of start-ups,By technology,Non-clean energy,Early stage,2019,486437312,USD,14
CHN,PEOPLE'S REPUBLIC OF CHINA,Fundings of start-ups,By technology,Non-clean energy,Early stage,2020,57663516,USD,4
CHN,PEOPLE'S REPUBLIC OF CHINA,Probability to receive funding,By technology,Non-clean energy,Early stage,2021,31.12582779,Percentage,755
CHN,PEOPLE'S REPUBLIC OF CHINA,Fundings of start-ups,By technology,Non-clean energy,Early stage,2021,916458496,USD,7
CHN,PEOPLE'S REPUBLIC OF CHINA,Fundings of start-ups,By technology,Non-clean energy,Early stage,2022,3.139304638,Years,757
CHN,PEOPLE'S REPUBLIC OF CHINA,Fundings of start-ups,By technology,Non-clean energy,Early stage,2022,1812238848,USD,20
CHN,PEOPLE'S REPUBLIC OF CHINA,Probability to receive funding,By technology,Nuclear,Early stage,2015,0,Percentage,2.666666746
CHN,PEOPLE'S REPUBLIC OF CHINA,Probability to receive funding,By technology,Nuclear,Early stage,2016,0,Percentage,2.666666746
CHN,PEOPLE'S REPUBLIC OF CHINA,Probability to receive funding,By technology,Nuclear,Early stage,2017,0,Percentage,2.666666746
CHN,PEOPLE'S REPUBLIC OF CHINA,Probability to receive funding,By technology,Nuclear,Early stage,2018,0,Percentage,2.666666746
CHN,PEOPLE'S REPUBLIC OF CHINA,Probability to receive funding,By technology,Nuclear,Early stage,2019,0,Percentage,2.666666746
CHN,PEOPLE'S REPUBLIC OF CHINA,Probability to receive funding,By technology,Nuclear,Early stage,2020,0,Percentage,2.666666746
CHN,PEOPLE'S REPUBLIC OF CHINA,Probability to receive funding,By technology,Nuclear,Early stage,2021,0,Percentage,2.666666746
CHN,PEOPLE'S REPUBLIC OF CHINA,Probability to receive funding,By technology,Other energy,Early stage,2015,25.69784927,Percentage,176.7333374
CHN,PEOPLE'S REPUBLIC OF CHINA,Probability to receive funding,By technology,Other energy,Early stage,2016,26.32037735,Percentage,191.2333374
CHN,PEOPLE'S REPUBLIC OF CHINA,Probability to receive funding,By technology,Other energy,Early stage,2017,27.91710281,Percentage,206.6833344
CHN,PEOPLE'S REPUBLIC OF CHINA,Probability to receive funding,By technology,Other energy,Early stage,2018,28.32918549,Percentage,214.2666626
CHN,PEOPLE'S REPUBLIC OF CHINA,Probability to receive funding,By technology,Other energy,Early stage,2019,28.31361771,Percentage,219.8000031
CHN,PEOPLE'S REPUBLIC OF CHINA,Probability to receive funding,By technology,Other energy,Early stage,2020,28.33880997,Percentage,223.1333313
CHN,PEOPLE'S REPUBLIC OF CHINA,Probability to receive funding,By technology,Other energy,Early stage,2021,28.21125793,Percentage,230.0500031
CHN,PEOPLE'S REPUBLIC OF CHINA,Fundings of start-ups,By technology,Other energy,Early stage,2022,3.612824202,Years,230.0500031
CHN,PEOPLE'S REPUBLIC OF CHINA,Probability to receive funding,By technology,Other renewables,Early stage,2015,10.18922806,Percentage,57.25
CHN,PEOPLE'S REPUBLIC OF CHINA,Probability to receive funding,By technology,Other renewables,Early stage,2016,10.94391251,Percentage,60.91666794
CHN,PEOPLE'S REPUBLIC OF CHINA,Probability to receive funding,By technology,Other renewables,Early stage,2017,15.68233204,Percentage,66.31666565
CHN,PEOPLE'S REPUBLIC OF CHINA,Probability to receive funding,By technology,Other renewables,Early stage,2018,16.78420258,Percentage,70.90000153
CHN,PEOPLE'S REPUBLIC OF CHINA,Probability to receive funding,By technology,Other renewables,Early stage,2019,19.32543373,Percentage,73.1333313
CHN,PEOPLE'S REPUBLIC OF CHINA,Probability to receive funding,By technology,Other renewables,Early stage,2020,19.6508503,Percentage,74.46666718
CHN,PEOPLE'S REPUBLIC OF CHINA,Probability to receive funding,By technology,Other renewables,Early stage,2021,20.20465851,Percentage,76.55000305
CHN,PEOPLE'S REPUBLIC OF CHINA,Fundings of start-ups,By technology,Other renewables,Early stage,2022,2.478554487,Years,76.55000305
CHN,PEOPLE'S REPUBLIC OF CHINA,Probability to receive funding,By technology,Solar,Early stage,2015,7.865168571,Percentage,59.33333206
CHN,PEOPLE'S REPUBLIC OF CHINA,Probability to receive funding,By technology,Solar,Early stage,2016,8.310249329,Percentage,60.16666794
CHN,PEOPLE'S REPUBLIC OF CHINA,Probability to receive funding,By technology,Solar,Early stage,2017,11.60949898,Percentage,63.16666794
CHN,PEOPLE'S REPUBLIC OF CHINA,Probability to receive funding,By technology,Solar,Early stage,2018,11.51832485,Percentage,63.66666794
CHN,PEOPLE'S REPUBLIC OF CHINA,Probability to receive funding,By technology,Solar,Early stage,2019,11.97916698,Percentage,64
CHN,PEOPLE'S REPUBLIC OF CHINA,Probability to receive funding,By technology,Solar,Early stage,2020,11.97916698,Percentage,64
CHN,PEOPLE'S REPUBLIC OF CHINA,Probability to receive funding,By technology,Solar,Early stage,2021,11.94805241,Percentage,64.16666412
CHN,PEOPLE'S REPUBLIC OF CHINA,Fundings of start-ups,By technology,Solar,Early stage,2022,3.396605015,Years,64.16666412
CHN,PEOPLE'S REPUBLIC OF CHINA,Probability to receive funding,By technology,Wind,Early stage,2015,0,Percentage,6.166666508
CHN,PEOPLE'S REPUBLIC OF CHINA,Probability to receive funding,By technology,Wind,Early stage,2016,0,Percentage,6.166666508
CHN,PEOPLE'S REPUBLIC OF CHINA,Probability to receive funding,By technology,Wind,Early stage,2017,0,Percentage,6.166666508
CHN,PEOPLE'S REPUBLIC OF CHINA,Probability to receive funding,By technology,Wind,Early stage,2018,0,Percentage,6.166666508
CHN,PEOPLE'S REPUBLIC OF CHINA,Probability to receive funding,By technology,Wind,Early stage,2019,0,Percentage,6.166666508
CHN,PEOPLE'S REPUBLIC OF CHINA,Probability to receive funding,By technology,Wind,Early stage,2020,0,Percentage,6.166666508
CHN,PEOPLE'S REPUBLIC OF CHINA,Probability to receive funding,By technology,Wind,Early stage,2021,0,Percentage,6.166666508
CHN,PEOPLE'S REPUBLIC OF CHINA,Probability to receive funding,By technology,Bioenergy,Later stage,2015,0,Percentage,0.5
CHN,PEOPLE'S REPUBLIC OF CHINA,Probability to receive funding,By technology,Bioenergy,Later stage,2016,0,Percentage,0.5
CHN,PEOPLE'S REPUBLIC OF CHINA,Probability to receive funding,By technology,Bioenergy,Later stage,2017,0,Percentage,0.5
CHN,PEOPLE'S REPUBLIC OF CHINA,Probability to receive funding,By technology,Bioenergy,Later stage,2018,0,Percentage,0.5
CHN,PEOPLE'S REPUBLIC OF CHINA,Probability to receive funding,By technology,Bioenergy,Later stage,2019,0,Percentage,0.5
CHN,PEOPLE'S REPUBLIC OF CHINA,Probability to receive funding,By technology,Bioenergy,Later stage,2020,0,Percentage,0.5
CHN,PEOPLE'S REPUBLIC OF CHINA,Probability to receive funding,By technology,Bioenergy,Later stage,2021,0,Percentage,0.5
CHN,PEOPLE'S REPUBLIC OF CHINA,Fundings of start-ups,By technology,Clean energy,Later stage,2010,150439216,USD,3
CHN,PEOPLE'S REPUBLIC OF CHINA,Fundings of start-ups,By technology,Clean energy,Later stage,2012,20892200,USD,3
CHN,PEOPLE'S REPUBLIC OF CHINA,Fundings of start-ups,By technology,Clean energy,Later stage,2015,94573176,USD,2
CHN,PEOPLE'S REPUBLIC OF CHINA,Fundings of start-ups,By technology,Clean energy,Later stage,2016,5000685.5,USD,1
CHN,PEOPLE'S REPUBLIC OF CHINA,Fundings of start-ups,By technology,Clean energy,Later stage,2017,2791289344,USD,9
CHN,PEOPLE'S REPUBLIC OF CHINA,Fundings of start-ups,By technology,Clean energy,Later stage,2018,738014912,USD,7
CHN,PEOPLE'S REPUBLIC OF CHINA,Fundings of start-ups,By technology,Clean energy,Later stage,2019,2739874048,USD,10
CHN,PEOPLE'S REPUBLIC OF CHINA,Fundings of start-ups,By technology,Clean energy,Later stage,2020,3022545408,USD,5
CHN,PEOPLE'S REPUBLIC OF CHINA,Probability to receive funding,By technology,Clean energy,Later stage,2021,12.14953232,Percentage,428
CHN,PEOPLE'S REPUBLIC OF CHINA,Fundings of start-ups,By technology,Clean energy,Later stage,2021,2270033664,USD,9
CHN,PEOPLE'S REPUBLIC OF CHINA,Fundings of start-ups,By technology,Clean energy,Later stage,2022,6.150421619,Years,428
CHN,PEOPLE'S REPUBLIC OF CHINA,Fundings of start-ups,By technology,Clean energy,Later stage,2022,885250688,USD,8
CHN,PEOPLE'S REPUBLIC OF CHINA,Probability to receive funding,By technology,Electric mobility,Later stage,2015,22.58064461,Percentage,93
CHN,PEOPLE'S REPUBLIC OF CHINA,Probability to receive funding,By technology,Electric mobility,Later stage,2016,21.05263138,Percentage,114
CHN,PEOPLE'S REPUBLIC OF CHINA,Probability to receive funding,By technology,Electric mobility,Later stage,2017,19.69796371,Percentage,126.9166641
CHN,PEOPLE'S REPUBLIC OF CHINA,Probability to receive funding,By technology,Electric mobility,Later stage,2018,19.16932869,Percentage,130.4166718
CHN,PEOPLE'S REPUBLIC OF CHINA,Probability to receive funding,By technology,Electric mobility,Later stage,2019,18.87979889,Percentage,132.4166718
CHN,PEOPLE'S REPUBLIC OF CHINA,Probability to receive funding,By technology,Electric mobility,Later stage,2020,18.45780182,Percentage,137.25
CHN,PEOPLE'S REPUBLIC OF CHINA,Probability to receive funding,By technology,Electric mobility,Later stage,2021,19.05868721,Percentage,143.4166718
CHN,PEOPLE'S REPUBLIC OF CHINA,Fundings of start-ups,By technology,Electric mobility,Later stage,2022,4.693284512,Years,143.4166718
CHN,PEOPLE'S REPUBLIC OF CHINA,Probability to receive funding,By technology,Energy efficiency,Later stage,2015,6.153235435,Percentage,293.8833313
CHN,PEOPLE'S REPUBLIC OF CHINA,Probability to receive funding,By technology,Energy efficiency,Later stage,2016,6.229125977,Percentage,314.3833313
CHN,PEOPLE'S REPUBLIC OF CHINA,Probability to receive funding,By technology,Energy efficiency,Later stage,2017,6.408645153,Percentage,331.5833435
CHN,PEOPLE'S REPUBLIC OF CHINA,Probability to receive funding,By technology,Energy efficiency,Later stage,2018,6.256133556,Percentage,339.6666565
CHN,PEOPLE'S REPUBLIC OF CHINA,Probability to receive funding,By technology,Energy efficiency,Later stage,2019,6.201361656,Percentage,342.6666565
CHN,PEOPLE'S REPUBLIC OF CHINA,Probability to receive funding,By technology,Energy efficiency,Later stage,2020,6.16537714,Percentage,344.6666565
CHN,PEOPLE'S REPUBLIC OF CHINA,Probability to receive funding,By technology,Energy efficiency,Later stage,2021,6.106321812,Percentage,348
CHN,PEOPLE'S REPUBLIC OF CHINA,Fundings of start-ups,By technology,Energy efficiency,Later stage,2022,6.402062893,Years,348
CHN,PEOPLE'S REPUBLIC OF CHINA,Probability to receive funding,By technology,Energy storage and batteries,Later stage,2015,6.866559982,Percentage,72.81666565
CHN,PEOPLE'S REPUBLIC OF CHINA,Probability to receive funding,By technology,Energy storage and batteries,Later stage,2016,7.313400745,Percentage,77.48332977
CHN,PEOPLE'S REPUBLIC OF CHINA,Probability to receive funding,By technology,Energy storage and batteries,Later stage,2017,6.842422962,Percentage,82.81666565
CHN,PEOPLE'S REPUBLIC OF CHINA,Probability to receive funding,By technology,Energy storage and batteries,Later stage,2018,6.546014786,Percentage,86.56666565
CHN,PEOPLE'S REPUBLIC OF CHINA,Probability to receive funding,By technology,Energy storage and batteries,Later stage,2019,6.508422852,Percentage,87.06666565
CHN,PEOPLE'S REPUBLIC OF CHINA,Probability to receive funding,By technology,Energy storage and batteries,Later stage,2020,6.326758385,Percentage,89.56666565
CHN,PEOPLE'S REPUBLIC OF CHINA,Probability to receive funding,By technology,Energy storage and batteries,Later stage,2021,6.188569546,Percentage,91.56666565
CHN,PEOPLE'S REPUBLIC OF CHINA,Fundings of start-ups,By technology,Energy storage and batteries,Later stage,2022,10.30846119,Years,91.56666565
CHN,PEOPLE'S REPUBLIC OF CHINA,Probability to receive funding,By technology,Fossil fuels,Later stage,2015,7.350688934,Percentage,54.41666794
CHN,PEOPLE'S REPUBLIC OF CHINA,Probability to receive funding,By technology,Fossil fuels,Later stage,2016,6.58436203,Percentage,60.75
CHN,PEOPLE'S REPUBLIC OF CHINA,Probability to receive funding,By technology,Fossil fuels,Later stage,2017,6.512889862,Percentage,61.41666794
CHN,PEOPLE'S REPUBLIC OF CHINA,Probability to receive funding,By technology,Fossil fuels,Later stage,2018,6.460296154,Percentage,61.91666794
CHN,PEOPLE'S REPUBLIC OF CHINA,Probability to receive funding,By technology,Fossil fuels,Later stage,2019,6.307490349,Percentage,63.41666794
CHN,PEOPLE'S REPUBLIC OF CHINA,Probability to receive funding,By technology,Fossil fuels,Later stage,2020,6.307490349,Percentage,63.41666794
CHN,PEOPLE'S REPUBLIC OF CHINA,Probability to receive funding,By technology,Fossil fuels,Later stage,2021,6.307490349,Percentage,63.41666794
CHN,PEOPLE'S REPUBLIC OF CHINA,Fundings of start-ups,By technology,Fossil fuels,Later stage,2022,6.807534218,Years,63.41666794
CHN,PEOPLE'S REPUBLIC OF CHINA,Probability to receive funding,By technology,Grid,Later stage,2015,2.800139904,Percentage,47.61666489
CHN,PEOPLE'S REPUBLIC OF CHINA,Probability to receive funding,By technology,Grid,Later stage,2016,2.780674219,Percentage,47.95000076
CHN,PEOPLE'S REPUBLIC OF CHINA,Probability to receive funding,By technology,Grid,Later stage,2017,2.696326256,Percentage,49.45000076
CHN,PEOPLE'S REPUBLIC OF CHINA,Probability to receive funding,By technology,Grid,Later stage,2018,2.642880678,Percentage,50.45000076
CHN,PEOPLE'S REPUBLIC OF CHINA,Probability to receive funding,By technology,Grid,Later stage,2019,2.61694479,Percentage,50.95000076
CHN,PEOPLE'S REPUBLIC OF CHINA,Probability to receive funding,By technology,Grid,Later stage,2020,2.518098831,Percentage,52.95000076
CHN,PEOPLE'S REPUBLIC OF CHINA,Probability to receive funding,By technology,Grid,Later stage,2021,2.518098831,Percentage,52.95000076
CHN,PEOPLE'S REPUBLIC OF CHINA,Fundings of start-ups,By technology,Grid,Later stage,2022,8.53219223,Years,52.95000076
CHN,PEOPLE'S REPUBLIC OF CHINA,Probability to receive funding,By technology,Hydrogen and fuel cells,Later stage,2015,0,Percentage,2.616666555
CHN,PEOPLE'S REPUBLIC OF CHINA,Probability to receive funding,By technology,Hydrogen and fuel cells,Later stage,2016,5.763688564,Percentage,5.783333302
CHN,PEOPLE'S REPUBLIC OF CHINA,Probability to receive funding,By technology,Hydrogen and fuel cells,Later stage,2017,8.944543839,Percentage,9.316666603
CHN,PEOPLE'S REPUBLIC OF CHINA,Probability to receive funding,By technology,Hydrogen and fuel cells,Later stage,2018,8.488964081,Percentage,9.816666603
CHN,PEOPLE'S REPUBLIC OF CHINA,Probability to receive funding,By technology,Hydrogen and fuel cells,Later stage,2019,8.156606674,Percentage,10.21666622
CHN,PEOPLE'S REPUBLIC OF CHINA,Probability to receive funding,By technology,Hydrogen and fuel cells,Later stage,2020,8.156606674,Percentage,10.21666622
CHN,PEOPLE'S REPUBLIC OF CHINA,Probability to receive funding,By technology,Hydrogen and fuel cells,Later stage,2021,7.89889431,Percentage,10.55000019
CHN,PEOPLE'S REPUBLIC OF CHINA,Fundings of start-ups,By technology,Hydrogen and fuel cells,Later stage,2022,4.608219147,Years,10.55000019
CHN,PEOPLE'S REPUBLIC OF CHINA,Fundings of start-ups,By technology,Non-clean energy,Later stage,2009,7543088.5,USD,1
CHN,PEOPLE'S REPUBLIC OF CHINA,Fundings of start-ups,By technology,Non-clean energy,Later stage,2010,7150632,USD,1
CHN,PEOPLE'S REPUBLIC OF CHINA,Fundings of start-ups,By technology,Non-clean energy,Later stage,2015,25887520,USD,4
CHN,PEOPLE'S REPUBLIC OF CHINA,Fundings of start-ups,By technology,Non-clean energy,Later stage,2016,10393979,USD,2
CHN,PEOPLE'S REPUBLIC OF CHINA,Fundings of start-ups,By technology,Non-clean energy,Later stage,2017,11565671,USD,3
CHN,PEOPLE'S REPUBLIC OF CHINA,Fundings of start-ups,By technology,Non-clean energy,Later stage,2018,203582640,USD,5
CHN,PEOPLE'S REPUBLIC OF CHINA,Fundings of start-ups,By technology,Non-clean energy,Later stage,2019,197817120,USD,6
CHN,PEOPLE'S REPUBLIC OF CHINA,Fundings of start-ups,By technology,Non-clean energy,Later stage,2020,895665920,USD,4
CHN,PEOPLE'S REPUBLIC OF CHINA,Probability to receive funding,By technology,Non-clean energy,Later stage,2021,5.165563107,Percentage,755
CHN,PEOPLE'S REPUBLIC OF CHINA,Fundings of start-ups,By technology,Non-clean energy,Later stage,2021,401765344,USD,2
CHN,PEOPLE'S REPUBLIC OF CHINA,Fundings of start-ups,By technology,Non-clean energy,Later stage,2022,5.729539871,Years,757
CHN,PEOPLE'S REPUBLIC OF CHINA,Probability to receive funding,By technology,Nuclear,Later stage,2015,0,Percentage,2.666666746
CHN,PEOPLE'S REPUBLIC OF CHINA,Probability to receive funding,By technology,Nuclear,Later stage,2016,0,Percentage,2.666666746
CHN,PEOPLE'S REPUBLIC OF CHINA,Probability to receive funding,By technology,Nuclear,Later stage,2017,0,Percentage,2.666666746
CHN,PEOPLE'S REPUBLIC OF CHINA,Probability to receive funding,By technology,Nuclear,Later stage,2018,0,Percentage,2.666666746
CHN,PEOPLE'S REPUBLIC OF CHINA,Probability to receive funding,By technology,Nuclear,Later stage,2019,0,Percentage,2.666666746
CHN,PEOPLE'S REPUBLIC OF CHINA,Probability to receive funding,By technology,Nuclear,Later stage,2020,0,Percentage,2.666666746
CHN,PEOPLE'S REPUBLIC OF CHINA,Probability to receive funding,By technology,Nuclear,Later stage,2021,0,Percentage,2.666666746
CHN,PEOPLE'S REPUBLIC OF CHINA,Probability to receive funding,By technology,Other energy,Later stage,2015,7.874386787,Percentage,176.7333374
CHN,PEOPLE'S REPUBLIC OF CHINA,Probability to receive funding,By technology,Other energy,Later stage,2016,7.53878355,Percentage,191.2333374
CHN,PEOPLE'S REPUBLIC OF CHINA,Probability to receive funding,By technology,Other energy,Later stage,2017,8.346100807,Percentage,206.6833344
CHN,PEOPLE'S REPUBLIC OF CHINA,Probability to receive funding,By technology,Other energy,Later stage,2018,8.050715446,Percentage,214.2666626
CHN,PEOPLE'S REPUBLIC OF CHINA,Probability to receive funding,By technology,Other energy,Later stage,2019,7.848043442,Percentage,219.8000031
CHN,PEOPLE'S REPUBLIC OF CHINA,Probability to receive funding,By technology,Other energy,Later stage,2020,7.880191326,Percentage,223.1333313
CHN,PEOPLE'S REPUBLIC OF CHINA,Probability to receive funding,By technology,Other energy,Later stage,2021,8.947330475,Percentage,230.0500031
CHN,PEOPLE'S REPUBLIC OF CHINA,Fundings of start-ups,By technology,Other energy,Later stage,2022,5.787255287,Years,230.0500031
CHN,PEOPLE'S REPUBLIC OF CHINA,Probability to receive funding,By technology,Other renewables,Later stage,2015,7.569141388,Percentage,57.25
CHN,PEOPLE'S REPUBLIC OF CHINA,Probability to receive funding,By technology,Other renewables,Later stage,2016,7.113543034,Percentage,60.91666794
CHN,PEOPLE'S REPUBLIC OF CHINA,Probability to receive funding,By technology,Other renewables,Later stage,2017,6.534305096,Percentage,66.31666565
CHN,PEOPLE'S REPUBLIC OF CHINA,Probability to receive funding,By technology,Other renewables,Later stage,2018,6.111894608,Percentage,70.90000153
CHN,PEOPLE'S REPUBLIC OF CHINA,Probability to receive funding,By technology,Other renewables,Later stage,2019,5.92525053,Percentage,73.1333313
CHN,PEOPLE'S REPUBLIC OF CHINA,Probability to receive funding,By technology,Other renewables,Later stage,2020,6.266786098,Percentage,74.46666718
CHN,PEOPLE'S REPUBLIC OF CHINA,Probability to receive funding,By technology,Other renewables,Later stage,2021,6.096233368,Percentage,76.55000305
CHN,PEOPLE'S REPUBLIC OF CHINA,Fundings of start-ups,By technology,Other renewables,Later stage,2022,7.779550076,Years,76.55000305
CHN,PEOPLE'S REPUBLIC OF CHINA,Probability to receive funding,By technology,Solar,Later stage,2015,5.617977619,Percentage,59.33333206
CHN,PEOPLE'S REPUBLIC OF CHINA,Probability to receive funding,By technology,Solar,Later stage,2016,5.540166378,Percentage,60.16666794
CHN,PEOPLE'S REPUBLIC OF CHINA,Probability to receive funding,By technology,Solar,Later stage,2017,5.277044773,Percentage,63.16666794
CHN,PEOPLE'S REPUBLIC OF CHINA,Probability to receive funding,By technology,Solar,Later stage,2018,5.235601902,Percentage,63.66666794
CHN,PEOPLE'S REPUBLIC OF CHINA,Probability to receive funding,By technology,Solar,Later stage,2019,5.208333492,Percentage,64
CHN,PEOPLE'S REPUBLIC OF CHINA,Probability to receive funding,By technology,Solar,Later stage,2020,5.208333492,Percentage,64
CHN,PEOPLE'S REPUBLIC OF CHINA,Probability to receive funding,By technology,Solar,Later stage,2021,5.194805145,Percentage,64.16666412
CHN,PEOPLE'S REPUBLIC OF CHINA,Fundings of start-ups,By technology,Solar,Later stage,2022,3.609863043,Years,64.16666412
CHN,PEOPLE'S REPUBLIC OF CHINA,Probability to receive funding,By technology,Wind,Later stage,2015,16.21621704,Percentage,6.166666508
CHN,PEOPLE'S REPUBLIC OF CHINA,Probability to receive funding,By technology,Wind,Later stage,2016,16.21621704,Percentage,6.166666508
CHN,PEOPLE'S REPUBLIC OF CHINA,Probability to receive funding,By technology,Wind,Later stage,2017,16.21621704,Percentage,6.166666508
CHN,PEOPLE'S REPUBLIC OF CHINA,Probability to receive funding,By technology,Wind,Later stage,2018,16.21621704,Percentage,6.166666508
CHN,PEOPLE'S REPUBLIC OF CHINA,Probability to receive funding,By technology,Wind,Later stage,2019,16.21621704,Percentage,6.166666508
CHN,PEOPLE'S REPUBLIC OF CHINA,Probability to receive funding,By technology,Wind,Later stage,2020,16.21621704,Percentage,6.166666508
CHN,PEOPLE'S REPUBLIC OF CHINA,Probability to receive funding,By technology,Wind,Later stage,2021,16.21621704,Percentage,6.166666508
PER,PERU,Probability to receive funding,"By sector (energy, green, digital)",Energy,Early stage,2021,0,Percentage,12
PER,PERU,Probability to receive funding,"By sector (energy, green, digital)",Energy and digital,Early stage,2021,0,Percentage,2
PER,PERU,Probability to receive funding,"By sector (energy, green, digital)",Energy and non-digital,Early stage,2021,0,Percentage,10
PER,PERU,Fundings of start-ups,"By sector (energy, green, digital)",Non-energy,Early stage,2011,297209.3125,USD,5
PER,PERU,Fundings of start-ups,"By sector (energy, green, digital)",Non-energy,Early stage,2012,1172431.875,USD,15
PER,PERU,Fundings of start-ups,"By sector (energy, green, digital)",Non-energy,Early stage,2013,3745822.75,USD,11
PER,PERU,Fundings of start-ups,"By sector (energy, green, digital)",Non-energy,Early stage,2014,4049434.75,USD,11
PER,PERU,Fundings of start-ups,"By sector (energy, green, digital)",Non-energy,Early stage,2015,4563975.5,USD,13
PER,PERU,Fundings of start-ups,"By sector (energy, green, digital)",Non-energy,Early stage,2016,13178943,USD,17
PER,PERU,Fundings of start-ups,"By sector (energy, green, digital)",Non-energy,Early stage,2017,11816968,USD,18
PER,PERU,Fundings of start-ups,"By sector (energy, green, digital)",Non-energy,Early stage,2018,6251328,USD,10
PER,PERU,Fundings of start-ups,"By sector (energy, green, digital)",Non-energy,Early stage,2019,9899066,USD,14
PER,PERU,Fundings of start-ups,"By sector (energy, green, digital)",Non-energy,Early stage,2020,23319734,USD,8
PER,PERU,Probability to receive funding,"By sector (energy, green, digital)",Non-energy,Early stage,2021,13.96648026,Percentage,716
PER,PERU,Fundings of start-ups,"By sector (energy, green, digital)",Non-energy,Early stage,2021,92301032,USD,14
PER,PERU,Fundings of start-ups,"By sector (energy, green, digital)",Non-energy,Early stage,2022,10650000,USD,5
PER,PERU,Fundings of start-ups,"By sector (energy, green, digital)",Non-energy,Early stage,2022,1.603841305,Years,718
PER,PERU,Probability to receive funding,"By sector (energy, green, digital)",Energy,Later stage,2021,0,Percentage,12
PER,PERU,Probability to receive funding,"By sector (energy, green, digital)",Energy and digital,Later stage,2021,0,Percentage,2
PER,PERU,Probability to receive funding,"By sector (energy, green, digital)",Energy and non-digital,Later stage,2021,0,Percentage,10
PER,PERU,Fundings of start-ups,"By sector (energy, green, digital)",Non-energy,Later stage,2018,2218750,USD,1
PER,PERU,Probability to receive funding,"By sector (energy, green, digital)",Non-energy,Later stage,2021,0.279329598,Percentage,716
PER,PERU,Fundings of start-ups,"By sector (energy, green, digital)",Non-energy,Later stage,2022,4.746575356,Years,718
PER,PERU,Probability to receive funding,By technology,Clean energy,Early stage,2021,0,Percentage,1
PER,PERU,Probability to receive funding,By technology,Energy efficiency,Early stage,2015,0,Percentage,0.5
PER,PERU,Probability to receive funding,By technology,Energy efficiency,Early stage,2016,0,Percentage,0.5
PER,PERU,Probability to receive funding,By technology,Energy efficiency,Early stage,2017,0,Percentage,0.5
PER,PERU,Probability to receive funding,By technology,Energy efficiency,Early stage,2018,0,Percentage,1.5
PER,PERU,Probability to receive funding,By technology,Energy efficiency,Early stage,2019,0,Percentage,1.5
PER,PERU,Probability to receive funding,By technology,Energy efficiency,Early stage,2020,0,Percentage,1.5
PER,PERU,Probability to receive funding,By technology,Energy efficiency,Early stage,2021,0,Percentage,1.5
PER,PERU,Probability to receive funding,By technology,Fossil fuels,Early stage,2015,0,Percentage,2
PER,PERU,Probability to receive funding,By technology,Fossil fuels,Early stage,2016,0,Percentage,2
PER,PERU,Probability to receive funding,By technology,Fossil fuels,Early stage,2017,0,Percentage,2
PER,PERU,Probability to receive funding,By technology,Fossil fuels,Early stage,2018,0,Percentage,2
PER,PERU,Probability to receive funding,By technology,Fossil fuels,Early stage,2019,0,Percentage,2
PER,PERU,Probability to receive funding,By technology,Fossil fuels,Early stage,2020,0,Percentage,2
PER,PERU,Probability to receive funding,By technology,Fossil fuels,Early stage,2021,0,Percentage,2
PER,PERU,Probability to receive funding,By technology,Grid,Early stage,2015,0,Percentage,3.5
PER,PERU,Probability to receive funding,By technology,Grid,Early stage,2016,0,Percentage,3.5
PER,PERU,Probability to receive funding,By technology,Grid,Early stage,2017,0,Percentage,3.5
PER,PERU,Probability to receive funding,By technology,Grid,Early stage,2018,0,Percentage,3.5
PER,PERU,Probability to receive funding,By technology,Grid,Early stage,2019,0,Percentage,3.5
PER,PERU,Probability to receive funding,By technology,Grid,Early stage,2020,0,Percentage,3.5
PER,PERU,Probability to receive funding,By technology,Grid,Early stage,2021,0,Percentage,3.5
PER,PERU,Probability to receive funding,By technology,Non-clean energy,Early stage,2021,0,Percentage,11
PER,PERU,Probability to receive funding,By technology,Other energy,Early stage,2015,0,Percentage,3
PER,PERU,Probability to receive funding,By technology,Other energy,Early stage,2016,0,Percentage,3
PER,PERU,Probability to receive funding,By technology,Other energy,Early stage,2017,0,Percentage,3
PER,PERU,Probability to receive funding,By technology,Other energy,Early stage,2018,0,Percentage,3
PER,PERU,Probability to receive funding,By technology,Other energy,Early stage,2019,0,Percentage,3
PER,PERU,Probability to receive funding,By technology,Other energy,Early stage,2020,0,Percentage,3
PER,PERU,Probability to receive funding,By technology,Other energy,Early stage,2021,0,Percentage,3
PER,PERU,Probability to receive funding,By technology,Other renewables,Early stage,2015,0,Percentage,1
PER,PERU,Probability to receive funding,By technology,Other renewables,Early stage,2016,0,Percentage,1
PER,PERU,Probability to receive funding,By technology,Other renewables,Early stage,2017,0,Percentage,1
PER,PERU,Probability to receive funding,By technology,Other renewables,Early stage,2018,0,Percentage,1
PER,PERU,Probability to receive funding,By technology,Other renewables,Early stage,2019,0,Percentage,1
PER,PERU,Probability to receive funding,By technology,Other renewables,Early stage,2020,0,Percentage,1
PER,PERU,Probability to receive funding,By technology,Other renewables,Early stage,2021,0,Percentage,1
PER,PERU,Probability to receive funding,By technology,Solar,Early stage,2015,0,Percentage,1
PER,PERU,Probability to receive funding,By technology,Solar,Early stage,2016,0,Percentage,1
PER,PERU,Probability to receive funding,By technology,Solar,Early stage,2017,0,Percentage,1
PER,PERU,Probability to receive funding,By technology,Solar,Early stage,2018,0,Percentage,1
PER,PERU,Probability to receive funding,By technology,Solar,Early stage,2019,0,Percentage,1
PER,PERU,Probability to receive funding,By technology,Solar,Early stage,2020,0,Percentage,1
PER,PERU,Probability to receive funding,By technology,Solar,Early stage,2021,0,Percentage,1
PER,PERU,Probability to receive funding,By technology,Clean energy,Later stage,2021,0,Percentage,1
PER,PERU,Probability to receive funding,By technology,Energy efficiency,Later stage,2015,0,Percentage,0.5
PER,PERU,Probability to receive funding,By technology,Energy efficiency,Later stage,2016,0,Percentage,0.5
PER,PERU,Probability to receive funding,By technology,Energy efficiency,Later stage,2017,0,Percentage,0.5
PER,PERU,Probability to receive funding,By technology,Energy efficiency,Later stage,2018,0,Percentage,1.5
PER,PERU,Probability to receive funding,By technology,Energy efficiency,Later stage,2019,0,Percentage,1.5
PER,PERU,Probability to receive funding,By technology,Energy efficiency,Later stage,2020,0,Percentage,1.5
PER,PERU,Probability to receive funding,By technology,Energy efficiency,Later stage,2021,0,Percentage,1.5
PER,PERU,Probability to receive funding,By technology,Fossil fuels,Later stage,2015,0,Percentage,2
PER,PERU,Probability to receive funding,By technology,Fossil fuels,Later stage,2016,0,Percentage,2
PER,PERU,Probability to receive funding,By technology,Fossil fuels,Later stage,2017,0,Percentage,2
PER,PERU,Probability to receive funding,By technology,Fossil fuels,Later stage,2018,0,Percentage,2
PER,PERU,Probability to receive funding,By technology,Fossil fuels,Later stage,2019,0,Percentage,2
PER,PERU,Probability to receive funding,By technology,Fossil fuels,Later stage,2020,0,Percentage,2
PER,PERU,Probability to receive funding,By technology,Fossil fuels,Later stage,2021,0,Percentage,2
PER,PERU,Probability to receive funding,By technology,Grid,Later stage,2015,0,Percentage,3.5
PER,PERU,Probability to receive funding,By technology,Grid,Later stage,2016,0,Percentage,3.5
PER,PERU,Probability to receive funding,By technology,Grid,Later stage,2017,0,Percentage,3.5
PER,PERU,Probability to receive funding,By technology,Grid,Later stage,2018,0,Percentage,3.5
PER,PERU,Probability to receive funding,By technology,Grid,Later stage,2019,0,Percentage,3.5
PER,PERU,Probability to receive funding,By technology,Grid,Later stage,2020,0,Percentage,3.5
PER,PERU,Probability to receive funding,By technology,Grid,Later stage,2021,0,Percentage,3.5
PER,PERU,Probability to receive funding,By technology,Non-clean energy,Later stage,2021,0,Percentage,11
PER,PERU,Probability to receive funding,By technology,Other energy,Later stage,2015,0,Percentage,3
PER,PERU,Probability to receive funding,By technology,Other energy,Later stage,2016,0,Percentage,3
PER,PERU,Probability to receive funding,By technology,Other energy,Later stage,2017,0,Percentage,3
PER,PERU,Probability to receive funding,By technology,Other energy,Later stage,2018,0,Percentage,3
PER,PERU,Probability to receive funding,By technology,Other energy,Later stage,2019,0,Percentage,3
PER,PERU,Probability to receive funding,By technology,Other energy,Later stage,2020,0,Percentage,3
PER,PERU,Probability to receive funding,By technology,Other energy,Later stage,2021,0,Percentage,3
PER,PERU,Probability to receive funding,By technology,Other renewables,Later stage,2015,0,Percentage,1
PER,PERU,Probability to receive funding,By technology,Other renewables,Later stage,2016,0,Percentage,1
PER,PERU,Probability to receive funding,By technology,Other renewables,Later stage,2017,0,Percentage,1
PER,PERU,Probability to receive funding,By technology,Other renewables,Later stage,2018,0,Percentage,1
PER,PERU,Probability to receive funding,By technology,Other renewables,Later stage,2019,0,Percentage,1
PER,PERU,Probability to receive funding,By technology,Other renewables,Later stage,2020,0,Percentage,1
PER,PERU,Probability to receive funding,By technology,Other renewables,Later stage,2021,0,Percentage,1
PER,PERU,Probability to receive funding,By technology,Solar,Later stage,2015,0,Percentage,1
PER,PERU,Probability to receive funding,By technology,Solar,Later stage,2016,0,Percentage,1
PER,PERU,Probability to receive funding,By technology,Solar,Later stage,2017,0,Percentage,1
PER,PERU,Probability to receive funding,By technology,Solar,Later stage,2018,0,Percentage,1
PER,PERU,Probability to receive funding,By technology,Solar,Later stage,2019,0,Percentage,1
PER,PERU,Probability to receive funding,By technology,Solar,Later stage,2020,0,Percentage,1
PER,PERU,Probability to receive funding,By technology,Solar,Later stage,2021,0,Percentage,1
PHL,PHILIPPINES,Probability to receive funding,"By sector (energy, green, digital)",Energy,Early stage,2021,2.777777672,Percentage,36
PHL,PHILIPPINES,Fundings of start-ups,"By sector (energy, green, digital)",Energy,Early stage,2022,0.872602761,Years,37
PHL,PHILIPPINES,Probability to receive funding,"By sector (energy, green, digital)",Energy and digital,Early stage,2021,14.28571415,Percentage,7
PHL,PHILIPPINES,Fundings of start-ups,"By sector (energy, green, digital)",Energy and digital,Early stage,2022,1.745205522,Years,7
PHL,PHILIPPINES,Probability to receive funding,"By sector (energy, green, digital)",Energy and non-digital,Early stage,2021,0,Percentage,29
PHL,PHILIPPINES,Fundings of start-ups,"By sector (energy, green, digital)",Energy and non-digital,Early stage,2022,0,Years,30
PHL,PHILIPPINES,Fundings of start-ups,"By sector (energy, green, digital)",Non-energy,Early stage,2002,3704347.75,USD,1
PHL,PHILIPPINES,Fundings of start-ups,"By sector (energy, green, digital)",Non-energy,Early stage,2003,19638298,USD,1
PHL,PHILIPPINES,Fundings of start-ups,"By sector (energy, green, digital)",Non-energy,Early stage,2006,8298701.5,USD,1
PHL,PHILIPPINES,Fundings of start-ups,"By sector (energy, green, digital)",Non-energy,Early stage,2008,167818.1875,USD,3
PHL,PHILIPPINES,Fundings of start-ups,"By sector (energy, green, digital)",Non-energy,Early stage,2009,142865.8594,USD,2
PHL,PHILIPPINES,Fundings of start-ups,"By sector (energy, green, digital)",Non-energy,Early stage,2010,3228161.75,USD,4
PHL,PHILIPPINES,Fundings of start-ups,"By sector (energy, green, digital)",Non-energy,Early stage,2011,371511.625,USD,1
PHL,PHILIPPINES,Fundings of start-ups,"By sector (energy, green, digital)",Non-energy,Early stage,2012,6302154.5,USD,6
PHL,PHILIPPINES,Fundings of start-ups,"By sector (energy, green, digital)",Non-energy,Early stage,2013,8355762.5,USD,16
PHL,PHILIPPINES,Fundings of start-ups,"By sector (energy, green, digital)",Non-energy,Early stage,2014,9968870,USD,17
PHL,PHILIPPINES,Fundings of start-ups,"By sector (energy, green, digital)",Non-energy,Early stage,2015,11056392,USD,23
PHL,PHILIPPINES,Fundings of start-ups,"By sector (energy, green, digital)",Non-energy,Early stage,2016,46124104,USD,21
PHL,PHILIPPINES,Fundings of start-ups,"By sector (energy, green, digital)",Non-energy,Early stage,2017,53034700,USD,25
PHL,PHILIPPINES,Fundings of start-ups,"By sector (energy, green, digital)",Non-energy,Early stage,2018,59111844,USD,16
PHL,PHILIPPINES,Fundings of start-ups,"By sector (energy, green, digital)",Non-energy,Early stage,2019,27380596,USD,18
PHL,PHILIPPINES,Fundings of start-ups,"By sector (energy, green, digital)",Non-energy,Early stage,2020,77853656,USD,20
PHL,PHILIPPINES,Probability to receive funding,"By sector (energy, green, digital)",Non-energy,Early stage,2021,8.214624405,Percentage,2106
PHL,PHILIPPINES,Fundings of start-ups,"By sector (energy, green, digital)",Non-energy,Early stage,2021,149520672,USD,34
PHL,PHILIPPINES,Fundings of start-ups,"By sector (energy, green, digital)",Non-energy,Early stage,2022,171235872,USD,18
PHL,PHILIPPINES,Fundings of start-ups,"By sector (energy, green, digital)",Non-energy,Early stage,2022,1.815582156,Years,2127
PHL,PHILIPPINES,Probability to receive funding,"By sector (energy, green, digital)",Energy,Later stage,2021,2.777777672,Percentage,36
PHL,PHILIPPINES,Fundings of start-ups,"By sector (energy, green, digital)",Energy,Later stage,2022,9.468493462,Years,37
PHL,PHILIPPINES,Probability to receive funding,"By sector (energy, green, digital)",Energy and digital,Later stage,2021,0,Percentage,7
PHL,PHILIPPINES,Probability to receive funding,"By sector (energy, green, digital)",Energy and non-digital,Later stage,2021,3.448275805,Percentage,29
PHL,PHILIPPINES,Fundings of start-ups,"By sector (energy, green, digital)",Energy and non-digital,Later stage,2022,9.468493462,Years,30
PHL,PHILIPPINES,Fundings of start-ups,"By sector (energy, green, digital)",Non-energy,Later stage,2006,18118832,USD,2
PHL,PHILIPPINES,Fundings of start-ups,"By sector (energy, green, digital)",Non-energy,Later stage,2008,25818182,USD,1
PHL,PHILIPPINES,Fundings of start-ups,"By sector (energy, green, digital)",Non-energy,Later stage,2014,1000276.25,USD,1
PHL,PHILIPPINES,Fundings of start-ups,"By sector (energy, green, digital)",Non-energy,Later stage,2015,2353591.25,USD,1
PHL,PHILIPPINES,Fundings of start-ups,"By sector (energy, green, digital)",Non-energy,Later stage,2017,4078723.5,USD,2
PHL,PHILIPPINES,Fundings of start-ups,"By sector (energy, green, digital)",Non-energy,Later stage,2018,443750,USD,1
PHL,PHILIPPINES,Fundings of start-ups,"By sector (energy, green, digital)",Non-energy,Later stage,2019,4346939,USD,1
PHL,PHILIPPINES,Fundings of start-ups,"By sector (energy, green, digital)",Non-energy,Later stage,2021,80466664,USD,2
PHL,PHILIPPINES,Probability to receive funding,"By sector (energy, green, digital)",Non-energy,Later stage,2021,1.139601111,Percentage,2106
PHL,PHILIPPINES,Fundings of start-ups,"By sector (energy, green, digital)",Non-energy,Later stage,2022,116500000,USD,4
PHL,PHILIPPINES,Fundings of start-ups,"By sector (energy, green, digital)",Non-energy,Later stage,2022,5.092123508,Years,2127
PHL,PHILIPPINES,Probability to receive funding,By technology,Clean energy,Early stage,2021,6.25,Percentage,16
PHL,PHILIPPINES,Fundings of start-ups,By technology,Clean energy,Early stage,2022,0.872602761,Years,17
PHL,PHILIPPINES,Probability to receive funding,By technology,Energy efficiency,Early stage,2015,0,Percentage,3.116666555
PHL,PHILIPPINES,Probability to receive funding,By technology,Energy efficiency,Early stage,2016,0,Percentage,3.116666555
PHL,PHILIPPINES,Probability to receive funding,By technology,Energy efficiency,Early stage,2017,0,Percentage,4.116666794
PHL,PHILIPPINES,Probability to receive funding,By technology,Energy efficiency,Early stage,2018,0,Percentage,4.116666794
PHL,PHILIPPINES,Probability to receive funding,By technology,Energy efficiency,Early stage,2019,0,Percentage,4.116666794
PHL,PHILIPPINES,Probability to receive funding,By technology,Energy efficiency,Early stage,2020,0,Percentage,4.116666794
PHL,PHILIPPINES,Probability to receive funding,By technology,Energy efficiency,Early stage,2021,0,Percentage,4.116666794
PHL,PHILIPPINES,Probability to receive funding,By technology,Energy storage and batteries,Early stage,2017,0,Percentage,1
PHL,PHILIPPINES,Probability to receive funding,By technology,Energy storage and batteries,Early stage,2018,0,Percentage,1
PHL,PHILIPPINES,Probability to receive funding,By technology,Energy storage and batteries,Early stage,2019,0,Percentage,1
PHL,PHILIPPINES,Probability to receive funding,By technology,Energy storage and batteries,Early stage,2020,0,Percentage,1
PHL,PHILIPPINES,Probability to receive funding,By technology,Energy storage and batteries,Early stage,2021,0,Percentage,1
PHL,PHILIPPINES,Probability to receive funding,By technology,Fossil fuels,Early stage,2015,0,Percentage,1.950000048
PHL,PHILIPPINES,Probability to receive funding,By technology,Fossil fuels,Early stage,2016,0,Percentage,1.950000048
PHL,PHILIPPINES,Probability to receive funding,By technology,Fossil fuels,Early stage,2017,0,Percentage,1.950000048
PHL,PHILIPPINES,Probability to receive funding,By technology,Fossil fuels,Early stage,2018,0,Percentage,1.950000048
PHL,PHILIPPINES,Probability to receive funding,By technology,Fossil fuels,Early stage,2019,0,Percentage,2.950000048
PHL,PHILIPPINES,Probability to receive funding,By technology,Fossil fuels,Early stage,2020,0,Percentage,2.950000048
PHL,PHILIPPINES,Probability to receive funding,By technology,Fossil fuels,Early stage,2021,0,Percentage,2.950000048
PHL,PHILIPPINES,Probability to receive funding,By technology,Grid,Early stage,2015,0,Percentage,3.833333254
PHL,PHILIPPINES,Probability to receive funding,By technology,Grid,Early stage,2016,0,Percentage,3.833333254
PHL,PHILIPPINES,Probability to receive funding,By technology,Grid,Early stage,2017,0,Percentage,4.166666508
PHL,PHILIPPINES,Probability to receive funding,By technology,Grid,Early stage,2018,0,Percentage,4.166666508
PHL,PHILIPPINES,Probability to receive funding,By technology,Grid,Early stage,2019,0,Percentage,4.166666508
PHL,PHILIPPINES,Probability to receive funding,By technology,Grid,Early stage,2020,0,Percentage,5.166666508
PHL,PHILIPPINES,Probability to receive funding,By technology,Grid,Early stage,2021,0,Percentage,5.166666508
PHL,PHILIPPINES,Probability to receive funding,By technology,Non-clean energy,Early stage,2021,0,Percentage,20
PHL,PHILIPPINES,Probability to receive funding,By technology,Other energy,Early stage,2015,0,Percentage,9.366666794
PHL,PHILIPPINES,Probability to receive funding,By technology,Other energy,Early stage,2016,0,Percentage,9.366666794
PHL,PHILIPPINES,Probability to receive funding,By technology,Other energy,Early stage,2017,0,Percentage,10.19999981
PHL,PHILIPPINES,Probability to receive funding,By technology,Other energy,Early stage,2018,0,Percentage,10.44999981
PHL,PHILIPPINES,Probability to receive funding,By technology,Other energy,Early stage,2019,0,Percentage,10.44999981
PHL,PHILIPPINES,Probability to receive funding,By technology,Other energy,Early stage,2020,0,Percentage,10.44999981
PHL,PHILIPPINES,Probability to receive funding,By technology,Other energy,Early stage,2021,0,Percentage,10.44999981
PHL,PHILIPPINES,Probability to receive funding,By technology,Other renewables,Early stage,2015,0,Percentage,5.816666603
PHL,PHILIPPINES,Probability to receive funding,By technology,Other renewables,Early stage,2016,0,Percentage,5.816666603
PHL,PHILIPPINES,Probability to receive funding,By technology,Other renewables,Early stage,2017,0,Percentage,6.650000095
PHL,PHILIPPINES,Probability to receive funding,By technology,Other renewables,Early stage,2018,0,Percentage,7.150000095
PHL,PHILIPPINES,Probability to receive funding,By technology,Other renewables,Early stage,2019,12.26993847,Percentage,8.149999619
PHL,PHILIPPINES,Probability to receive funding,By technology,Other renewables,Early stage,2020,12.26993847,Percentage,8.149999619
PHL,PHILIPPINES,Probability to receive funding,By technology,Other renewables,Early stage,2021,12.26993847,Percentage,8.149999619
PHL,PHILIPPINES,Probability to receive funding,By technology,Solar,Early stage,2015,0,Percentage,1.916666627
PHL,PHILIPPINES,Probability to receive funding,By technology,Solar,Early stage,2016,0,Percentage,1.916666627
PHL,PHILIPPINES,Probability to receive funding,By technology,Solar,Early stage,2017,0,Percentage,1.916666627
PHL,PHILIPPINES,Probability to receive funding,By technology,Solar,Early stage,2018,0,Percentage,2.166666746
PHL,PHILIPPINES,Probability to receive funding,By technology,Solar,Early stage,2019,0,Percentage,2.166666746
PHL,PHILIPPINES,Probability to receive funding,By technology,Solar,Early stage,2020,0,Percentage,2.166666746
PHL,PHILIPPINES,Probability to receive funding,By technology,Solar,Early stage,2021,0,Percentage,2.166666746
PHL,PHILIPPINES,Probability to receive funding,By technology,Clean energy,Later stage,2021,6.25,Percentage,16
PHL,PHILIPPINES,Fundings of start-ups,By technology,Clean energy,Later stage,2022,9.468493462,Years,17
PHL,PHILIPPINES,Probability to receive funding,By technology,Energy efficiency,Later stage,2015,0,Percentage,3.116666555
PHL,PHILIPPINES,Probability to receive funding,By technology,Energy efficiency,Later stage,2016,0,Percentage,3.116666555
PHL,PHILIPPINES,Probability to receive funding,By technology,Energy efficiency,Later stage,2017,0,Percentage,4.116666794
PHL,PHILIPPINES,Probability to receive funding,By technology,Energy efficiency,Later stage,2018,0,Percentage,4.116666794
PHL,PHILIPPINES,Probability to receive funding,By technology,Energy efficiency,Later stage,2019,0,Percentage,4.116666794
PHL,PHILIPPINES,Probability to receive funding,By technology,Energy efficiency,Later stage,2020,0,Percentage,4.116666794
PHL,PHILIPPINES,Probability to receive funding,By technology,Energy efficiency,Later stage,2021,0,Percentage,4.116666794
PHL,PHILIPPINES,Probability to receive funding,By technology,Energy storage and batteries,Later stage,2017,0,Percentage,1
PHL,PHILIPPINES,Probability to receive funding,By technology,Energy storage and batteries,Later stage,2018,0,Percentage,1
PHL,PHILIPPINES,Probability to receive funding,By technology,Energy storage and batteries,Later stage,2019,0,Percentage,1
PHL,PHILIPPINES,Probability to receive funding,By technology,Energy storage and batteries,Later stage,2020,0,Percentage,1
PHL,PHILIPPINES,Probability to receive funding,By technology,Energy storage and batteries,Later stage,2021,0,Percentage,1
PHL,PHILIPPINES,Probability to receive funding,By technology,Fossil fuels,Later stage,2015,0,Percentage,1.950000048
PHL,PHILIPPINES,Probability to receive funding,By technology,Fossil fuels,Later stage,2016,0,Percentage,1.950000048
PHL,PHILIPPINES,Probability to receive funding,By technology,Fossil fuels,Later stage,2017,0,Percentage,1.950000048
PHL,PHILIPPINES,Probability to receive funding,By technology,Fossil fuels,Later stage,2018,0,Percentage,1.950000048
PHL,PHILIPPINES,Probability to receive funding,By technology,Fossil fuels,Later stage,2019,0,Percentage,2.950000048
PHL,PHILIPPINES,Probability to receive funding,By technology,Fossil fuels,Later stage,2020,0,Percentage,2.950000048
PHL,PHILIPPINES,Probability to receive funding,By technology,Fossil fuels,Later stage,2021,0,Percentage,2.950000048
PHL,PHILIPPINES,Probability to receive funding,By technology,Grid,Later stage,2015,0,Percentage,3.833333254
PHL,PHILIPPINES,Probability to receive funding,By technology,Grid,Later stage,2016,0,Percentage,3.833333254
PHL,PHILIPPINES,Probability to receive funding,By technology,Grid,Later stage,2017,0,Percentage,4.166666508
PHL,PHILIPPINES,Probability to receive funding,By technology,Grid,Later stage,2018,0,Percentage,4.166666508
PHL,PHILIPPINES,Probability to receive funding,By technology,Grid,Later stage,2019,0,Percentage,4.166666508
PHL,PHILIPPINES,Probability to receive funding,By technology,Grid,Later stage,2020,0,Percentage,5.166666508
PHL,PHILIPPINES,Probability to receive funding,By technology,Grid,Later stage,2021,0,Percentage,5.166666508
PHL,PHILIPPINES,Probability to receive funding,By technology,Non-clean energy,Later stage,2021,0,Percentage,20
PHL,PHILIPPINES,Probability to receive funding,By technology,Other energy,Later stage,2015,0,Percentage,9.366666794
PHL,PHILIPPINES,Probability to receive funding,By technology,Other energy,Later stage,2016,0,Percentage,9.366666794
PHL,PHILIPPINES,Probability to receive funding,By technology,Other energy,Later stage,2017,0,Percentage,10.19999981
PHL,PHILIPPINES,Probability to receive funding,By technology,Other energy,Later stage,2018,0,Percentage,10.44999981
PHL,PHILIPPINES,Probability to receive funding,By technology,Other energy,Later stage,2019,0,Percentage,10.44999981
PHL,PHILIPPINES,Probability to receive funding,By technology,Other energy,Later stage,2020,0,Percentage,10.44999981
PHL,PHILIPPINES,Probability to receive funding,By technology,Other energy,Later stage,2021,0,Percentage,10.44999981
PHL,PHILIPPINES,Probability to receive funding,By technology,Other renewables,Later stage,2015,17.19197655,Percentage,5.816666603
PHL,PHILIPPINES,Probability to receive funding,By technology,Other renewables,Later stage,2016,17.19197655,Percentage,5.816666603
PHL,PHILIPPINES,Probability to receive funding,By technology,Other renewables,Later stage,2017,15.03759384,Percentage,6.650000095
PHL,PHILIPPINES,Probability to receive funding,By technology,Other renewables,Later stage,2018,13.98601437,Percentage,7.150000095
PHL,PHILIPPINES,Probability to receive funding,By technology,Other renewables,Later stage,2019,12.26993847,Percentage,8.149999619
PHL,PHILIPPINES,Probability to receive funding,By technology,Other renewables,Later stage,2020,12.26993847,Percentage,8.149999619
PHL,PHILIPPINES,Probability to receive funding,By technology,Other renewables,Later stage,2021,12.26993847,Percentage,8.149999619
PHL,PHILIPPINES,Probability to receive funding,By technology,Solar,Later stage,2015,0,Percentage,1.916666627
PHL,PHILIPPINES,Probability to receive funding,By technology,Solar,Later stage,2016,0,Percentage,1.916666627
PHL,PHILIPPINES,Probability to receive funding,By technology,Solar,Later stage,2017,0,Percentage,1.916666627
PHL,PHILIPPINES,Probability to receive funding,By technology,Solar,Later stage,2018,0,Percentage,2.166666746
PHL,PHILIPPINES,Probability to receive funding,By technology,Solar,Later stage,2019,0,Percentage,2.166666746
PHL,PHILIPPINES,Probability to receive funding,By technology,Solar,Later stage,2020,0,Percentage,2.166666746
PHL,PHILIPPINES,Probability to receive funding,By technology,Solar,Later stage,2021,0,Percentage,2.166666746
BOL,PLURINATIONAL STATE OF BOLIVIA,Fundings of start-ups,"By sector (energy, green, digital)",Energy,Early stage,2020,322727.2813,USD,1
BOL,PLURINATIONAL STATE OF BOLIVIA,Probability to receive funding,"By sector (energy, green, digital)",Energy,Early stage,2021,100,Percentage,1
BOL,PLURINATIONAL STATE OF BOLIVIA,Fundings of start-ups,"By sector (energy, green, digital)",Energy,Early stage,2021,1028985.5,USD,1
BOL,PLURINATIONAL STATE OF BOLIVIA,Fundings of start-ups,"By sector (energy, green, digital)",Energy,Early stage,2022,0.665753424,Years,1
BOL,PLURINATIONAL STATE OF BOLIVIA,Fundings of start-ups,"By sector (energy, green, digital)",Energy and non-digital,Early stage,2020,322727.2813,USD,1
BOL,PLURINATIONAL STATE OF BOLIVIA,Probability to receive funding,"By sector (energy, green, digital)",Energy and non-digital,Early stage,2021,100,Percentage,1
BOL,PLURINATIONAL STATE OF BOLIVIA,Fundings of start-ups,"By sector (energy, green, digital)",Energy and non-digital,Early stage,2021,1028985.5,USD,1
BOL,PLURINATIONAL STATE OF BOLIVIA,Fundings of start-ups,"By sector (energy, green, digital)",Energy and non-digital,Early stage,2022,0.665753424,Years,1
BOL,PLURINATIONAL STATE OF BOLIVIA,Fundings of start-ups,"By sector (energy, green, digital)",Non-energy,Early stage,2018,493671.875,USD,2
BOL,PLURINATIONAL STATE OF BOLIVIA,Fundings of start-ups,"By sector (energy, green, digital)",Non-energy,Early stage,2019,565102.0625,USD,1
BOL,PLURINATIONAL STATE OF BOLIVIA,Fundings of start-ups,"By sector (energy, green, digital)",Non-energy,Early stage,2021,1337681.125,USD,2
BOL,PLURINATIONAL STATE OF BOLIVIA,Probability to receive funding,"By sector (energy, green, digital)",Non-energy,Early stage,2021,7.792207718,Percentage,77
BOL,PLURINATIONAL STATE OF BOLIVIA,Fundings of start-ups,"By sector (energy, green, digital)",Non-energy,Early stage,2022,1.854794502,Years,78
BOL,PLURINATIONAL STATE OF BOLIVIA,Fundings of start-ups,"By sector (energy, green, digital)",Non-energy,Early stage,2022,1000000,USD,1
BOL,PLURINATIONAL STATE OF BOLIVIA,Probability to receive funding,"By sector (energy, green, digital)",Energy,Later stage,2021,0,Percentage,1
BOL,PLURINATIONAL STATE OF BOLIVIA,Probability to receive funding,"By sector (energy, green, digital)",Energy and non-digital,Later stage,2021,0,Percentage,1
BOL,PLURINATIONAL STATE OF BOLIVIA,Probability to receive funding,"By sector (energy, green, digital)",Non-energy,Later stage,2021,0,Percentage,77
BOL,PLURINATIONAL STATE OF BOLIVIA,Fundings of start-ups,By technology,Other energy,all,2020,322727.2813,USD,1
BOL,PLURINATIONAL STATE OF BOLIVIA,Fundings of start-ups,By technology,Other energy,all,2021,1028985.5,USD,1
BOL,PLURINATIONAL STATE OF BOLIVIA,Fundings of start-ups,By technology,Non-clean energy,Early stage,2020,322727.2813,USD,1
BOL,PLURINATIONAL STATE OF BOLIVIA,Fundings of start-ups,By technology,Non-clean energy,Early stage,2021,1028985.5,USD,1
BOL,PLURINATIONAL STATE OF BOLIVIA,Probability to receive funding,By technology,Non-clean energy,Early stage,2021,100,Percentage,1
BOL,PLURINATIONAL STATE OF BOLIVIA,Fundings of start-ups,By technology,Non-clean energy,Early stage,2022,0.665753424,Years,1
BOL,PLURINATIONAL STATE OF BOLIVIA,Probability to receive funding,By technology,Other energy,Early stage,2019,100,Percentage,1
BOL,PLURINATIONAL STATE OF BOLIVIA,Probability to receive funding,By technology,Other energy,Early stage,2020,100,Percentage,1
BOL,PLURINATIONAL STATE OF BOLIVIA,Probability to receive funding,By technology,Other energy,Early stage,2021,100,Percentage,1
BOL,PLURINATIONAL STATE OF BOLIVIA,Probability to receive funding,By technology,Non-clean energy,Later stage,2021,0,Percentage,1
BOL,PLURINATIONAL STATE OF BOLIVIA,Probability to receive funding,By technology,Other energy,Later stage,2019,0,Percentage,1
BOL,PLURINATIONAL STATE OF BOLIVIA,Probability to receive funding,By technology,Other energy,Later stage,2020,0,Percentage,1
BOL,PLURINATIONAL STATE OF BOLIVIA,Probability to receive funding,By technology,Other energy,Later stage,2021,0,Percentage,1
POL,POLAND,Fundings of start-ups,"By sector (energy, green, digital)",Energy,Early stage,2012,132767.9844,USD,1
POL,POLAND,Fundings of start-ups,"By sector (energy, green, digital)",Energy,Early stage,2013,557471.25,USD,2
POL,POLAND,Fundings of start-ups,"By sector (energy, green, digital)",Energy,Early stage,2015,294198.9063,USD,1
POL,POLAND,Fundings of start-ups,"By sector (energy, green, digital)",Energy,Early stage,2016,4617857.5,USD,4
POL,POLAND,Fundings of start-ups,"By sector (energy, green, digital)",Energy,Early stage,2017,2164305.5,USD,3
POL,POLAND,Fundings of start-ups,"By sector (energy, green, digital)",Energy,Early stage,2018,3804419.5,USD,4
POL,POLAND,Fundings of start-ups,"By sector (energy, green, digital)",Energy,Early stage,2019,1235452.125,USD,1
POL,POLAND,Fundings of start-ups,"By sector (energy, green, digital)",Energy,Early stage,2020,2210101,USD,6
POL,POLAND,Fundings of start-ups,"By sector (energy, green, digital)",Energy,Early stage,2021,2289899.25,USD,3
POL,POLAND,Probability to receive funding,"By sector (energy, green, digital)",Energy,Early stage,2021,13.33333302,Percentage,165
POL,POLAND,Fundings of start-ups,"By sector (energy, green, digital)",Energy,Early stage,2022,2.122789621,Years,165
POL,POLAND,Fundings of start-ups,"By sector (energy, green, digital)",Energy,Early stage,2022,9789153,USD,2
POL,POLAND,Fundings of start-ups,"By sector (energy, green, digital)",Energy and digital,Early stage,2015,294198.9063,USD,1
POL,POLAND,Fundings of start-ups,"By sector (energy, green, digital)",Energy and digital,Early stage,2016,4120590.25,USD,2
POL,POLAND,Fundings of start-ups,"By sector (energy, green, digital)",Energy and digital,Early stage,2017,767478.625,USD,2
POL,POLAND,Fundings of start-ups,"By sector (energy, green, digital)",Energy and digital,Early stage,2018,3804419.5,USD,4
POL,POLAND,Fundings of start-ups,"By sector (energy, green, digital)",Energy and digital,Early stage,2019,1235452.125,USD,1
POL,POLAND,Fundings of start-ups,"By sector (energy, green, digital)",Energy and digital,Early stage,2020,986564.375,USD,3
POL,POLAND,Probability to receive funding,"By sector (energy, green, digital)",Energy and digital,Early stage,2021,23.18840599,Percentage,69
POL,POLAND,Fundings of start-ups,"By sector (energy, green, digital)",Energy and digital,Early stage,2021,2289899.25,USD,3
POL,POLAND,Fundings of start-ups,"By sector (energy, green, digital)",Energy and digital,Early stage,2022,9789153,USD,2
POL,POLAND,Fundings of start-ups,"By sector (energy, green, digital)",Energy and digital,Early stage,2022,2.287499905,Years,69
POL,POLAND,Fundings of start-ups,"By sector (energy, green, digital)",Energy and non-digital,Early stage,2012,132767.9844,USD,1
POL,POLAND,Fundings of start-ups,"By sector (energy, green, digital)",Energy and non-digital,Early stage,2013,557471.25,USD,2
POL,POLAND,Fundings of start-ups,"By sector (energy, green, digital)",Energy and non-digital,Early stage,2016,497267.0313,USD,2
POL,POLAND,Fundings of start-ups,"By sector (energy, green, digital)",Energy and non-digital,Early stage,2017,1396826.75,USD,1
POL,POLAND,Fundings of start-ups,"By sector (energy, green, digital)",Energy and non-digital,Early stage,2020,1223536.5,USD,3
POL,POLAND,Probability to receive funding,"By sector (energy, green, digital)",Energy and non-digital,Early stage,2021,6.25,Percentage,96
POL,POLAND,Fundings of start-ups,"By sector (energy, green, digital)",Energy and non-digital,Early stage,2022,1.683561683,Years,96
POL,POLAND,Fundings of start-ups,"By sector (energy, green, digital)",Non-energy,Early stage,2005,333080.5313,USD,2
POL,POLAND,Fundings of start-ups,"By sector (energy, green, digital)",Non-energy,Early stage,2006,352694.8125,USD,2
POL,POLAND,Fundings of start-ups,"By sector (energy, green, digital)",Non-energy,Early stage,2007,1793754.75,USD,3
POL,POLAND,Fundings of start-ups,"By sector (energy, green, digital)",Non-energy,Early stage,2008,73581816,USD,2
POL,POLAND,Fundings of start-ups,"By sector (energy, green, digital)",Non-energy,Early stage,2009,162347.5625,USD,2
POL,POLAND,Fundings of start-ups,"By sector (energy, green, digital)",Non-energy,Early stage,2010,224479.0469,USD,3
POL,POLAND,Fundings of start-ups,"By sector (energy, green, digital)",Non-energy,Early stage,2011,3566595.75,USD,14
POL,POLAND,Fundings of start-ups,"By sector (energy, green, digital)",Non-energy,Early stage,2012,14296648,USD,29
POL,POLAND,Fundings of start-ups,"By sector (energy, green, digital)",Non-energy,Early stage,2013,17452406,USD,41
POL,POLAND,Fundings of start-ups,"By sector (energy, green, digital)",Non-energy,Early stage,2014,36631580,USD,51
POL,POLAND,Fundings of start-ups,"By sector (energy, green, digital)",Non-energy,Early stage,2015,44237060,USD,75
POL,POLAND,Fundings of start-ups,"By sector (energy, green, digital)",Non-energy,Early stage,2016,71662120,USD,51
POL,POLAND,Fundings of start-ups,"By sector (energy, green, digital)",Non-energy,Early stage,2017,122714256,USD,58
POL,POLAND,Fundings of start-ups,"By sector (energy, green, digital)",Non-energy,Early stage,2018,46456996,USD,45
POL,POLAND,Fundings of start-ups,"By sector (energy, green, digital)",Non-energy,Early stage,2019,84641096,USD,76
POL,POLAND,Fundings of start-ups,"By sector (energy, green, digital)",Non-energy,Early stage,2020,93032656,USD,71
POL,POLAND,Fundings of start-ups,"By sector (energy, green, digital)",Non-energy,Early stage,2021,308676512,USD,86
POL,POLAND,Probability to receive funding,"By sector (energy, green, digital)",Non-energy,Early stage,2021,10.77731133,Percentage,4760
POL,POLAND,Fundings of start-ups,"By sector (energy, green, digital)",Non-energy,Early stage,2022,158927072,USD,36
POL,POLAND,Fundings of start-ups,"By sector (energy, green, digital)",Non-energy,Early stage,2022,1.68219173,Years,4772
POL,POLAND,Fundings of start-ups,"By sector (energy, green, digital)",Energy,Later stage,2016,632340.25,USD,1
POL,POLAND,Probability to receive funding,"By sector (energy, green, digital)",Energy,Later stage,2021,3.030303001,Percentage,165
POL,POLAND,Fundings of start-ups,"By sector (energy, green, digital)",Energy,Later stage,2022,3.947397232,Years,165
POL,POLAND,Fundings of start-ups,"By sector (energy, green, digital)",Energy and digital,Later stage,2016,632340.25,USD,1
POL,POLAND,Probability to receive funding,"By sector (energy, green, digital)",Energy and digital,Later stage,2021,2.898550749,Percentage,69
POL,POLAND,Fundings of start-ups,"By sector (energy, green, digital)",Energy and digital,Later stage,2022,3.747945309,Years,69
POL,POLAND,Probability to receive funding,"By sector (energy, green, digital)",Energy and non-digital,Later stage,2021,3.125,Percentage,96
POL,POLAND,Fundings of start-ups,"By sector (energy, green, digital)",Energy and non-digital,Later stage,2022,4.080365181,Years,96
POL,POLAND,Fundings of start-ups,"By sector (energy, green, digital)",Non-energy,Later stage,2012,1633806.875,USD,2
POL,POLAND,Fundings of start-ups,"By sector (energy, green, digital)",Non-energy,Later stage,2014,7296132.5,USD,1
POL,POLAND,Fundings of start-ups,"By sector (energy, green, digital)",Non-energy,Later stage,2015,745504.6875,USD,1
POL,POLAND,Fundings of start-ups,"By sector (energy, green, digital)",Non-energy,Later stage,2016,24437120,USD,2
POL,POLAND,Fundings of start-ups,"By sector (energy, green, digital)",Non-energy,Later stage,2017,22153924,USD,4
POL,POLAND,Fundings of start-ups,"By sector (energy, green, digital)",Non-energy,Later stage,2018,4737031,USD,2
POL,POLAND,Fundings of start-ups,"By sector (energy, green, digital)",Non-energy,Later stage,2019,142474784,USD,4
POL,POLAND,Fundings of start-ups,"By sector (energy, green, digital)",Non-energy,Later stage,2020,91255216,USD,5
POL,POLAND,Probability to receive funding,"By sector (energy, green, digital)",Non-energy,Later stage,2021,1.176470637,Percentage,4760
POL,POLAND,Fundings of start-ups,"By sector (energy, green, digital)",Non-energy,Later stage,2021,27060844,USD,2
POL,POLAND,Fundings of start-ups,"By sector (energy, green, digital)",Non-energy,Later stage,2022,4.888894558,Years,4772
POL,POLAND,Fundings of start-ups,"By sector (energy, green, digital)",Non-energy,Later stage,2022,2208764,USD,2
POL,POLAND,Fundings of start-ups,By technology,Electric mobility,all,2013,165076.2031,USD,1
POL,POLAND,Fundings of start-ups,By technology,Electric mobility,all,2016,497267.0313,USD,2
POL,POLAND,Fundings of start-ups,By technology,Electric mobility,all,2017,1552573.25,USD,1.333333373
POL,POLAND,Fundings of start-ups,By technology,Electric mobility,all,2020,126263.8203,USD,1
POL,POLAND,Fundings of start-ups,By technology,Electric mobility,all,2021,544501.75,USD,0.333333343
POL,POLAND,Fundings of start-ups,By technology,Energy efficiency,all,2015,294198.9063,USD,1
POL,POLAND,Fundings of start-ups,By technology,Energy efficiency,all,2016,405163.0313,USD,1
POL,POLAND,Fundings of start-ups,By technology,Energy efficiency,all,2017,5863088.5,USD,1.666666627
POL,POLAND,Fundings of start-ups,By technology,Energy efficiency,all,2018,2109007.25,USD,2
POL,POLAND,Fundings of start-ups,By technology,Energy efficiency,all,2019,1235452.125,USD,1
POL,POLAND,Fundings of start-ups,By technology,Energy efficiency,all,2020,566574.625,USD,1.5
POL,POLAND,Fundings of start-ups,By technology,Energy efficiency,all,2021,1642498.875,USD,1.666666627
POL,POLAND,Fundings of start-ups,By technology,Energy efficiency,all,2022,1686246,USD,1
POL,POLAND,Fundings of start-ups,By technology,Energy storage and batteries,all,2016,3715427.25,USD,1
POL,POLAND,Fundings of start-ups,By technology,Energy storage and batteries,all,2018,1798615.25,USD,2
POL,POLAND,Fundings of start-ups,By technology,Energy storage and batteries,all,2020,1806167.875,USD,1
POL,POLAND,Fundings of start-ups,By technology,Energy storage and batteries,all,2022,8102907,USD,1
POL,POLAND,Fundings of start-ups,By technology,Fossil fuels,all,2016,632340.25,USD,1
POL,POLAND,Fundings of start-ups,By technology,Fossil fuels,all,2017,1859355.125,USD,1
POL,POLAND,Fundings of start-ups,By technology,Fossil fuels,all,2018,952131.0625,USD,1
POL,POLAND,Fundings of start-ups,By technology,Fossil fuels,all,2019,60593.06641,USD,1
POL,POLAND,Fundings of start-ups,By technology,Fossil fuels,all,2020,317792.7813,USD,1
POL,POLAND,Fundings of start-ups,By technology,Grid,all,2013,196197.5313,USD,0.5
POL,POLAND,Fundings of start-ups,By technology,Other energy,all,2012,66383.99219,USD,0.5
POL,POLAND,Fundings of start-ups,By technology,Other energy,all,2013,196197.5313,USD,0.5
POL,POLAND,Fundings of start-ups,By technology,Other energy,all,2018,743281.25,USD,1
POL,POLAND,Fundings of start-ups,By technology,Other energy,all,2020,650833.3125,USD,1.5
POL,POLAND,Fundings of start-ups,By technology,Other energy,all,2021,102898.5469,USD,1
POL,POLAND,Fundings of start-ups,By technology,Other renewables,all,2012,66383.99219,USD,0.5
POL,POLAND,Fundings of start-ups,By technology,Other renewables,all,2017,150119.6875,USD,0.5
POL,POLAND,Fundings of start-ups,By technology,Other renewables,all,2020,548636.375,USD,1
POL,POLAND,Fundings of start-ups,By technology,Solar,all,2017,150119.6875,USD,0.5
POL,POLAND,Probability to receive funding,By technology,Bioenergy,Early stage,2018,0,Percentage,0.166666672
POL,POLAND,Probability to receive funding,By technology,Bioenergy,Early stage,2019,0,Percentage,0.166666672
POL,POLAND,Probability to receive funding,By technology,Bioenergy,Early stage,2020,0,Percentage,0.166666672
POL,POLAND,Probability to receive funding,By technology,Bioenergy,Early stage,2021,0,Percentage,0.166666672
POL,POLAND,Fundings of start-ups,By technology,Clean energy,Early stage,2012,132767.9844,USD,1
POL,POLAND,Fundings of start-ups,By technology,Clean energy,Early stage,2013,165076.2031,USD,1
POL,POLAND,Fundings of start-ups,By technology,Clean energy,Early stage,2015,294198.9063,USD,1
POL,POLAND,Fundings of start-ups,By technology,Clean energy,Early stage,2016,497267.0313,USD,2
POL,POLAND,Fundings of start-ups,By technology,Clean energy,Early stage,2017,2164305.5,USD,3
POL,POLAND,Fundings of start-ups,By technology,Clean energy,Early stage,2018,2284576,USD,2
POL,POLAND,Fundings of start-ups,By technology,Clean energy,Early stage,2019,1235452.125,USD,1
POL,POLAND,Fundings of start-ups,By technology,Clean energy,Early stage,2020,1223536.5,USD,3
POL,POLAND,Fundings of start-ups,By technology,Clean energy,Early stage,2021,1633505.25,USD,1
POL,POLAND,Probability to receive funding,By technology,Clean energy,Early stage,2021,16.47058868,Percentage,85
POL,POLAND,Fundings of start-ups,By technology,Clean energy,Early stage,2022,2.090410948,Years,85
POL,POLAND,Fundings of start-ups,By technology,Clean energy,Early stage,2022,1686246,USD,1
POL,POLAND,Probability to receive funding,By technology,Electric mobility,Early stage,2015,40,Percentage,5.833333492
POL,POLAND,Probability to receive funding,By technology,Electric mobility,Early stage,2016,29.78723335,Percentage,7.833333492
POL,POLAND,Probability to receive funding,By technology,Electric mobility,Early stage,2017,29.78723335,Percentage,7.833333492
POL,POLAND,Probability to receive funding,By technology,Electric mobility,Early stage,2018,29.78723335,Percentage,7.833333492
POL,POLAND,Probability to receive funding,By technology,Electric mobility,Early stage,2019,29.78723335,Percentage,7.833333492
POL,POLAND,Probability to receive funding,By technology,Electric mobility,Early stage,2020,28,Percentage,8.333333015
POL,POLAND,Probability to receive funding,By technology,Electric mobility,Early stage,2021,28,Percentage,8.333333015
POL,POLAND,Fundings of start-ups,By technology,Electric mobility,Early stage,2022,0.893933475,Years,8.333333015
POL,POLAND,Probability to receive funding,By technology,Energy efficiency,Early stage,2015,10.74626827,Percentage,27.91666603
POL,POLAND,Probability to receive funding,By technology,Energy efficiency,Early stage,2016,23.72448921,Percentage,32.66666794
POL,POLAND,Probability to receive funding,By technology,Energy efficiency,Early stage,2017,23.01980209,Percentage,33.66666794
POL,POLAND,Probability to receive funding,By technology,Energy efficiency,Early stage,2018,21.0407238,Percentage,36.83333206
POL,POLAND,Probability to receive funding,By technology,Energy efficiency,Early stage,2019,22.72727203,Percentage,38.5
POL,POLAND,Probability to receive funding,By technology,Energy efficiency,Early stage,2020,24.84472084,Percentage,40.25
POL,POLAND,Probability to receive funding,By technology,Energy efficiency,Early stage,2021,24.24242401,Percentage,41.25
POL,POLAND,Fundings of start-ups,By technology,Energy efficiency,Early stage,2022,1.946895003,Years,41.25
POL,POLAND,Probability to receive funding,By technology,Energy storage and batteries,Early stage,2015,34.14634323,Percentage,3.416666746
POL,POLAND,Probability to receive funding,By technology,Energy storage and batteries,Early stage,2016,29.78723335,Percentage,3.916666746
POL,POLAND,Probability to receive funding,By technology,Energy storage and batteries,Early stage,2017,29.78723335,Percentage,3.916666746
POL,POLAND,Probability to receive funding,By technology,Energy storage and batteries,Early stage,2018,28.5714283,Percentage,4.083333492
POL,POLAND,Probability to receive funding,By technology,Energy storage and batteries,Early stage,2019,28.5714283,Percentage,4.083333492
POL,POLAND,Probability to receive funding,By technology,Energy storage and batteries,Early stage,2020,28.5714283,Percentage,4.083333492
POL,POLAND,Probability to receive funding,By technology,Energy storage and batteries,Early stage,2021,26.92307663,Percentage,4.333333492
POL,POLAND,Probability to receive funding,By technology,Fossil fuels,Early stage,2015,15.78947353,Percentage,12.66666698
POL,POLAND,Probability to receive funding,By technology,Fossil fuels,Early stage,2016,15.1898737,Percentage,13.16666698
POL,POLAND,Probability to receive funding,By technology,Fossil fuels,Early stage,2017,14.11764717,Percentage,14.16666698
POL,POLAND,Probability to receive funding,By technology,Fossil fuels,Early stage,2018,14.11764717,Percentage,14.16666698
POL,POLAND,Probability to receive funding,By technology,Fossil fuels,Early stage,2019,14.11764717,Percentage,14.16666698
POL,POLAND,Probability to receive funding,By technology,Fossil fuels,Early stage,2020,14.11764717,Percentage,14.16666698
POL,POLAND,Probability to receive funding,By technology,Fossil fuels,Early stage,2021,14.11764717,Percentage,14.16666698
POL,POLAND,Fundings of start-ups,By technology,Fossil fuels,Early stage,2022,5.47808218,Years,14.16666698
POL,POLAND,Probability to receive funding,By technology,Grid,Early stage,2015,5.405405521,Percentage,9.25
POL,POLAND,Probability to receive funding,By technology,Grid,Early stage,2016,4.255319118,Percentage,11.75
POL,POLAND,Probability to receive funding,By technology,Grid,Early stage,2017,4.255319118,Percentage,11.75
POL,POLAND,Probability to receive funding,By technology,Grid,Early stage,2018,4.255319118,Percentage,11.75
POL,POLAND,Probability to receive funding,By technology,Grid,Early stage,2019,4.255319118,Percentage,11.75
POL,POLAND,Probability to receive funding,By technology,Grid,Early stage,2020,4.255319118,Percentage,11.75
POL,POLAND,Probability to receive funding,By technology,Grid,Early stage,2021,4.255319118,Percentage,11.75
POL,POLAND,Probability to receive funding,By technology,Hydrogen and fuel cells,Early stage,2015,0,Percentage,1.333333373
POL,POLAND,Probability to receive funding,By technology,Hydrogen and fuel cells,Early stage,2016,0,Percentage,1.333333373
POL,POLAND,Probability to receive funding,By technology,Hydrogen and fuel cells,Early stage,2017,0,Percentage,1.333333373
POL,POLAND,Probability to receive funding,By technology,Hydrogen and fuel cells,Early stage,2018,0,Percentage,1.333333373
POL,POLAND,Probability to receive funding,By technology,Hydrogen and fuel cells,Early stage,2019,0,Percentage,1.333333373
POL,POLAND,Probability to receive funding,By technology,Hydrogen and fuel cells,Early stage,2020,0,Percentage,1.333333373
POL,POLAND,Probability to receive funding,By technology,Hydrogen and fuel cells,Early stage,2021,0,Percentage,1.333333373
POL,POLAND,Fundings of start-ups,By technology,Non-clean energy,Early stage,2013,392395.0625,USD,1
POL,POLAND,Fundings of start-ups,By technology,Non-clean energy,Early stage,2016,4120590.25,USD,2
POL,POLAND,Fundings of start-ups,By technology,Non-clean energy,Early stage,2018,1519843.75,USD,2
POL,POLAND,Fundings of start-ups,By technology,Non-clean energy,Early stage,2020,986564.375,USD,3
POL,POLAND,Probability to receive funding,By technology,Non-clean energy,Early stage,2021,10,Percentage,80
POL,POLAND,Fundings of start-ups,By technology,Non-clean energy,Early stage,2021,656394,USD,2
POL,POLAND,Fundings of start-ups,By technology,Non-clean energy,Early stage,2022,2.179451942,Years,80
POL,POLAND,Fundings of start-ups,By technology,Non-clean energy,Early stage,2022,8102907,USD,1
POL,POLAND,Probability to receive funding,By technology,Other energy,Early stage,2015,3.286385059,Percentage,35.5
POL,POLAND,Probability to receive funding,By technology,Other energy,Early stage,2016,6.401765823,Percentage,37.75
POL,POLAND,Probability to receive funding,By technology,Other energy,Early stage,2017,6.236558914,Percentage,38.75
POL,POLAND,Probability to receive funding,By technology,Other energy,Early stage,2018,6.209850311,Percentage,38.91666794
POL,POLAND,Probability to receive funding,By technology,Other energy,Early stage,2019,6.004140854,Percentage,40.25
POL,POLAND,Probability to receive funding,By technology,Other energy,Early stage,2020,8.835341454,Percentage,41.5
POL,POLAND,Probability to receive funding,By technology,Other energy,Early stage,2021,8.740564346,Percentage,41.95000076
POL,POLAND,Fundings of start-ups,By technology,Other energy,Early stage,2022,1.820547938,Years,41.95000076
POL,POLAND,Probability to receive funding,By technology,Other renewables,Early stage,2015,3.200000048,Percentage,20.83333397
POL,POLAND,Probability to receive funding,By technology,Other renewables,Early stage,2016,5.343511581,Percentage,21.83333397
POL,POLAND,Probability to receive funding,By technology,Other renewables,Early stage,2017,5.343511581,Percentage,21.83333397
POL,POLAND,Probability to receive funding,By technology,Other renewables,Early stage,2018,5.185184956,Percentage,22.5
POL,POLAND,Probability to receive funding,By technology,Other renewables,Early stage,2019,5.185184956,Percentage,22.5
POL,POLAND,Probability to receive funding,By technology,Other renewables,Early stage,2020,7.246376991,Percentage,23
POL,POLAND,Probability to receive funding,By technology,Other renewables,Early stage,2021,6.973500729,Percentage,23.89999962
POL,POLAND,Fundings of start-ups,By technology,Other renewables,Early stage,2022,1.343013644,Years,23.89999962
POL,POLAND,Probability to receive funding,By technology,Solar,Early stage,2015,2.061855555,Percentage,8.083333015
POL,POLAND,Probability to receive funding,By technology,Solar,Early stage,2016,7.766990185,Percentage,8.583333015
POL,POLAND,Probability to receive funding,By technology,Solar,Early stage,2017,7.766990185,Percentage,8.583333015
POL,POLAND,Probability to receive funding,By technology,Solar,Early stage,2018,7.619047642,Percentage,8.75
POL,POLAND,Probability to receive funding,By technology,Solar,Early stage,2019,7.619047642,Percentage,8.75
POL,POLAND,Probability to receive funding,By technology,Solar,Early stage,2020,7.619047642,Percentage,8.75
POL,POLAND,Probability to receive funding,By technology,Solar,Early stage,2021,7.448789597,Percentage,8.949999809
POL,POLAND,Probability to receive funding,By technology,Wind,Early stage,2015,0,Percentage,1.166666627
POL,POLAND,Probability to receive funding,By technology,Wind,Early stage,2016,0,Percentage,1.166666627
POL,POLAND,Probability to receive funding,By technology,Wind,Early stage,2017,0,Percentage,1.166666627
POL,POLAND,Probability to receive funding,By technology,Wind,Early stage,2018,0,Percentage,1.666666627
POL,POLAND,Probability to receive funding,By technology,Wind,Early stage,2019,0,Percentage,1.666666627
POL,POLAND,Probability to receive funding,By technology,Wind,Early stage,2020,0,Percentage,1.666666627
POL,POLAND,Probability to receive funding,By technology,Wind,Early stage,2021,0,Percentage,1.866666675
POL,POLAND,Probability to receive funding,By technology,Bioenergy,Later stage,2018,0,Percentage,0.166666672
POL,POLAND,Probability to receive funding,By technology,Bioenergy,Later stage,2019,0,Percentage,0.166666672
POL,POLAND,Probability to receive funding,By technology,Bioenergy,Later stage,2020,0,Percentage,0.166666672
POL,POLAND,Probability to receive funding,By technology,Bioenergy,Later stage,2021,0,Percentage,0.166666672
POL,POLAND,Fundings of start-ups,By technology,Clean energy,Later stage,2016,632340.25,USD,1
POL,POLAND,Probability to receive funding,By technology,Clean energy,Later stage,2021,5.882352829,Percentage,85
POL,POLAND,Fundings of start-ups,By technology,Clean energy,Later stage,2022,3.947397232,Years,85
POL,POLAND,Probability to receive funding,By technology,Electric mobility,Later stage,2015,8.571428299,Percentage,5.833333492
POL,POLAND,Probability to receive funding,By technology,Electric mobility,Later stage,2016,6.382978916,Percentage,7.833333492
POL,POLAND,Probability to receive funding,By technology,Electric mobility,Later stage,2017,6.382978916,Percentage,7.833333492
POL,POLAND,Probability to receive funding,By technology,Electric mobility,Later stage,2018,6.382978916,Percentage,7.833333492
POL,POLAND,Probability to receive funding,By technology,Electric mobility,Later stage,2019,6.382978916,Percentage,7.833333492
POL,POLAND,Probability to receive funding,By technology,Electric mobility,Later stage,2020,6,Percentage,8.333333015
POL,POLAND,Probability to receive funding,By technology,Electric mobility,Later stage,2021,6,Percentage,8.333333015
POL,POLAND,Fundings of start-ups,By technology,Electric mobility,Later stage,2022,11.15342426,Years,8.333333015
POL,POLAND,Probability to receive funding,By technology,Energy efficiency,Later stage,2015,0,Percentage,27.91666603
POL,POLAND,Probability to receive funding,By technology,Energy efficiency,Later stage,2016,3.061224461,Percentage,32.66666794
POL,POLAND,Probability to receive funding,By technology,Energy efficiency,Later stage,2017,2.970297098,Percentage,33.66666794
POL,POLAND,Probability to receive funding,By technology,Energy efficiency,Later stage,2018,2.714932203,Percentage,36.83333206
POL,POLAND,Probability to receive funding,By technology,Energy efficiency,Later stage,2019,2.597402573,Percentage,38.5
POL,POLAND,Probability to receive funding,By technology,Energy efficiency,Later stage,2020,2.484472036,Percentage,40.25
POL,POLAND,Probability to receive funding,By technology,Energy efficiency,Later stage,2021,2.424242496,Percentage,41.25
POL,POLAND,Fundings of start-ups,By technology,Energy efficiency,Later stage,2022,4.476712227,Years,41.25
POL,POLAND,Probability to receive funding,By technology,Energy storage and batteries,Later stage,2015,0,Percentage,3.416666746
POL,POLAND,Probability to receive funding,By technology,Energy storage and batteries,Later stage,2016,0,Percentage,3.916666746
POL,POLAND,Probability to receive funding,By technology,Energy storage and batteries,Later stage,2017,0,Percentage,3.916666746
POL,POLAND,Probability to receive funding,By technology,Energy storage and batteries,Later stage,2018,0,Percentage,4.083333492
POL,POLAND,Probability to receive funding,By technology,Energy storage and batteries,Later stage,2019,0,Percentage,4.083333492
POL,POLAND,Probability to receive funding,By technology,Energy storage and batteries,Later stage,2020,0,Percentage,4.083333492
POL,POLAND,Probability to receive funding,By technology,Energy storage and batteries,Later stage,2021,0,Percentage,4.333333492
POL,POLAND,Probability to receive funding,By technology,Fossil fuels,Later stage,2015,7.894736767,Percentage,12.66666698
POL,POLAND,Probability to receive funding,By technology,Fossil fuels,Later stage,2016,7.594936848,Percentage,13.16666698
POL,POLAND,Probability to receive funding,By technology,Fossil fuels,Later stage,2017,7.058823586,Percentage,14.16666698
POL,POLAND,Probability to receive funding,By technology,Fossil fuels,Later stage,2018,7.058823586,Percentage,14.16666698
POL,POLAND,Probability to receive funding,By technology,Fossil fuels,Later stage,2019,7.058823586,Percentage,14.16666698
POL,POLAND,Probability to receive funding,By technology,Fossil fuels,Later stage,2020,7.058823586,Percentage,14.16666698
POL,POLAND,Probability to receive funding,By technology,Fossil fuels,Later stage,2021,7.058823586,Percentage,14.16666698
POL,POLAND,Fundings of start-ups,By technology,Fossil fuels,Later stage,2022,3.019178152,Years,14.16666698
POL,POLAND,Probability to receive funding,By technology,Grid,Later stage,2015,0,Percentage,9.25
POL,POLAND,Probability to receive funding,By technology,Grid,Later stage,2016,0,Percentage,11.75
POL,POLAND,Probability to receive funding,By technology,Grid,Later stage,2017,0,Percentage,11.75
POL,POLAND,Probability to receive funding,By technology,Grid,Later stage,2018,0,Percentage,11.75
POL,POLAND,Probability to receive funding,By technology,Grid,Later stage,2019,0,Percentage,11.75
POL,POLAND,Probability to receive funding,By technology,Grid,Later stage,2020,0,Percentage,11.75
POL,POLAND,Probability to receive funding,By technology,Grid,Later stage,2021,0,Percentage,11.75
POL,POLAND,Probability to receive funding,By technology,Hydrogen and fuel cells,Later stage,2015,0,Percentage,1.333333373
POL,POLAND,Probability to receive funding,By technology,Hydrogen and fuel cells,Later stage,2016,0,Percentage,1.333333373
POL,POLAND,Probability to receive funding,By technology,Hydrogen and fuel cells,Later stage,2017,0,Percentage,1.333333373
POL,POLAND,Probability to receive funding,By technology,Hydrogen and fuel cells,Later stage,2018,0,Percentage,1.333333373
POL,POLAND,Probability to receive funding,By technology,Hydrogen and fuel cells,Later stage,2019,0,Percentage,1.333333373
POL,POLAND,Probability to receive funding,By technology,Hydrogen and fuel cells,Later stage,2020,0,Percentage,1.333333373
POL,POLAND,Probability to receive funding,By technology,Hydrogen and fuel cells,Later stage,2021,0,Percentage,1.333333373
POL,POLAND,Probability to receive funding,By technology,Non-clean energy,Later stage,2021,0,Percentage,80
POL,POLAND,Probability to receive funding,By technology,Other energy,Later stage,2015,0.938967109,Percentage,35.5
POL,POLAND,Probability to receive funding,By technology,Other energy,Later stage,2016,0.883002222,Percentage,37.75
POL,POLAND,Probability to receive funding,By technology,Other energy,Later stage,2017,0.860215068,Percentage,38.75
POL,POLAND,Probability to receive funding,By technology,Other energy,Later stage,2018,0.856531024,Percentage,38.91666794
POL,POLAND,Probability to receive funding,By technology,Other energy,Later stage,2019,0.828157365,Percentage,40.25
POL,POLAND,Probability to receive funding,By technology,Other energy,Later stage,2020,0.803212881,Percentage,41.5
POL,POLAND,Probability to receive funding,By technology,Other energy,Later stage,2021,0.794596732,Percentage,41.95000076
POL,POLAND,Fundings of start-ups,By technology,Other energy,Later stage,2022,1.08767128,Years,41.95000076
POL,POLAND,Probability to receive funding,By technology,Other renewables,Later stage,2015,8.800000191,Percentage,20.83333397
POL,POLAND,Probability to receive funding,By technology,Other renewables,Later stage,2016,8.396946907,Percentage,21.83333397
POL,POLAND,Probability to receive funding,By technology,Other renewables,Later stage,2017,8.396946907,Percentage,21.83333397
POL,POLAND,Probability to receive funding,By technology,Other renewables,Later stage,2018,8.148148537,Percentage,22.5
POL,POLAND,Probability to receive funding,By technology,Other renewables,Later stage,2019,8.148148537,Percentage,22.5
POL,POLAND,Probability to receive funding,By technology,Other renewables,Later stage,2020,7.9710145,Percentage,23
POL,POLAND,Probability to receive funding,By technology,Other renewables,Later stage,2021,7.670850754,Percentage,23.89999962
POL,POLAND,Fundings of start-ups,By technology,Other renewables,Later stage,2022,3.239601612,Years,23.89999962
POL,POLAND,Probability to receive funding,By technology,Solar,Later stage,2015,0,Percentage,8.083333015
POL,POLAND,Probability to receive funding,By technology,Solar,Later stage,2016,0,Percentage,8.583333015
POL,POLAND,Probability to receive funding,By technology,Solar,Later stage,2017,0,Percentage,8.583333015
POL,POLAND,Probability to receive funding,By technology,Solar,Later stage,2018,0,Percentage,8.75
POL,POLAND,Probability to receive funding,By technology,Solar,Later stage,2019,0,Percentage,8.75
POL,POLAND,Probability to receive funding,By technology,Solar,Later stage,2020,0,Percentage,8.75
POL,POLAND,Probability to receive funding,By technology,Solar,Later stage,2021,0,Percentage,8.949999809
POL,POLAND,Probability to receive funding,By technology,Wind,Later stage,2015,28.5714283,Percentage,1.166666627
POL,POLAND,Probability to receive funding,By technology,Wind,Later stage,2016,28.5714283,Percentage,1.166666627
POL,POLAND,Probability to receive funding,By technology,Wind,Later stage,2017,28.5714283,Percentage,1.166666627
POL,POLAND,Probability to receive funding,By technology,Wind,Later stage,2018,20,Percentage,1.666666627
POL,POLAND,Probability to receive funding,By technology,Wind,Later stage,2019,20,Percentage,1.666666627
POL,POLAND,Probability to receive funding,By technology,Wind,Later stage,2020,20,Percentage,1.666666627
POL,POLAND,Probability to receive funding,By technology,Wind,Later stage,2021,17.8571434,Percentage,1.866666675
PRT,PORTUGAL,Fundings of start-ups,"By sector (energy, green, digital)",Energy,Early stage,2010,585593.125,USD,1
PRT,PORTUGAL,Fundings of start-ups,"By sector (energy, green, digital)",Energy,Early stage,2012,345211.2813,USD,1
PRT,PORTUGAL,Fundings of start-ups,"By sector (energy, green, digital)",Energy,Early stage,2013,1509358.625,USD,1
PRT,PORTUGAL,Fundings of start-ups,"By sector (energy, green, digital)",Energy,Early stage,2014,1297201.75,USD,2
PRT,PORTUGAL,Fundings of start-ups,"By sector (energy, green, digital)",Energy,Early stage,2015,658512.4375,USD,1
PRT,PORTUGAL,Fundings of start-ups,"By sector (energy, green, digital)",Energy,Early stage,2016,2603422.5,USD,4
PRT,PORTUGAL,Fundings of start-ups,"By sector (energy, green, digital)",Energy,Early stage,2018,6225415.5,USD,3
PRT,PORTUGAL,Fundings of start-ups,"By sector (energy, green, digital)",Energy,Early stage,2019,2164269,USD,4
PRT,PORTUGAL,Fundings of start-ups,"By sector (energy, green, digital)",Energy,Early stage,2020,19620596,USD,4
PRT,PORTUGAL,Probability to receive funding,"By sector (energy, green, digital)",Energy,Early stage,2021,15.49295807,Percentage,142
PRT,PORTUGAL,Fundings of start-ups,"By sector (energy, green, digital)",Energy,Early stage,2021,2670680.5,USD,7
PRT,PORTUGAL,Fundings of start-ups,"By sector (energy, green, digital)",Energy,Early stage,2022,26781792,USD,4
PRT,PORTUGAL,Fundings of start-ups,"By sector (energy, green, digital)",Energy,Early stage,2022,2.174470663,Years,142
PRT,PORTUGAL,Fundings of start-ups,"By sector (energy, green, digital)",Energy and digital,Early stage,2010,585593.125,USD,1
PRT,PORTUGAL,Fundings of start-ups,"By sector (energy, green, digital)",Energy and digital,Early stage,2012,345211.2813,USD,1
PRT,PORTUGAL,Fundings of start-ups,"By sector (energy, green, digital)",Energy and digital,Early stage,2013,1509358.625,USD,1
PRT,PORTUGAL,Fundings of start-ups,"By sector (energy, green, digital)",Energy and digital,Early stage,2014,972901.625,USD,1
PRT,PORTUGAL,Fundings of start-ups,"By sector (energy, green, digital)",Energy and digital,Early stage,2016,379353,USD,2
PRT,PORTUGAL,Fundings of start-ups,"By sector (energy, green, digital)",Energy and digital,Early stage,2018,4937242.5,USD,2
PRT,PORTUGAL,Fundings of start-ups,"By sector (energy, green, digital)",Energy and digital,Early stage,2019,1430175.5,USD,3
PRT,PORTUGAL,Fundings of start-ups,"By sector (energy, green, digital)",Energy and digital,Early stage,2020,19488778,USD,3
PRT,PORTUGAL,Fundings of start-ups,"By sector (energy, green, digital)",Energy and digital,Early stage,2021,999547.25,USD,4
PRT,PORTUGAL,Probability to receive funding,"By sector (energy, green, digital)",Energy and digital,Early stage,2021,31.11111069,Percentage,45
PRT,PORTUGAL,Fundings of start-ups,"By sector (energy, green, digital)",Energy and digital,Early stage,2022,26781792,USD,4
PRT,PORTUGAL,Fundings of start-ups,"By sector (energy, green, digital)",Energy and digital,Early stage,2022,2.614285707,Years,45
PRT,PORTUGAL,Fundings of start-ups,"By sector (energy, green, digital)",Energy and non-digital,Early stage,2014,324300.1563,USD,1
PRT,PORTUGAL,Fundings of start-ups,"By sector (energy, green, digital)",Energy and non-digital,Early stage,2015,658512.4375,USD,1
PRT,PORTUGAL,Fundings of start-ups,"By sector (energy, green, digital)",Energy and non-digital,Early stage,2016,2224069.5,USD,2
PRT,PORTUGAL,Fundings of start-ups,"By sector (energy, green, digital)",Energy and non-digital,Early stage,2018,1288173,USD,1
PRT,PORTUGAL,Fundings of start-ups,"By sector (energy, green, digital)",Energy and non-digital,Early stage,2019,734093.625,USD,1
PRT,PORTUGAL,Fundings of start-ups,"By sector (energy, green, digital)",Energy and non-digital,Early stage,2020,131817.9531,USD,1
PRT,PORTUGAL,Fundings of start-ups,"By sector (energy, green, digital)",Energy and non-digital,Early stage,2021,1671133.125,USD,3
PRT,PORTUGAL,Probability to receive funding,"By sector (energy, green, digital)",Energy and non-digital,Early stage,2021,8.247422218,Percentage,97
PRT,PORTUGAL,Fundings of start-ups,"By sector (energy, green, digital)",Energy and non-digital,Early stage,2022,1.404794574,Years,97
PRT,PORTUGAL,Fundings of start-ups,"By sector (energy, green, digital)",Non-energy,Early stage,2005,21442954,USD,1
PRT,PORTUGAL,Fundings of start-ups,"By sector (energy, green, digital)",Non-energy,Early stage,2006,14240473,USD,1
PRT,PORTUGAL,Fundings of start-ups,"By sector (energy, green, digital)",Non-energy,Early stage,2008,10990800,USD,2
PRT,PORTUGAL,Fundings of start-ups,"By sector (energy, green, digital)",Non-energy,Early stage,2009,434984.9688,USD,2
PRT,PORTUGAL,Fundings of start-ups,"By sector (energy, green, digital)",Non-energy,Early stage,2010,1055889.5,USD,3
PRT,PORTUGAL,Fundings of start-ups,"By sector (energy, green, digital)",Non-energy,Early stage,2011,8126903.5,USD,9
PRT,PORTUGAL,Fundings of start-ups,"By sector (energy, green, digital)",Non-energy,Early stage,2012,5371067.5,USD,9
PRT,PORTUGAL,Fundings of start-ups,"By sector (energy, green, digital)",Non-energy,Early stage,2013,22611104,USD,29
PRT,PORTUGAL,Fundings of start-ups,"By sector (energy, green, digital)",Non-energy,Early stage,2014,24498970,USD,32
PRT,PORTUGAL,Fundings of start-ups,"By sector (energy, green, digital)",Non-energy,Early stage,2015,44376260,USD,37
PRT,PORTUGAL,Fundings of start-ups,"By sector (energy, green, digital)",Non-energy,Early stage,2016,28348760,USD,29
PRT,PORTUGAL,Fundings of start-ups,"By sector (energy, green, digital)",Non-energy,Early stage,2017,25627536,USD,29
PRT,PORTUGAL,Fundings of start-ups,"By sector (energy, green, digital)",Non-energy,Early stage,2018,91919336,USD,40
PRT,PORTUGAL,Fundings of start-ups,"By sector (energy, green, digital)",Non-energy,Early stage,2019,113152288,USD,43
PRT,PORTUGAL,Fundings of start-ups,"By sector (energy, green, digital)",Non-energy,Early stage,2020,43734112,USD,35
PRT,PORTUGAL,Fundings of start-ups,"By sector (energy, green, digital)",Non-energy,Early stage,2021,153813984,USD,41
PRT,PORTUGAL,Probability to receive funding,"By sector (energy, green, digital)",Non-energy,Early stage,2021,10.01088142,Percentage,2757
PRT,PORTUGAL,Fundings of start-ups,"By sector (energy, green, digital)",Non-energy,Early stage,2022,1.826052427,Years,2779
PRT,PORTUGAL,Fundings of start-ups,"By sector (energy, green, digital)",Non-energy,Early stage,2022,152363616,USD,18
PRT,PORTUGAL,Fundings of start-ups,"By sector (energy, green, digital)",Energy,Later stage,2019,2511302.5,USD,1
PRT,PORTUGAL,Probability to receive funding,"By sector (energy, green, digital)",Energy,Later stage,2021,4.225352287,Percentage,142
PRT,PORTUGAL,Fundings of start-ups,"By sector (energy, green, digital)",Energy,Later stage,2022,2.334246635,Years,142
PRT,PORTUGAL,Fundings of start-ups,"By sector (energy, green, digital)",Energy and digital,Later stage,2019,2511302.5,USD,1
PRT,PORTUGAL,Probability to receive funding,"By sector (energy, green, digital)",Energy and digital,Later stage,2021,6.666666508,Percentage,45
PRT,PORTUGAL,Fundings of start-ups,"By sector (energy, green, digital)",Energy and digital,Later stage,2022,3.986301422,Years,45
PRT,PORTUGAL,Probability to receive funding,"By sector (energy, green, digital)",Energy and non-digital,Later stage,2021,3.092783451,Percentage,97
PRT,PORTUGAL,Fundings of start-ups,"By sector (energy, green, digital)",Energy and non-digital,Later stage,2022,0.682191789,Years,97
PRT,PORTUGAL,Fundings of start-ups,"By sector (energy, green, digital)",Non-energy,Later stage,2005,8434228,USD,1
PRT,PORTUGAL,Fundings of start-ups,"By sector (energy, green, digital)",Non-energy,Later stage,2007,8841509,USD,1
PRT,PORTUGAL,Fundings of start-ups,"By sector (energy, green, digital)",Non-energy,Later stage,2011,8786.25,USD,1
PRT,PORTUGAL,Fundings of start-ups,"By sector (energy, green, digital)",Non-energy,Later stage,2014,4893822,USD,1
PRT,PORTUGAL,Fundings of start-ups,"By sector (energy, green, digital)",Non-energy,Later stage,2017,56648936,USD,1
PRT,PORTUGAL,Fundings of start-ups,"By sector (energy, green, digital)",Non-energy,Later stage,2019,73402872,USD,3
PRT,PORTUGAL,Fundings of start-ups,"By sector (energy, green, digital)",Non-energy,Later stage,2020,43157032,USD,2
PRT,PORTUGAL,Probability to receive funding,"By sector (energy, green, digital)",Non-energy,Later stage,2021,1.088139296,Percentage,2757
PRT,PORTUGAL,Fundings of start-ups,"By sector (energy, green, digital)",Non-energy,Later stage,2021,353919744,USD,3
PRT,PORTUGAL,Fundings of start-ups,"By sector (energy, green, digital)",Non-energy,Later stage,2022,4.727853775,Years,2779
PRT,PORTUGAL,Fundings of start-ups,"By sector (energy, green, digital)",Non-energy,Later stage,2022,1267781,USD,1
PRT,PORTUGAL,Fundings of start-ups,By technology,Bioenergy,all,2014,324300.1563,USD,1
PRT,PORTUGAL,Fundings of start-ups,By technology,Bioenergy,all,2016,2094966.125,USD,1
PRT,PORTUGAL,Fundings of start-ups,By technology,Electric mobility,all,2018,1288173,USD,1
PRT,PORTUGAL,Fundings of start-ups,By technology,Electric mobility,all,2019,597186.8125,USD,1
PRT,PORTUGAL,Fundings of start-ups,By technology,Energy efficiency,all,2012,230140.8594,USD,0.666666687
PRT,PORTUGAL,Fundings of start-ups,By technology,Energy efficiency,all,2014,648601.0625,USD,0.666666687
PRT,PORTUGAL,Fundings of start-ups,By technology,Energy efficiency,all,2015,44334.59766,USD,0.666666687
PRT,PORTUGAL,Fundings of start-ups,By technology,Energy efficiency,all,2016,62815.32031,USD,1
PRT,PORTUGAL,Fundings of start-ups,By technology,Energy efficiency,all,2018,1069828.75,USD,1.666666627
PRT,PORTUGAL,Fundings of start-ups,By technology,Energy efficiency,all,2019,2079513.625,USD,1.666666627
PRT,PORTUGAL,Fundings of start-ups,By technology,Energy efficiency,all,2020,15835523,USD,2.666666746
PRT,PORTUGAL,Fundings of start-ups,By technology,Energy efficiency,all,2021,126101.1484,USD,2
PRT,PORTUGAL,Fundings of start-ups,By technology,Energy storage and batteries,all,2020,43939.31641,USD,0.333333343
PRT,PORTUGAL,Fundings of start-ups,By technology,Grid,all,2013,1509358.625,USD,1
PRT,PORTUGAL,Fundings of start-ups,By technology,Grid,all,2015,69622.75781,USD,1
PRT,PORTUGAL,Fundings of start-ups,By technology,Grid,all,2018,564902.625,USD,0.333333343
PRT,PORTUGAL,Fundings of start-ups,By technology,Grid,all,2020,1848597.25,USD,0.333333343
PRT,PORTUGAL,Fundings of start-ups,By technology,Other energy,all,2010,292796.5625,USD,0.5
PRT,PORTUGAL,Fundings of start-ups,By technology,Other energy,all,2011,332171.0313,USD,0.5
PRT,PORTUGAL,Fundings of start-ups,By technology,Other energy,all,2015,219504.1563,USD,0.333333343
PRT,PORTUGAL,Fundings of start-ups,By technology,Other energy,all,2016,43034.48828,USD,0.333333343
PRT,PORTUGAL,Fundings of start-ups,By technology,Other energy,all,2017,52902.17578,USD,0.833333313
PRT,PORTUGAL,Fundings of start-ups,By technology,Other energy,all,2018,2196392.5,USD,0.833333313
PRT,PORTUGAL,Fundings of start-ups,By technology,Other energy,all,2019,734093.625,USD,1
PRT,PORTUGAL,Fundings of start-ups,By technology,Other energy,all,2020,43939.31641,USD,0.333333343
PRT,PORTUGAL,Fundings of start-ups,By technology,Other energy,all,2021,1565496.125,USD,2.333333254
PRT,PORTUGAL,Fundings of start-ups,By technology,Other energy,all,2022,4975119,USD,1
PRT,PORTUGAL,Fundings of start-ups,By technology,Other renewables,all,2010,292796.5625,USD,0.5
PRT,PORTUGAL,Fundings of start-ups,By technology,Other renewables,all,2011,332171.0313,USD,0.5
PRT,PORTUGAL,Fundings of start-ups,By technology,Other renewables,all,2012,115070.4297,USD,0.333333343
PRT,PORTUGAL,Fundings of start-ups,By technology,Other renewables,all,2014,324300.5313,USD,0.333333343
PRT,PORTUGAL,Fundings of start-ups,By technology,Other renewables,all,2015,241671.4531,USD,0.666666687
PRT,PORTUGAL,Fundings of start-ups,By technology,Other renewables,all,2016,201303.3281,USD,0.833333313
PRT,PORTUGAL,Fundings of start-ups,By technology,Other renewables,all,2017,83800.20313,USD,1.333333373
PRT,PORTUGAL,Fundings of start-ups,By technology,Other renewables,all,2018,3013758,USD,1.833333373
PRT,PORTUGAL,Fundings of start-ups,By technology,Other renewables,all,2019,1050939.25,USD,0.833333313
PRT,PORTUGAL,Fundings of start-ups,By technology,Other renewables,all,2020,1956299.875,USD,0.833333313
PRT,PORTUGAL,Fundings of start-ups,By technology,Other renewables,all,2021,926264.625,USD,2.333333254
PRT,PORTUGAL,Fundings of start-ups,By technology,Other renewables,all,2022,19082248,USD,2.5
PRT,PORTUGAL,Fundings of start-ups,By technology,Wind,all,2015,219504.1563,USD,0.333333343
PRT,PORTUGAL,Fundings of start-ups,By technology,Wind,all,2016,201303.3281,USD,0.833333313
PRT,PORTUGAL,Fundings of start-ups,By technology,Wind,all,2017,53297.01953,USD,0.833333313
PRT,PORTUGAL,Fundings of start-ups,By technology,Wind,all,2018,575125.125,USD,0.333333343
PRT,PORTUGAL,Fundings of start-ups,By technology,Wind,all,2019,213838.4219,USD,0.5
PRT,PORTUGAL,Fundings of start-ups,By technology,Wind,all,2020,107702.6953,USD,0.5
PRT,PORTUGAL,Fundings of start-ups,By technology,Wind,all,2021,52818.51172,USD,0.333333343
PRT,PORTUGAL,Fundings of start-ups,By technology,Wind,all,2022,2724424.5,USD,0.5
PRT,PORTUGAL,Probability to receive funding,By technology,Bioenergy,Early stage,2015,66.66666412,Percentage,1.5
PRT,PORTUGAL,Probability to receive funding,By technology,Bioenergy,Early stage,2016,66.66666412,Percentage,1.5
PRT,PORTUGAL,Probability to receive funding,By technology,Bioenergy,Early stage,2017,66.66666412,Percentage,1.5
PRT,PORTUGAL,Probability to receive funding,By technology,Bioenergy,Early stage,2018,66.66666412,Percentage,1.5
PRT,PORTUGAL,Probability to receive funding,By technology,Bioenergy,Early stage,2019,66.66666412,Percentage,1.5
PRT,PORTUGAL,Probability to receive funding,By technology,Bioenergy,Early stage,2020,66.66666412,Percentage,1.5
PRT,PORTUGAL,Probability to receive funding,By technology,Bioenergy,Early stage,2021,66.66666412,Percentage,1.5
PRT,PORTUGAL,Fundings of start-ups,By technology,Clean energy,Early stage,2010,585593.125,USD,1
PRT,PORTUGAL,Fundings of start-ups,By technology,Clean energy,Early stage,2012,345211.2813,USD,1
PRT,PORTUGAL,Fundings of start-ups,By technology,Clean energy,Early stage,2014,1297201.75,USD,2
PRT,PORTUGAL,Fundings of start-ups,By technology,Clean energy,Early stage,2015,658512.4375,USD,1
PRT,PORTUGAL,Fundings of start-ups,By technology,Clean energy,Early stage,2016,2603422.5,USD,4
PRT,PORTUGAL,Fundings of start-ups,By technology,Clean energy,Early stage,2018,6225415.5,USD,3
PRT,PORTUGAL,Fundings of start-ups,By technology,Clean energy,Early stage,2019,1430175.5,USD,3
PRT,PORTUGAL,Fundings of start-ups,By technology,Clean energy,Early stage,2020,5797777,USD,3
PRT,PORTUGAL,Probability to receive funding,By technology,Clean energy,Early stage,2021,17.8571434,Percentage,84
PRT,PORTUGAL,Fundings of start-ups,By technology,Clean energy,Early stage,2021,1157026.25,USD,4
PRT,PORTUGAL,Fundings of start-ups,By technology,Clean energy,Early stage,2022,21806672,USD,3
PRT,PORTUGAL,Fundings of start-ups,By technology,Clean energy,Early stage,2022,2.206940651,Years,84
PRT,PORTUGAL,Probability to receive funding,By technology,Electric mobility,Early stage,2015,0,Percentage,2.5
PRT,PORTUGAL,Probability to receive funding,By technology,Electric mobility,Early stage,2016,0,Percentage,2.5
PRT,PORTUGAL,Probability to receive funding,By technology,Electric mobility,Early stage,2017,28.5714283,Percentage,3.5
PRT,PORTUGAL,Probability to receive funding,By technology,Electric mobility,Early stage,2018,36.36363602,Percentage,5.5
PRT,PORTUGAL,Probability to receive funding,By technology,Electric mobility,Early stage,2019,30.76922989,Percentage,6.5
PRT,PORTUGAL,Probability to receive funding,By technology,Electric mobility,Early stage,2020,30.76922989,Percentage,6.5
PRT,PORTUGAL,Probability to receive funding,By technology,Electric mobility,Early stage,2021,30.76922989,Percentage,6.5
PRT,PORTUGAL,Probability to receive funding,By technology,Energy efficiency,Early stage,2015,14.71301556,Percentage,29.45238113
PRT,PORTUGAL,Probability to receive funding,By technology,Energy efficiency,Early stage,2016,14.07579231,Percentage,30.7857151
PRT,PORTUGAL,Probability to receive funding,By technology,Energy efficiency,Early stage,2017,16.77902603,Percentage,31.7857151
PRT,PORTUGAL,Probability to receive funding,By technology,Energy efficiency,Early stage,2018,21.70542717,Percentage,33.7857132
PRT,PORTUGAL,Probability to receive funding,By technology,Energy efficiency,Early stage,2019,21.70542717,Percentage,33.7857132
PRT,PORTUGAL,Probability to receive funding,By technology,Energy efficiency,Early stage,2020,21.22610474,Percentage,36.11904907
PRT,PORTUGAL,Probability to receive funding,By technology,Energy efficiency,Early stage,2021,20.65426636,Percentage,37.11904907
PRT,PORTUGAL,Probability to receive funding,By technology,Energy storage and batteries,Early stage,2015,30.76922989,Percentage,1.083333373
PRT,PORTUGAL,Probability to receive funding,By technology,Energy storage and batteries,Early stage,2016,30.76922989,Percentage,1.083333373
PRT,PORTUGAL,Probability to receive funding,By technology,Energy storage and batteries,Early stage,2017,30.76922989,Percentage,1.083333373
PRT,PORTUGAL,Probability to receive funding,By technology,Energy storage and batteries,Early stage,2018,30.76922989,Percentage,1.083333373
PRT,PORTUGAL,Probability to receive funding,By technology,Energy storage and batteries,Early stage,2019,30.76922989,Percentage,1.083333373
PRT,PORTUGAL,Probability to receive funding,By technology,Energy storage and batteries,Early stage,2020,47.05882263,Percentage,1.416666627
PRT,PORTUGAL,Probability to receive funding,By technology,Energy storage and batteries,Early stage,2021,47.05882263,Percentage,1.416666627
PRT,PORTUGAL,Probability to receive funding,By technology,Fossil fuels,Early stage,2015,0,Percentage,4.833333492
PRT,PORTUGAL,Probability to receive funding,By technology,Fossil fuels,Early stage,2016,0,Percentage,4.833333492
PRT,PORTUGAL,Probability to receive funding,By technology,Fossil fuels,Early stage,2017,0,Percentage,4.833333492
PRT,PORTUGAL,Probability to receive funding,By technology,Fossil fuels,Early stage,2018,0,Percentage,5.833333492
PRT,PORTUGAL,Probability to receive funding,By technology,Fossil fuels,Early stage,2019,0,Percentage,5.833333492
PRT,PORTUGAL,Probability to receive funding,By technology,Fossil fuels,Early stage,2020,0,Percentage,5.833333492
PRT,PORTUGAL,Probability to receive funding,By technology,Fossil fuels,Early stage,2021,0,Percentage,5.833333492
PRT,PORTUGAL,Probability to receive funding,By technology,Grid,Early stage,2015,47.45762634,Percentage,2.809523821
PRT,PORTUGAL,Probability to receive funding,By technology,Grid,Early stage,2016,35,Percentage,3.809523821
PRT,PORTUGAL,Probability to receive funding,By technology,Grid,Early stage,2017,35,Percentage,3.809523821
PRT,PORTUGAL,Probability to receive funding,By technology,Grid,Early stage,2018,35,Percentage,3.809523821
PRT,PORTUGAL,Probability to receive funding,By technology,Grid,Early stage,2019,35,Percentage,3.809523821
PRT,PORTUGAL,Probability to receive funding,By technology,Grid,Early stage,2020,35,Percentage,3.809523821
PRT,PORTUGAL,Probability to receive funding,By technology,Grid,Early stage,2021,35,Percentage,3.809523821
PRT,PORTUGAL,Probability to receive funding,By technology,Hydrogen and fuel cells,Early stage,2015,0,Percentage,0.333333343
PRT,PORTUGAL,Probability to receive funding,By technology,Hydrogen and fuel cells,Early stage,2016,0,Percentage,0.333333343
PRT,PORTUGAL,Probability to receive funding,By technology,Hydrogen and fuel cells,Early stage,2017,0,Percentage,0.333333343
PRT,PORTUGAL,Probability to receive funding,By technology,Hydrogen and fuel cells,Early stage,2018,0,Percentage,0.333333343
PRT,PORTUGAL,Probability to receive funding,By technology,Hydrogen and fuel cells,Early stage,2019,0,Percentage,0.333333343
PRT,PORTUGAL,Probability to receive funding,By technology,Hydrogen and fuel cells,Early stage,2020,0,Percentage,0.333333343
PRT,PORTUGAL,Probability to receive funding,By technology,Hydrogen and fuel cells,Early stage,2021,0,Percentage,0.333333343
PRT,PORTUGAL,Fundings of start-ups,By technology,Non-clean energy,Early stage,2013,1509358.625,USD,1
PRT,PORTUGAL,Fundings of start-ups,By technology,Non-clean energy,Early stage,2019,734093.625,USD,1
PRT,PORTUGAL,Fundings of start-ups,By technology,Non-clean energy,Early stage,2020,13822819,USD,1
PRT,PORTUGAL,Fundings of start-ups,By technology,Non-clean energy,Early stage,2021,1513654.125,USD,3
PRT,PORTUGAL,Probability to receive funding,By technology,Non-clean energy,Early stage,2021,12.06896591,Percentage,58
PRT,PORTUGAL,Fundings of start-ups,By technology,Non-clean energy,Early stage,2022,2.104892254,Years,58
PRT,PORTUGAL,Fundings of start-ups,By technology,Non-clean energy,Early stage,2022,4975119,USD,1
PRT,PORTUGAL,Probability to receive funding,By technology,Nuclear,Early stage,2015,0,Percentage,1
PRT,PORTUGAL,Probability to receive funding,By technology,Nuclear,Early stage,2016,0,Percentage,1
PRT,PORTUGAL,Probability to receive funding,By technology,Nuclear,Early stage,2017,0,Percentage,1
PRT,PORTUGAL,Probability to receive funding,By technology,Nuclear,Early stage,2018,0,Percentage,1
PRT,PORTUGAL,Probability to receive funding,By technology,Nuclear,Early stage,2019,0,Percentage,1
PRT,PORTUGAL,Probability to receive funding,By technology,Nuclear,Early stage,2020,0,Percentage,1
PRT,PORTUGAL,Probability to receive funding,By technology,Nuclear,Early stage,2021,0,Percentage,1
PRT,PORTUGAL,Probability to receive funding,By technology,Other energy,Early stage,2015,4.046242714,Percentage,28.83333397
PRT,PORTUGAL,Probability to receive funding,By technology,Other energy,Early stage,2016,6.735751152,Percentage,32.16666794
PRT,PORTUGAL,Probability to receive funding,By technology,Other energy,Early stage,2017,6.632653236,Percentage,32.66666794
PRT,PORTUGAL,Probability to receive funding,By technology,Other energy,Early stage,2018,9.134614944,Percentage,34.66666794
PRT,PORTUGAL,Probability to receive funding,By technology,Other energy,Early stage,2019,8.878504753,Percentage,35.66666794
PRT,PORTUGAL,Probability to receive funding,By technology,Other energy,Early stage,2020,12.16216183,Percentage,37
PRT,PORTUGAL,Probability to receive funding,By technology,Other energy,Early stage,2021,11.8942728,Percentage,37.83333206
PRT,PORTUGAL,Probability to receive funding,By technology,Other renewables,Early stage,2015,15.35649014,Percentage,19.5357151
PRT,PORTUGAL,Probability to receive funding,By technology,Other renewables,Early stage,2016,14.72822952,Percentage,20.36904716
PRT,PORTUGAL,Probability to receive funding,By technology,Other renewables,Early stage,2017,13.71801853,Percentage,21.86904716
PRT,PORTUGAL,Probability to receive funding,By technology,Other renewables,Early stage,2018,13.11816788,Percentage,22.86904716
PRT,PORTUGAL,Probability to receive funding,By technology,Other renewables,Early stage,2019,12.56857872,Percentage,23.86904716
PRT,PORTUGAL,Probability to receive funding,By technology,Other renewables,Early stage,2020,16.0842514,Percentage,24.86904716
PRT,PORTUGAL,Probability to receive funding,By technology,Other renewables,Early stage,2021,15.87151623,Percentage,25.20238113
PRT,PORTUGAL,Probability to receive funding,By technology,Solar,Early stage,2015,0,Percentage,12.80952358
PRT,PORTUGAL,Probability to receive funding,By technology,Solar,Early stage,2016,0,Percentage,14.30952358
PRT,PORTUGAL,Probability to receive funding,By technology,Solar,Early stage,2017,0,Percentage,15.30952358
PRT,PORTUGAL,Probability to receive funding,By technology,Solar,Early stage,2018,0,Percentage,15.30952358
PRT,PORTUGAL,Probability to receive funding,By technology,Solar,Early stage,2019,0,Percentage,15.30952358
PRT,PORTUGAL,Probability to receive funding,By technology,Solar,Early stage,2020,0,Percentage,15.30952358
PRT,PORTUGAL,Probability to receive funding,By technology,Solar,Early stage,2021,0,Percentage,16.1428566
PRT,PORTUGAL,Probability to receive funding,By technology,Wind,Early stage,2015,63.63636398,Percentage,1.309523821
PRT,PORTUGAL,Probability to receive funding,By technology,Wind,Early stage,2016,63.63636398,Percentage,1.309523821
PRT,PORTUGAL,Probability to receive funding,By technology,Wind,Early stage,2017,63.63636398,Percentage,1.309523821
PRT,PORTUGAL,Probability to receive funding,By technology,Wind,Early stage,2018,63.63636398,Percentage,1.309523821
PRT,PORTUGAL,Probability to receive funding,By technology,Wind,Early stage,2019,63.63636398,Percentage,1.309523821
PRT,PORTUGAL,Probability to receive funding,By technology,Wind,Early stage,2020,63.63636398,Percentage,1.309523821
PRT,PORTUGAL,Probability to receive funding,By technology,Wind,Early stage,2021,36.08247375,Percentage,2.309523821
PRT,PORTUGAL,Probability to receive funding,By technology,Bioenergy,Later stage,2015,0,Percentage,1.5
PRT,PORTUGAL,Probability to receive funding,By technology,Bioenergy,Later stage,2016,0,Percentage,1.5
PRT,PORTUGAL,Probability to receive funding,By technology,Bioenergy,Later stage,2017,0,Percentage,1.5
PRT,PORTUGAL,Probability to receive funding,By technology,Bioenergy,Later stage,2018,0,Percentage,1.5
PRT,PORTUGAL,Probability to receive funding,By technology,Bioenergy,Later stage,2019,0,Percentage,1.5
PRT,PORTUGAL,Probability to receive funding,By technology,Bioenergy,Later stage,2020,0,Percentage,1.5
PRT,PORTUGAL,Probability to receive funding,By technology,Bioenergy,Later stage,2021,0,Percentage,1.5
PRT,PORTUGAL,Fundings of start-ups,By technology,Clean energy,Later stage,2019,2511302.5,USD,1
PRT,PORTUGAL,Probability to receive funding,By technology,Clean energy,Later stage,2021,2.380952358,Percentage,84
PRT,PORTUGAL,Fundings of start-ups,By technology,Clean energy,Later stage,2022,5.15342474,Years,84
PRT,PORTUGAL,Probability to receive funding,By technology,Electric mobility,Later stage,2015,0,Percentage,2.5
PRT,PORTUGAL,Probability to receive funding,By technology,Electric mobility,Later stage,2016,0,Percentage,2.5
PRT,PORTUGAL,Probability to receive funding,By technology,Electric mobility,Later stage,2017,0,Percentage,3.5
PRT,PORTUGAL,Probability to receive funding,By technology,Electric mobility,Later stage,2018,0,Percentage,5.5
PRT,PORTUGAL,Probability to receive funding,By technology,Electric mobility,Later stage,2019,0,Percentage,6.5
PRT,PORTUGAL,Probability to receive funding,By technology,Electric mobility,Later stage,2020,0,Percentage,6.5
PRT,PORTUGAL,Probability to receive funding,By technology,Electric mobility,Later stage,2021,0,Percentage,6.5
PRT,PORTUGAL,Probability to receive funding,By technology,Energy efficiency,Later stage,2015,2.263540745,Percentage,29.45238113
PRT,PORTUGAL,Probability to receive funding,By technology,Energy efficiency,Later stage,2016,2.165506601,Percentage,30.7857151
PRT,PORTUGAL,Probability to receive funding,By technology,Energy efficiency,Later stage,2017,2.097378254,Percentage,31.7857151
PRT,PORTUGAL,Probability to receive funding,By technology,Energy efficiency,Later stage,2018,1.973220587,Percentage,33.7857132
PRT,PORTUGAL,Probability to receive funding,By technology,Energy efficiency,Later stage,2019,1.973220587,Percentage,33.7857132
PRT,PORTUGAL,Probability to receive funding,By technology,Energy efficiency,Later stage,2020,1.845748186,Percentage,36.11904907
PRT,PORTUGAL,Probability to receive funding,By technology,Energy efficiency,Later stage,2021,1.79602313,Percentage,37.11904907
PRT,PORTUGAL,Probability to receive funding,By technology,Energy storage and batteries,Later stage,2015,0,Percentage,1.083333373
PRT,PORTUGAL,Probability to receive funding,By technology,Energy storage and batteries,Later stage,2016,0,Percentage,1.083333373
PRT,PORTUGAL,Probability to receive funding,By technology,Energy storage and batteries,Later stage,2017,0,Percentage,1.083333373
PRT,PORTUGAL,Probability to receive funding,By technology,Energy storage and batteries,Later stage,2018,0,Percentage,1.083333373
PRT,PORTUGAL,Probability to receive funding,By technology,Energy storage and batteries,Later stage,2019,0,Percentage,1.083333373
PRT,PORTUGAL,Probability to receive funding,By technology,Energy storage and batteries,Later stage,2020,0,Percentage,1.416666627
PRT,PORTUGAL,Probability to receive funding,By technology,Energy storage and batteries,Later stage,2021,0,Percentage,1.416666627
PRT,PORTUGAL,Probability to receive funding,By technology,Fossil fuels,Later stage,2015,20.6896553,Percentage,4.833333492
PRT,PORTUGAL,Probability to receive funding,By technology,Fossil fuels,Later stage,2016,20.6896553,Percentage,4.833333492
PRT,PORTUGAL,Probability to receive funding,By technology,Fossil fuels,Later stage,2017,20.6896553,Percentage,4.833333492
PRT,PORTUGAL,Probability to receive funding,By technology,Fossil fuels,Later stage,2018,34.2857132,Percentage,5.833333492
PRT,PORTUGAL,Probability to receive funding,By technology,Fossil fuels,Later stage,2019,34.2857132,Percentage,5.833333492
PRT,PORTUGAL,Probability to receive funding,By technology,Fossil fuels,Later stage,2020,34.2857132,Percentage,5.833333492
PRT,PORTUGAL,Probability to receive funding,By technology,Fossil fuels,Later stage,2021,34.2857132,Percentage,5.833333492
PRT,PORTUGAL,Probability to receive funding,By technology,Grid,Later stage,2015,0,Percentage,2.809523821
PRT,PORTUGAL,Probability to receive funding,By technology,Grid,Later stage,2016,0,Percentage,3.809523821
PRT,PORTUGAL,Probability to receive funding,By technology,Grid,Later stage,2017,0,Percentage,3.809523821
PRT,PORTUGAL,Probability to receive funding,By technology,Grid,Later stage,2018,0,Percentage,3.809523821
PRT,PORTUGAL,Probability to receive funding,By technology,Grid,Later stage,2019,0,Percentage,3.809523821
PRT,PORTUGAL,Probability to receive funding,By technology,Grid,Later stage,2020,0,Percentage,3.809523821
PRT,PORTUGAL,Probability to receive funding,By technology,Grid,Later stage,2021,0,Percentage,3.809523821
PRT,PORTUGAL,Probability to receive funding,By technology,Hydrogen and fuel cells,Later stage,2015,0,Percentage,0.333333343
PRT,PORTUGAL,Probability to receive funding,By technology,Hydrogen and fuel cells,Later stage,2016,0,Percentage,0.333333343
PRT,PORTUGAL,Probability to receive funding,By technology,Hydrogen and fuel cells,Later stage,2017,0,Percentage,0.333333343
PRT,PORTUGAL,Probability to receive funding,By technology,Hydrogen and fuel cells,Later stage,2018,0,Percentage,0.333333343
PRT,PORTUGAL,Probability to receive funding,By technology,Hydrogen and fuel cells,Later stage,2019,0,Percentage,0.333333343
PRT,PORTUGAL,Probability to receive funding,By technology,Hydrogen and fuel cells,Later stage,2020,0,Percentage,0.333333343
PRT,PORTUGAL,Probability to receive funding,By technology,Hydrogen and fuel cells,Later stage,2021,0,Percentage,0.333333343
PRT,PORTUGAL,Probability to receive funding,By technology,Non-clean energy,Later stage,2021,6.896551609,Percentage,58
PRT,PORTUGAL,Fundings of start-ups,By technology,Non-clean energy,Later stage,2022,0.924657524,Years,58
PRT,PORTUGAL,Probability to receive funding,By technology,Nuclear,Later stage,2015,0,Percentage,1
PRT,PORTUGAL,Probability to receive funding,By technology,Nuclear,Later stage,2016,0,Percentage,1
PRT,PORTUGAL,Probability to receive funding,By technology,Nuclear,Later stage,2017,0,Percentage,1
PRT,PORTUGAL,Probability to receive funding,By technology,Nuclear,Later stage,2018,0,Percentage,1
PRT,PORTUGAL,Probability to receive funding,By technology,Nuclear,Later stage,2019,0,Percentage,1
PRT,PORTUGAL,Probability to receive funding,By technology,Nuclear,Later stage,2020,0,Percentage,1
PRT,PORTUGAL,Probability to receive funding,By technology,Nuclear,Later stage,2021,0,Percentage,1
PRT,PORTUGAL,Probability to receive funding,By technology,Other energy,Later stage,2015,1.734104037,Percentage,28.83333397
PRT,PORTUGAL,Probability to receive funding,By technology,Other energy,Later stage,2016,1.55440414,Percentage,32.16666794
PRT,PORTUGAL,Probability to receive funding,By technology,Other energy,Later stage,2017,1.53061223,Percentage,32.66666794
PRT,PORTUGAL,Probability to receive funding,By technology,Other energy,Later stage,2018,1.442307711,Percentage,34.66666794
PRT,PORTUGAL,Probability to receive funding,By technology,Other energy,Later stage,2019,1.401869178,Percentage,35.66666794
PRT,PORTUGAL,Probability to receive funding,By technology,Other energy,Later stage,2020,1.35135138,Percentage,37
PRT,PORTUGAL,Probability to receive funding,By technology,Other energy,Later stage,2021,2.643171787,Percentage,37.83333206
PRT,PORTUGAL,Probability to receive funding,By technology,Other renewables,Later stage,2015,1.706276655,Percentage,19.5357151
PRT,PORTUGAL,Probability to receive funding,By technology,Other renewables,Later stage,2016,1.63646996,Percentage,20.36904716
PRT,PORTUGAL,Probability to receive funding,By technology,Other renewables,Later stage,2017,1.524224281,Percentage,21.86904716
PRT,PORTUGAL,Probability to receive funding,By technology,Other renewables,Later stage,2018,1.457574129,Percentage,22.86904716
PRT,PORTUGAL,Probability to receive funding,By technology,Other renewables,Later stage,2019,1.396508694,Percentage,23.86904716
PRT,PORTUGAL,Probability to receive funding,By technology,Other renewables,Later stage,2020,1.340354204,Percentage,24.86904716
PRT,PORTUGAL,Probability to receive funding,By technology,Other renewables,Later stage,2021,1.322626352,Percentage,25.20238113
PRT,PORTUGAL,Probability to receive funding,By technology,Solar,Later stage,2015,3.903345823,Percentage,12.80952358
PRT,PORTUGAL,Probability to receive funding,By technology,Solar,Later stage,2016,3.494176388,Percentage,14.30952358
PRT,PORTUGAL,Probability to receive funding,By technology,Solar,Later stage,2017,3.265940905,Percentage,15.30952358
PRT,PORTUGAL,Probability to receive funding,By technology,Solar,Later stage,2018,3.265940905,Percentage,15.30952358
PRT,PORTUGAL,Probability to receive funding,By technology,Solar,Later stage,2019,3.265940905,Percentage,15.30952358
PRT,PORTUGAL,Probability to receive funding,By technology,Solar,Later stage,2020,3.265940905,Percentage,15.30952358
PRT,PORTUGAL,Probability to receive funding,By technology,Solar,Later stage,2021,6.194690228,Percentage,16.1428566
PRT,PORTUGAL,Probability to receive funding,By technology,Wind,Later stage,2015,0,Percentage,1.309523821
PRT,PORTUGAL,Probability to receive funding,By technology,Wind,Later stage,2016,0,Percentage,1.309523821
PRT,PORTUGAL,Probability to receive funding,By technology,Wind,Later stage,2017,0,Percentage,1.309523821
PRT,PORTUGAL,Probability to receive funding,By technology,Wind,Later stage,2018,0,Percentage,1.309523821
PRT,PORTUGAL,Probability to receive funding,By technology,Wind,Later stage,2019,0,Percentage,1.309523821
PRT,PORTUGAL,Probability to receive funding,By technology,Wind,Later stage,2020,0,Percentage,1.309523821
PRT,PORTUGAL,Probability to receive funding,By technology,Wind,Later stage,2021,0,Percentage,2.309523821
PRI,PUERTO RICO,Probability to receive funding,"By sector (energy, green, digital)",Energy,Early stage,2021,0,Percentage,7
PRI,PUERTO RICO,Probability to receive funding,"By sector (energy, green, digital)",Energy and digital,Early stage,2021,0,Percentage,2
PRI,PUERTO RICO,Probability to receive funding,"By sector (energy, green, digital)",Energy and non-digital,Early stage,2021,0,Percentage,5
PRI,PUERTO RICO,Fundings of start-ups,"By sector (energy, green, digital)",Non-energy,Early stage,2013,502584.2813,USD,2
PRI,PUERTO RICO,Fundings of start-ups,"By sector (energy, green, digital)",Non-energy,Early stage,2014,2471270.75,USD,1
PRI,PUERTO RICO,Fundings of start-ups,"By sector (energy, green, digital)",Non-energy,Early stage,2015,105911.6016,USD,2
PRI,PUERTO RICO,Fundings of start-ups,"By sector (energy, green, digital)",Non-energy,Early stage,2016,4281994.5,USD,5
PRI,PUERTO RICO,Fundings of start-ups,"By sector (energy, green, digital)",Non-energy,Early stage,2017,10293112,USD,5
PRI,PUERTO RICO,Fundings of start-ups,"By sector (energy, green, digital)",Non-energy,Early stage,2018,9035859,USD,9
PRI,PUERTO RICO,Fundings of start-ups,"By sector (energy, green, digital)",Non-energy,Early stage,2019,4509949,USD,4
PRI,PUERTO RICO,Fundings of start-ups,"By sector (energy, green, digital)",Non-energy,Early stage,2020,17539014,USD,7
PRI,PUERTO RICO,Fundings of start-ups,"By sector (energy, green, digital)",Non-energy,Early stage,2021,18151304,USD,5
PRI,PUERTO RICO,Probability to receive funding,"By sector (energy, green, digital)",Non-energy,Early stage,2021,9.708738327,Percentage,309
PRI,PUERTO RICO,Fundings of start-ups,"By sector (energy, green, digital)",Non-energy,Early stage,2022,12426655,USD,6
PRI,PUERTO RICO,Fundings of start-ups,"By sector (energy, green, digital)",Non-energy,Early stage,2022,1.57458663,Years,309
PRI,PUERTO RICO,Probability to receive funding,"By sector (energy, green, digital)",Energy,Later stage,2021,14.28571415,Percentage,7
PRI,PUERTO RICO,Fundings of start-ups,"By sector (energy, green, digital)",Energy,Later stage,2022,4.556164265,Years,7
PRI,PUERTO RICO,Probability to receive funding,"By sector (energy, green, digital)",Energy and digital,Later stage,2021,0,Percentage,2
PRI,PUERTO RICO,Probability to receive funding,"By sector (energy, green, digital)",Energy and non-digital,Later stage,2021,20,Percentage,5
PRI,PUERTO RICO,Fundings of start-ups,"By sector (energy, green, digital)",Energy and non-digital,Later stage,2022,4.556164265,Years,5
PRI,PUERTO RICO,Fundings of start-ups,"By sector (energy, green, digital)",Non-energy,Later stage,2018,3466797,USD,2
PRI,PUERTO RICO,Fundings of start-ups,"By sector (energy, green, digital)",Non-energy,Later stage,2019,4618622.5,USD,2
PRI,PUERTO RICO,Probability to receive funding,"By sector (energy, green, digital)",Non-energy,Later stage,2021,3.236245871,Percentage,309
PRI,PUERTO RICO,Fundings of start-ups,"By sector (energy, green, digital)",Non-energy,Later stage,2022,3.670958996,Years,309
PRI,PUERTO RICO,Probability to receive funding,By technology,Clean energy,Early stage,2021,0,Percentage,3
PRI,PUERTO RICO,Probability to receive funding,By technology,Energy efficiency,Early stage,2015,0,Percentage,1
PRI,PUERTO RICO,Probability to receive funding,By technology,Energy efficiency,Early stage,2016,0,Percentage,1
PRI,PUERTO RICO,Probability to receive funding,By technology,Energy efficiency,Early stage,2017,0,Percentage,1
PRI,PUERTO RICO,Probability to receive funding,By technology,Energy efficiency,Early stage,2018,0,Percentage,1
PRI,PUERTO RICO,Probability to receive funding,By technology,Energy efficiency,Early stage,2019,0,Percentage,1
PRI,PUERTO RICO,Probability to receive funding,By technology,Energy efficiency,Early stage,2020,0,Percentage,1
PRI,PUERTO RICO,Probability to receive funding,By technology,Energy efficiency,Early stage,2021,0,Percentage,2
PRI,PUERTO RICO,Probability to receive funding,By technology,Non-clean energy,Early stage,2021,0,Percentage,4
PRI,PUERTO RICO,Probability to receive funding,By technology,Other energy,Early stage,2016,0,Percentage,0.5
PRI,PUERTO RICO,Probability to receive funding,By technology,Other energy,Early stage,2017,0,Percentage,0.5
PRI,PUERTO RICO,Probability to receive funding,By technology,Other energy,Early stage,2018,0,Percentage,0.5
PRI,PUERTO RICO,Probability to receive funding,By technology,Other energy,Early stage,2019,0,Percentage,1.5
PRI,PUERTO RICO,Probability to receive funding,By technology,Other energy,Early stage,2020,0,Percentage,1.5
PRI,PUERTO RICO,Probability to receive funding,By technology,Other energy,Early stage,2021,0,Percentage,1.5
PRI,PUERTO RICO,Probability to receive funding,By technology,Other renewables,Early stage,2016,0,Percentage,0.5
PRI,PUERTO RICO,Probability to receive funding,By technology,Other renewables,Early stage,2017,0,Percentage,0.5
PRI,PUERTO RICO,Probability to receive funding,By technology,Other renewables,Early stage,2018,0,Percentage,1.5
PRI,PUERTO RICO,Probability to receive funding,By technology,Other renewables,Early stage,2019,0,Percentage,1.5
PRI,PUERTO RICO,Probability to receive funding,By technology,Other renewables,Early stage,2020,0,Percentage,1.5
PRI,PUERTO RICO,Probability to receive funding,By technology,Other renewables,Early stage,2021,0,Percentage,1.5
PRI,PUERTO RICO,Probability to receive funding,By technology,Clean energy,Later stage,2021,33.33333206,Percentage,3
PRI,PUERTO RICO,Fundings of start-ups,By technology,Clean energy,Later stage,2022,4.556164265,Years,3
PRI,PUERTO RICO,Probability to receive funding,By technology,Energy efficiency,Later stage,2015,0,Percentage,1
PRI,PUERTO RICO,Probability to receive funding,By technology,Energy efficiency,Later stage,2016,0,Percentage,1
PRI,PUERTO RICO,Probability to receive funding,By technology,Energy efficiency,Later stage,2017,0,Percentage,1
PRI,PUERTO RICO,Probability to receive funding,By technology,Energy efficiency,Later stage,2018,0,Percentage,1
PRI,PUERTO RICO,Probability to receive funding,By technology,Energy efficiency,Later stage,2019,0,Percentage,1
PRI,PUERTO RICO,Probability to receive funding,By technology,Energy efficiency,Later stage,2020,0,Percentage,1
PRI,PUERTO RICO,Probability to receive funding,By technology,Energy efficiency,Later stage,2021,0,Percentage,2
PRI,PUERTO RICO,Probability to receive funding,By technology,Non-clean energy,Later stage,2021,0,Percentage,4
PRI,PUERTO RICO,Probability to receive funding,By technology,Other energy,Later stage,2016,0,Percentage,0.5
PRI,PUERTO RICO,Probability to receive funding,By technology,Other energy,Later stage,2017,0,Percentage,0.5
PRI,PUERTO RICO,Probability to receive funding,By technology,Other energy,Later stage,2018,0,Percentage,0.5
PRI,PUERTO RICO,Probability to receive funding,By technology,Other energy,Later stage,2019,0,Percentage,1.5
PRI,PUERTO RICO,Probability to receive funding,By technology,Other energy,Later stage,2020,0,Percentage,1.5
PRI,PUERTO RICO,Probability to receive funding,By technology,Other energy,Later stage,2021,0,Percentage,1.5
PRI,PUERTO RICO,Probability to receive funding,By technology,Other renewables,Later stage,2016,0,Percentage,0.5
PRI,PUERTO RICO,Probability to receive funding,By technology,Other renewables,Later stage,2017,0,Percentage,0.5
PRI,PUERTO RICO,Probability to receive funding,By technology,Other renewables,Later stage,2018,66.66666412,Percentage,1.5
PRI,PUERTO RICO,Probability to receive funding,By technology,Other renewables,Later stage,2019,66.66666412,Percentage,1.5
PRI,PUERTO RICO,Probability to receive funding,By technology,Other renewables,Later stage,2020,66.66666412,Percentage,1.5
PRI,PUERTO RICO,Probability to receive funding,By technology,Other renewables,Later stage,2021,66.66666412,Percentage,1.5
QAT,QATAR,Probability to receive funding,"By sector (energy, green, digital)",Energy,Early stage,2021,0,Percentage,14
QAT,QATAR,Probability to receive funding,"By sector (energy, green, digital)",Energy and digital,Early stage,2021,0,Percentage,5
QAT,QATAR,Probability to receive funding,"By sector (energy, green, digital)",Energy and non-digital,Early stage,2021,0,Percentage,9
QAT,QATAR,Fundings of start-ups,"By sector (energy, green, digital)",Non-energy,Early stage,2013,186674.1563,USD,1
QAT,QATAR,Fundings of start-ups,"By sector (energy, green, digital)",Non-energy,Early stage,2015,258895.0313,USD,1
QAT,QATAR,Fundings of start-ups,"By sector (energy, green, digital)",Non-energy,Early stage,2016,926086.9375,USD,1
QAT,QATAR,Fundings of start-ups,"By sector (energy, green, digital)",Non-energy,Early stage,2017,1444547.875,USD,2
QAT,QATAR,Fundings of start-ups,"By sector (energy, green, digital)",Non-energy,Early stage,2019,4157020,USD,3
QAT,QATAR,Fundings of start-ups,"By sector (energy, green, digital)",Non-energy,Early stage,2020,1290909.125,USD,1
QAT,QATAR,Probability to receive funding,"By sector (energy, green, digital)",Non-energy,Early stage,2021,5.187319756,Percentage,347
QAT,QATAR,Fundings of start-ups,"By sector (energy, green, digital)",Non-energy,Early stage,2021,9101031,USD,5
QAT,QATAR,Fundings of start-ups,"By sector (energy, green, digital)",Non-energy,Early stage,2022,885000,USD,2
QAT,QATAR,Fundings of start-ups,"By sector (energy, green, digital)",Non-energy,Early stage,2022,1.645662069,Years,350
QAT,QATAR,Probability to receive funding,"By sector (energy, green, digital)",Energy,Later stage,2021,0,Percentage,14
QAT,QATAR,Probability to receive funding,"By sector (energy, green, digital)",Energy and digital,Later stage,2021,0,Percentage,5
QAT,QATAR,Probability to receive funding,"By sector (energy, green, digital)",Energy and non-digital,Later stage,2021,0,Percentage,9
QAT,QATAR,Probability to receive funding,"By sector (energy, green, digital)",Non-energy,Later stage,2021,0,Percentage,347
QAT,QATAR,Probability to receive funding,By technology,Clean energy,Early stage,2021,0,Percentage,3
QAT,QATAR,Probability to receive funding,By technology,Electric mobility,Early stage,2020,0,Percentage,1
QAT,QATAR,Probability to receive funding,By technology,Electric mobility,Early stage,2021,0,Percentage,1
QAT,QATAR,Probability to receive funding,By technology,Energy efficiency,Early stage,2018,0,Percentage,1
QAT,QATAR,Probability to receive funding,By technology,Energy efficiency,Early stage,2019,0,Percentage,1
QAT,QATAR,Probability to receive funding,By technology,Energy efficiency,Early stage,2020,0,Percentage,1
QAT,QATAR,Probability to receive funding,By technology,Energy efficiency,Early stage,2021,0,Percentage,1
QAT,QATAR,Probability to receive funding,By technology,Fossil fuels,Early stage,2015,0,Percentage,3.5
QAT,QATAR,Probability to receive funding,By technology,Fossil fuels,Early stage,2016,0,Percentage,3.5
QAT,QATAR,Probability to receive funding,By technology,Fossil fuels,Early stage,2017,0,Percentage,4
QAT,QATAR,Probability to receive funding,By technology,Fossil fuels,Early stage,2018,0,Percentage,4
QAT,QATAR,Probability to receive funding,By technology,Fossil fuels,Early stage,2019,0,Percentage,4
QAT,QATAR,Probability to receive funding,By technology,Fossil fuels,Early stage,2020,0,Percentage,4
QAT,QATAR,Probability to receive funding,By technology,Fossil fuels,Early stage,2021,0,Percentage,4
QAT,QATAR,Probability to receive funding,By technology,Grid,Early stage,2015,0,Percentage,2
QAT,QATAR,Probability to receive funding,By technology,Grid,Early stage,2016,0,Percentage,2
QAT,QATAR,Probability to receive funding,By technology,Grid,Early stage,2017,0,Percentage,2
QAT,QATAR,Probability to receive funding,By technology,Grid,Early stage,2018,0,Percentage,2
QAT,QATAR,Probability to receive funding,By technology,Grid,Early stage,2019,0,Percentage,2
QAT,QATAR,Probability to receive funding,By technology,Grid,Early stage,2020,0,Percentage,2
QAT,QATAR,Probability to receive funding,By technology,Grid,Early stage,2021,0,Percentage,2
QAT,QATAR,Probability to receive funding,By technology,Non-clean energy,Early stage,2021,0,Percentage,11
QAT,QATAR,Probability to receive funding,By technology,Other energy,Early stage,2015,0,Percentage,2.5
QAT,QATAR,Probability to receive funding,By technology,Other energy,Early stage,2016,0,Percentage,2.5
QAT,QATAR,Probability to receive funding,By technology,Other energy,Early stage,2017,0,Percentage,3
QAT,QATAR,Probability to receive funding,By technology,Other energy,Early stage,2018,0,Percentage,3
QAT,QATAR,Probability to receive funding,By technology,Other energy,Early stage,2019,0,Percentage,3
QAT,QATAR,Probability to receive funding,By technology,Other energy,Early stage,2020,0,Percentage,3
QAT,QATAR,Probability to receive funding,By technology,Other energy,Early stage,2021,0,Percentage,3
QAT,QATAR,Probability to receive funding,By technology,Other renewables,Early stage,2015,0,Percentage,2
QAT,QATAR,Probability to receive funding,By technology,Other renewables,Early stage,2016,0,Percentage,2
QAT,QATAR,Probability to receive funding,By technology,Other renewables,Early stage,2017,0,Percentage,2
QAT,QATAR,Probability to receive funding,By technology,Other renewables,Early stage,2018,0,Percentage,2
QAT,QATAR,Probability to receive funding,By technology,Other renewables,Early stage,2019,0,Percentage,2
QAT,QATAR,Probability to receive funding,By technology,Other renewables,Early stage,2020,0,Percentage,2
QAT,QATAR,Probability to receive funding,By technology,Other renewables,Early stage,2021,0,Percentage,2
QAT,QATAR,Probability to receive funding,By technology,Clean energy,Later stage,2021,0,Percentage,3
QAT,QATAR,Probability to receive funding,By technology,Electric mobility,Later stage,2020,0,Percentage,1
QAT,QATAR,Probability to receive funding,By technology,Electric mobility,Later stage,2021,0,Percentage,1
QAT,QATAR,Probability to receive funding,By technology,Energy efficiency,Later stage,2018,0,Percentage,1
QAT,QATAR,Probability to receive funding,By technology,Energy efficiency,Later stage,2019,0,Percentage,1
QAT,QATAR,Probability to receive funding,By technology,Energy efficiency,Later stage,2020,0,Percentage,1
QAT,QATAR,Probability to receive funding,By technology,Energy efficiency,Later stage,2021,0,Percentage,1
QAT,QATAR,Probability to receive funding,By technology,Fossil fuels,Later stage,2015,0,Percentage,3.5
QAT,QATAR,Probability to receive funding,By technology,Fossil fuels,Later stage,2016,0,Percentage,3.5
QAT,QATAR,Probability to receive funding,By technology,Fossil fuels,Later stage,2017,0,Percentage,4
QAT,QATAR,Probability to receive funding,By technology,Fossil fuels,Later stage,2018,0,Percentage,4
QAT,QATAR,Probability to receive funding,By technology,Fossil fuels,Later stage,2019,0,Percentage,4
QAT,QATAR,Probability to receive funding,By technology,Fossil fuels,Later stage,2020,0,Percentage,4
QAT,QATAR,Probability to receive funding,By technology,Fossil fuels,Later stage,2021,0,Percentage,4
QAT,QATAR,Probability to receive funding,By technology,Grid,Later stage,2015,0,Percentage,2
QAT,QATAR,Probability to receive funding,By technology,Grid,Later stage,2016,0,Percentage,2
QAT,QATAR,Probability to receive funding,By technology,Grid,Later stage,2017,0,Percentage,2
QAT,QATAR,Probability to receive funding,By technology,Grid,Later stage,2018,0,Percentage,2
QAT,QATAR,Probability to receive funding,By technology,Grid,Later stage,2019,0,Percentage,2
QAT,QATAR,Probability to receive funding,By technology,Grid,Later stage,2020,0,Percentage,2
QAT,QATAR,Probability to receive funding,By technology,Grid,Later stage,2021,0,Percentage,2
QAT,QATAR,Probability to receive funding,By technology,Non-clean energy,Later stage,2021,0,Percentage,11
QAT,QATAR,Probability to receive funding,By technology,Other energy,Later stage,2015,0,Percentage,2.5
QAT,QATAR,Probability to receive funding,By technology,Other energy,Later stage,2016,0,Percentage,2.5
QAT,QATAR,Probability to receive funding,By technology,Other energy,Later stage,2017,0,Percentage,3
QAT,QATAR,Probability to receive funding,By technology,Other energy,Later stage,2018,0,Percentage,3
QAT,QATAR,Probability to receive funding,By technology,Other energy,Later stage,2019,0,Percentage,3
QAT,QATAR,Probability to receive funding,By technology,Other energy,Later stage,2020,0,Percentage,3
QAT,QATAR,Probability to receive funding,By technology,Other energy,Later stage,2021,0,Percentage,3
QAT,QATAR,Probability to receive funding,By technology,Other renewables,Later stage,2015,0,Percentage,2
QAT,QATAR,Probability to receive funding,By technology,Other renewables,Later stage,2016,0,Percentage,2
QAT,QATAR,Probability to receive funding,By technology,Other renewables,Later stage,2017,0,Percentage,2
QAT,QATAR,Probability to receive funding,By technology,Other renewables,Later stage,2018,0,Percentage,2
QAT,QATAR,Probability to receive funding,By technology,Other renewables,Later stage,2019,0,Percentage,2
QAT,QATAR,Probability to receive funding,By technology,Other renewables,Later stage,2020,0,Percentage,2
QAT,QATAR,Probability to receive funding,By technology,Other renewables,Later stage,2021,0,Percentage,2
MDA,REPUBLIC OF MOLDOVA,Probability to receive funding,"By sector (energy, green, digital)",Energy,Early stage,2021,100,Percentage,2
MDA,REPUBLIC OF MOLDOVA,Fundings of start-ups,"By sector (energy, green, digital)",Energy,Early stage,2022,0.842465758,Years,2
MDA,REPUBLIC OF MOLDOVA,Probability to receive funding,"By sector (energy, green, digital)",Energy and digital,Early stage,2021,100,Percentage,1
MDA,REPUBLIC OF MOLDOVA,Fundings of start-ups,"By sector (energy, green, digital)",Energy and digital,Early stage,2022,1.09863019,Years,1
MDA,REPUBLIC OF MOLDOVA,Probability to receive funding,"By sector (energy, green, digital)",Energy and non-digital,Early stage,2021,100,Percentage,1
MDA,REPUBLIC OF MOLDOVA,Fundings of start-ups,"By sector (energy, green, digital)",Energy and non-digital,Early stage,2022,0.586301386,Years,1
MDA,REPUBLIC OF MOLDOVA,Fundings of start-ups,"By sector (energy, green, digital)",Non-energy,Early stage,2009,18434.89063,USD,1
MDA,REPUBLIC OF MOLDOVA,Fundings of start-ups,"By sector (energy, green, digital)",Non-energy,Early stage,2010,75326.75,USD,1
MDA,REPUBLIC OF MOLDOVA,Fundings of start-ups,"By sector (energy, green, digital)",Non-energy,Early stage,2015,1203.861938,USD,1
MDA,REPUBLIC OF MOLDOVA,Fundings of start-ups,"By sector (energy, green, digital)",Non-energy,Early stage,2018,68830.0625,USD,1
MDA,REPUBLIC OF MOLDOVA,Probability to receive funding,"By sector (energy, green, digital)",Non-energy,Early stage,2021,12.14953232,Percentage,107
MDA,REPUBLIC OF MOLDOVA,Fundings of start-ups,"By sector (energy, green, digital)",Non-energy,Early stage,2022,1.163540602,Years,107
MDA,REPUBLIC OF MOLDOVA,Probability to receive funding,"By sector (energy, green, digital)",Energy,Later stage,2021,0,Percentage,2
MDA,REPUBLIC OF MOLDOVA,Probability to receive funding,"By sector (energy, green, digital)",Energy and digital,Later stage,2021,0,Percentage,1
MDA,REPUBLIC OF MOLDOVA,Probability to receive funding,"By sector (energy, green, digital)",Energy and non-digital,Later stage,2021,0,Percentage,1
MDA,REPUBLIC OF MOLDOVA,Probability to receive funding,"By sector (energy, green, digital)",Non-energy,Later stage,2021,0,Percentage,107
MDA,REPUBLIC OF MOLDOVA,Probability to receive funding,By technology,Clean energy,Early stage,2021,100,Percentage,2
MDA,REPUBLIC OF MOLDOVA,Fundings of start-ups,By technology,Clean energy,Early stage,2022,0.842465758,Years,2
MDA,REPUBLIC OF MOLDOVA,Probability to receive funding,By technology,Energy efficiency,Early stage,2015,100,Percentage,0.5
MDA,REPUBLIC OF MOLDOVA,Probability to receive funding,By technology,Energy efficiency,Early stage,2016,100,Percentage,0.5
MDA,REPUBLIC OF MOLDOVA,Probability to receive funding,By technology,Energy efficiency,Early stage,2017,100,Percentage,0.5
MDA,REPUBLIC OF MOLDOVA,Probability to receive funding,By technology,Energy efficiency,Early stage,2018,100,Percentage,0.5
MDA,REPUBLIC OF MOLDOVA,Probability to receive funding,By technology,Energy efficiency,Early stage,2019,100,Percentage,0.5
MDA,REPUBLIC OF MOLDOVA,Probability to receive funding,By technology,Energy efficiency,Early stage,2020,100,Percentage,0.5
MDA,REPUBLIC OF MOLDOVA,Probability to receive funding,By technology,Energy efficiency,Early stage,2021,100,Percentage,0.5
MDA,REPUBLIC OF MOLDOVA,Probability to receive funding,By technology,Other renewables,Early stage,2019,100,Percentage,1
MDA,REPUBLIC OF MOLDOVA,Probability to receive funding,By technology,Other renewables,Early stage,2020,100,Percentage,1
MDA,REPUBLIC OF MOLDOVA,Probability to receive funding,By technology,Other renewables,Early stage,2021,100,Percentage,1
MDA,REPUBLIC OF MOLDOVA,Probability to receive funding,By technology,Solar,Early stage,2015,100,Percentage,0.5
MDA,REPUBLIC OF MOLDOVA,Probability to receive funding,By technology,Solar,Early stage,2016,100,Percentage,0.5
MDA,REPUBLIC OF MOLDOVA,Probability to receive funding,By technology,Solar,Early stage,2017,100,Percentage,0.5
MDA,REPUBLIC OF MOLDOVA,Probability to receive funding,By technology,Solar,Early stage,2018,100,Percentage,0.5
MDA,REPUBLIC OF MOLDOVA,Probability to receive funding,By technology,Solar,Early stage,2019,100,Percentage,0.5
MDA,REPUBLIC OF MOLDOVA,Probability to receive funding,By technology,Solar,Early stage,2020,100,Percentage,0.5
MDA,REPUBLIC OF MOLDOVA,Probability to receive funding,By technology,Solar,Early stage,2021,100,Percentage,0.5
MDA,REPUBLIC OF MOLDOVA,Probability to receive funding,By technology,Clean energy,Later stage,2021,0,Percentage,2
MDA,REPUBLIC OF MOLDOVA,Probability to receive funding,By technology,Energy efficiency,Later stage,2015,0,Percentage,0.5
MDA,REPUBLIC OF MOLDOVA,Probability to receive funding,By technology,Energy efficiency,Later stage,2016,0,Percentage,0.5
MDA,REPUBLIC OF MOLDOVA,Probability to receive funding,By technology,Energy efficiency,Later stage,2017,0,Percentage,0.5
MDA,REPUBLIC OF MOLDOVA,Probability to receive funding,By technology,Energy efficiency,Later stage,2018,0,Percentage,0.5
MDA,REPUBLIC OF MOLDOVA,Probability to receive funding,By technology,Energy efficiency,Later stage,2019,0,Percentage,0.5
MDA,REPUBLIC OF MOLDOVA,Probability to receive funding,By technology,Energy efficiency,Later stage,2020,0,Percentage,0.5
MDA,REPUBLIC OF MOLDOVA,Probability to receive funding,By technology,Energy efficiency,Later stage,2021,0,Percentage,0.5
MDA,REPUBLIC OF MOLDOVA,Probability to receive funding,By technology,Other renewables,Later stage,2019,0,Percentage,1
MDA,REPUBLIC OF MOLDOVA,Probability to receive funding,By technology,Other renewables,Later stage,2020,0,Percentage,1
MDA,REPUBLIC OF MOLDOVA,Probability to receive funding,By technology,Other renewables,Later stage,2021,0,Percentage,1
MDA,REPUBLIC OF MOLDOVA,Probability to receive funding,By technology,Solar,Later stage,2015,0,Percentage,0.5
MDA,REPUBLIC OF MOLDOVA,Probability to receive funding,By technology,Solar,Later stage,2016,0,Percentage,0.5
MDA,REPUBLIC OF MOLDOVA,Probability to receive funding,By technology,Solar,Later stage,2017,0,Percentage,0.5
MDA,REPUBLIC OF MOLDOVA,Probability to receive funding,By technology,Solar,Later stage,2018,0,Percentage,0.5
MDA,REPUBLIC OF MOLDOVA,Probability to receive funding,By technology,Solar,Later stage,2019,0,Percentage,0.5
MDA,REPUBLIC OF MOLDOVA,Probability to receive funding,By technology,Solar,Later stage,2020,0,Percentage,0.5
MDA,REPUBLIC OF MOLDOVA,Probability to receive funding,By technology,Solar,Later stage,2021,0,Percentage,0.5
MKD,Republic of North Macedonia,Probability to receive funding,"By sector (energy, green, digital)",Energy,Early stage,2021,100,Percentage,2
MKD,Republic of North Macedonia,Fundings of start-ups,"By sector (energy, green, digital)",Energy,Early stage,2022,3.713698626,Years,2
MKD,Republic of North Macedonia,Fundings of start-ups,"By sector (energy, green, digital)",Energy,Early stage,2022,5325647,USD,1
MKD,Republic of North Macedonia,Probability to receive funding,"By sector (energy, green, digital)",Energy and digital,Early stage,2021,100,Percentage,2
MKD,Republic of North Macedonia,Fundings of start-ups,"By sector (energy, green, digital)",Energy and digital,Early stage,2022,5325647,USD,1
MKD,Republic of North Macedonia,Fundings of start-ups,"By sector (energy, green, digital)",Energy and digital,Early stage,2022,3.713698626,Years,2
MKD,Republic of North Macedonia,Fundings of start-ups,"By sector (energy, green, digital)",Non-energy,Early stage,2013,105914.8516,USD,2
MKD,Republic of North Macedonia,Fundings of start-ups,"By sector (energy, green, digital)",Non-energy,Early stage,2015,753391.5625,USD,3
MKD,Republic of North Macedonia,Fundings of start-ups,"By sector (energy, green, digital)",Non-energy,Early stage,2017,2265957.5,USD,1
MKD,Republic of North Macedonia,Fundings of start-ups,"By sector (energy, green, digital)",Non-energy,Early stage,2018,110854.2969,USD,3
MKD,Republic of North Macedonia,Fundings of start-ups,"By sector (energy, green, digital)",Non-energy,Early stage,2019,432969.2188,USD,1
MKD,Republic of North Macedonia,Probability to receive funding,"By sector (energy, green, digital)",Non-energy,Early stage,2021,9.243697166,Percentage,119
MKD,Republic of North Macedonia,Fundings of start-ups,"By sector (energy, green, digital)",Non-energy,Early stage,2022,503531,USD,1
MKD,Republic of North Macedonia,Fundings of start-ups,"By sector (energy, green, digital)",Non-energy,Early stage,2022,2.204109669,Years,119
MKD,Republic of North Macedonia,Probability to receive funding,"By sector (energy, green, digital)",Energy,Later stage,2021,0,Percentage,2
MKD,Republic of North Macedonia,Probability to receive funding,"By sector (energy, green, digital)",Energy and digital,Later stage,2021,0,Percentage,2
MKD,Republic of North Macedonia,Probability to receive funding,"By sector (energy, green, digital)",Non-energy,Later stage,2021,0,Percentage,119
MKD,Republic of North Macedonia,Fundings of start-ups,By technology,Energy efficiency,all,2022,2662823.5,USD,0.5
MKD,Republic of North Macedonia,Fundings of start-ups,By technology,Other renewables,all,2022,2662823.5,USD,0.5
MKD,Republic of North Macedonia,Probability to receive funding,By technology,Clean energy,Early stage,2021,100,Percentage,1
MKD,Republic of North Macedonia,Fundings of start-ups,By technology,Clean energy,Early stage,2022,6.512328625,Years,1
MKD,Republic of North Macedonia,Fundings of start-ups,By technology,Clean energy,Early stage,2022,5325647,USD,1
MKD,Republic of North Macedonia,Probability to receive funding,By technology,Energy efficiency,Early stage,2015,100,Percentage,0.5
MKD,Republic of North Macedonia,Probability to receive funding,By technology,Energy efficiency,Early stage,2016,100,Percentage,0.5
MKD,Republic of North Macedonia,Probability to receive funding,By technology,Energy efficiency,Early stage,2017,100,Percentage,0.5
MKD,Republic of North Macedonia,Probability to receive funding,By technology,Energy efficiency,Early stage,2018,100,Percentage,1.5
MKD,Republic of North Macedonia,Probability to receive funding,By technology,Energy efficiency,Early stage,2019,100,Percentage,1.5
MKD,Republic of North Macedonia,Probability to receive funding,By technology,Energy efficiency,Early stage,2020,100,Percentage,1.5
MKD,Republic of North Macedonia,Probability to receive funding,By technology,Energy efficiency,Early stage,2021,100,Percentage,1.5
MKD,Republic of North Macedonia,Probability to receive funding,By technology,Non-clean energy,Early stage,2021,100,Percentage,1
MKD,Republic of North Macedonia,Fundings of start-ups,By technology,Non-clean energy,Early stage,2022,0.915068507,Years,1
MKD,Republic of North Macedonia,Probability to receive funding,By technology,Other renewables,Early stage,2015,100,Percentage,0.5
MKD,Republic of North Macedonia,Probability to receive funding,By technology,Other renewables,Early stage,2016,100,Percentage,0.5
MKD,Republic of North Macedonia,Probability to receive funding,By technology,Other renewables,Early stage,2017,100,Percentage,0.5
MKD,Republic of North Macedonia,Probability to receive funding,By technology,Other renewables,Early stage,2018,100,Percentage,0.5
MKD,Republic of North Macedonia,Probability to receive funding,By technology,Other renewables,Early stage,2019,100,Percentage,0.5
MKD,Republic of North Macedonia,Probability to receive funding,By technology,Other renewables,Early stage,2020,100,Percentage,0.5
MKD,Republic of North Macedonia,Probability to receive funding,By technology,Other renewables,Early stage,2021,100,Percentage,0.5
MKD,Republic of North Macedonia,Probability to receive funding,By technology,Clean energy,Later stage,2021,0,Percentage,1
MKD,Republic of North Macedonia,Probability to receive funding,By technology,Energy efficiency,Later stage,2015,0,Percentage,0.5
MKD,Republic of North Macedonia,Probability to receive funding,By technology,Energy efficiency,Later stage,2016,0,Percentage,0.5
MKD,Republic of North Macedonia,Probability to receive funding,By technology,Energy efficiency,Later stage,2017,0,Percentage,0.5
MKD,Republic of North Macedonia,Probability to receive funding,By technology,Energy efficiency,Later stage,2018,0,Percentage,1.5
MKD,Republic of North Macedonia,Probability to receive funding,By technology,Energy efficiency,Later stage,2019,0,Percentage,1.5
MKD,Republic of North Macedonia,Probability to receive funding,By technology,Energy efficiency,Later stage,2020,0,Percentage,1.5
MKD,Republic of North Macedonia,Probability to receive funding,By technology,Energy efficiency,Later stage,2021,0,Percentage,1.5
MKD,Republic of North Macedonia,Probability to receive funding,By technology,Non-clean energy,Later stage,2021,0,Percentage,1
MKD,Republic of North Macedonia,Probability to receive funding,By technology,Other renewables,Later stage,2015,0,Percentage,0.5
MKD,Republic of North Macedonia,Probability to receive funding,By technology,Other renewables,Later stage,2016,0,Percentage,0.5
MKD,Republic of North Macedonia,Probability to receive funding,By technology,Other renewables,Later stage,2017,0,Percentage,0.5
MKD,Republic of North Macedonia,Probability to receive funding,By technology,Other renewables,Later stage,2018,0,Percentage,0.5
MKD,Republic of North Macedonia,Probability to receive funding,By technology,Other renewables,Later stage,2019,0,Percentage,0.5
MKD,Republic of North Macedonia,Probability to receive funding,By technology,Other renewables,Later stage,2020,0,Percentage,0.5
MKD,Republic of North Macedonia,Probability to receive funding,By technology,Other renewables,Later stage,2021,0,Percentage,0.5
COG,REPUBLIC OF THE CONGO,Probability to receive funding,"By sector (energy, green, digital)",Non-energy,Early stage,2021,0,Percentage,8
COG,REPUBLIC OF THE CONGO,Probability to receive funding,"By sector (energy, green, digital)",Non-energy,Later stage,2021,0,Percentage,8
REU,REUNION,Probability to receive funding,"By sector (energy, green, digital)",Non-energy,Early stage,2021,40,Percentage,5
REU,REUNION,Fundings of start-ups,"By sector (energy, green, digital)",Non-energy,Early stage,2022,0.5,Years,5
REU,REUNION,Probability to receive funding,"By sector (energy, green, digital)",Non-energy,Later stage,2021,20,Percentage,5
REU,REUNION,Fundings of start-ups,"By sector (energy, green, digital)",Non-energy,Later stage,2022,0.024657534,Years,5
RUS,RUSSIAN FEDERATION,Fundings of start-ups,"By sector (energy, green, digital)",Energy,Early stage,2010,2550898.25,USD,1
RUS,RUSSIAN FEDERATION,Fundings of start-ups,"By sector (energy, green, digital)",Energy,Early stage,2013,119662.9219,USD,1
RUS,RUSSIAN FEDERATION,Fundings of start-ups,"By sector (energy, green, digital)",Energy,Early stage,2014,2353591.25,USD,1
RUS,RUSSIAN FEDERATION,Fundings of start-ups,"By sector (energy, green, digital)",Energy,Early stage,2015,1018315.313,USD,4
RUS,RUSSIAN FEDERATION,Fundings of start-ups,"By sector (energy, green, digital)",Energy,Early stage,2016,3588587,USD,3
RUS,RUSSIAN FEDERATION,Fundings of start-ups,"By sector (energy, green, digital)",Energy,Early stage,2017,402692.375,USD,3
RUS,RUSSIAN FEDERATION,Fundings of start-ups,"By sector (energy, green, digital)",Energy,Early stage,2018,602822.1875,USD,4
RUS,RUSSIAN FEDERATION,Fundings of start-ups,"By sector (energy, green, digital)",Energy,Early stage,2019,18594516,USD,5
RUS,RUSSIAN FEDERATION,Fundings of start-ups,"By sector (energy, green, digital)",Energy,Early stage,2020,6793495,USD,3
RUS,RUSSIAN FEDERATION,Probability to receive funding,"By sector (energy, green, digital)",Energy,Early stage,2021,15.68627453,Percentage,153
RUS,RUSSIAN FEDERATION,Fundings of start-ups,"By sector (energy, green, digital)",Energy,Early stage,2021,17441304,USD,3
RUS,RUSSIAN FEDERATION,Fundings of start-ups,"By sector (energy, green, digital)",Energy,Early stage,2022,3.417579889,Years,153
RUS,RUSSIAN FEDERATION,Fundings of start-ups,"By sector (energy, green, digital)",Energy and digital,Early stage,2010,2550898.25,USD,1
RUS,RUSSIAN FEDERATION,Fundings of start-ups,"By sector (energy, green, digital)",Energy and digital,Early stage,2015,547597.125,USD,3
RUS,RUSSIAN FEDERATION,Fundings of start-ups,"By sector (energy, green, digital)",Energy and digital,Early stage,2016,3588587,USD,3
RUS,RUSSIAN FEDERATION,Fundings of start-ups,"By sector (energy, green, digital)",Energy and digital,Early stage,2017,402692.375,USD,3
RUS,RUSSIAN FEDERATION,Fundings of start-ups,"By sector (energy, green, digital)",Energy and digital,Early stage,2018,602822.1875,USD,4
RUS,RUSSIAN FEDERATION,Fundings of start-ups,"By sector (energy, green, digital)",Energy and digital,Early stage,2019,7281122.5,USD,2
RUS,RUSSIAN FEDERATION,Fundings of start-ups,"By sector (energy, green, digital)",Energy and digital,Early stage,2020,4104101.25,USD,2
RUS,RUSSIAN FEDERATION,Fundings of start-ups,"By sector (energy, green, digital)",Energy and digital,Early stage,2021,7871739,USD,2
RUS,RUSSIAN FEDERATION,Probability to receive funding,"By sector (energy, green, digital)",Energy and digital,Early stage,2021,37.25490189,Percentage,51
RUS,RUSSIAN FEDERATION,Fundings of start-ups,"By sector (energy, green, digital)",Energy and digital,Early stage,2022,3.660562277,Years,51
RUS,RUSSIAN FEDERATION,Fundings of start-ups,"By sector (energy, green, digital)",Energy and non-digital,Early stage,2013,119662.9219,USD,1
RUS,RUSSIAN FEDERATION,Fundings of start-ups,"By sector (energy, green, digital)",Energy and non-digital,Early stage,2014,2353591.25,USD,1
RUS,RUSSIAN FEDERATION,Fundings of start-ups,"By sector (energy, green, digital)",Energy and non-digital,Early stage,2015,470718.2188,USD,1
RUS,RUSSIAN FEDERATION,Fundings of start-ups,"By sector (energy, green, digital)",Energy and non-digital,Early stage,2019,11313394,USD,3
RUS,RUSSIAN FEDERATION,Fundings of start-ups,"By sector (energy, green, digital)",Energy and non-digital,Early stage,2020,2689394,USD,1
RUS,RUSSIAN FEDERATION,Probability to receive funding,"By sector (energy, green, digital)",Energy and non-digital,Early stage,2021,4.90196085,Percentage,102
RUS,RUSSIAN FEDERATION,Fundings of start-ups,"By sector (energy, green, digital)",Energy and non-digital,Early stage,2021,9569565,USD,1
RUS,RUSSIAN FEDERATION,Fundings of start-ups,"By sector (energy, green, digital)",Energy and non-digital,Early stage,2022,2.494246483,Years,102
RUS,RUSSIAN FEDERATION,Fundings of start-ups,"By sector (energy, green, digital)",Non-energy,Early stage,2000,16943182,USD,3
RUS,RUSSIAN FEDERATION,Fundings of start-ups,"By sector (energy, green, digital)",Non-energy,Early stage,2006,6915584.5,USD,2
RUS,RUSSIAN FEDERATION,Fundings of start-ups,"By sector (energy, green, digital)",Non-energy,Early stage,2007,50345700,USD,5
RUS,RUSSIAN FEDERATION,Fundings of start-ups,"By sector (energy, green, digital)",Non-energy,Early stage,2008,45478728,USD,6
RUS,RUSSIAN FEDERATION,Fundings of start-ups,"By sector (energy, green, digital)",Non-energy,Early stage,2009,37924392,USD,7
RUS,RUSSIAN FEDERATION,Fundings of start-ups,"By sector (energy, green, digital)",Non-energy,Early stage,2010,98200776,USD,21
RUS,RUSSIAN FEDERATION,Fundings of start-ups,"By sector (energy, green, digital)",Non-energy,Early stage,2011,62674632,USD,35
RUS,RUSSIAN FEDERATION,Fundings of start-ups,"By sector (energy, green, digital)",Non-energy,Early stage,2012,334848096,USD,140
RUS,RUSSIAN FEDERATION,Fundings of start-ups,"By sector (energy, green, digital)",Non-energy,Early stage,2013,243067712,USD,152
RUS,RUSSIAN FEDERATION,Fundings of start-ups,"By sector (energy, green, digital)",Non-energy,Early stage,2014,118470688,USD,68
RUS,RUSSIAN FEDERATION,Fundings of start-ups,"By sector (energy, green, digital)",Non-energy,Early stage,2015,135125808,USD,60
RUS,RUSSIAN FEDERATION,Fundings of start-ups,"By sector (energy, green, digital)",Non-energy,Early stage,2016,80440256,USD,76
RUS,RUSSIAN FEDERATION,Fundings of start-ups,"By sector (energy, green, digital)",Non-energy,Early stage,2017,80825080,USD,74
RUS,RUSSIAN FEDERATION,Fundings of start-ups,"By sector (energy, green, digital)",Non-energy,Early stage,2018,189094672,USD,168
RUS,RUSSIAN FEDERATION,Fundings of start-ups,"By sector (energy, green, digital)",Non-energy,Early stage,2019,135623392,USD,99
RUS,RUSSIAN FEDERATION,Fundings of start-ups,"By sector (energy, green, digital)",Non-energy,Early stage,2020,84711544,USD,83
RUS,RUSSIAN FEDERATION,Fundings of start-ups,"By sector (energy, green, digital)",Non-energy,Early stage,2021,119058216,USD,68
RUS,RUSSIAN FEDERATION,Probability to receive funding,"By sector (energy, green, digital)",Non-energy,Early stage,2021,21.03259659,Percentage,4203
RUS,RUSSIAN FEDERATION,Fundings of start-ups,"By sector (energy, green, digital)",Non-energy,Early stage,2022,2.278328657,Years,4206
RUS,RUSSIAN FEDERATION,Fundings of start-ups,"By sector (energy, green, digital)",Non-energy,Early stage,2022,20230624,USD,7
RUS,RUSSIAN FEDERATION,Fundings of start-ups,"By sector (energy, green, digital)",Energy,Later stage,2017,1699468.125,USD,1
RUS,RUSSIAN FEDERATION,Fundings of start-ups,"By sector (energy, green, digital)",Energy,Later stage,2020,1721212.125,USD,1
RUS,RUSSIAN FEDERATION,Probability to receive funding,"By sector (energy, green, digital)",Energy,Later stage,2021,4.575163364,Percentage,153
RUS,RUSSIAN FEDERATION,Fundings of start-ups,"By sector (energy, green, digital)",Energy,Later stage,2022,3.461839437,Years,153
RUS,RUSSIAN FEDERATION,Fundings of start-ups,"By sector (energy, green, digital)",Energy and digital,Later stage,2017,1699468.125,USD,1
RUS,RUSSIAN FEDERATION,Fundings of start-ups,"By sector (energy, green, digital)",Energy and digital,Later stage,2020,1721212.125,USD,1
RUS,RUSSIAN FEDERATION,Probability to receive funding,"By sector (energy, green, digital)",Energy and digital,Later stage,2021,7.843137264,Percentage,51
RUS,RUSSIAN FEDERATION,Fundings of start-ups,"By sector (energy, green, digital)",Energy and digital,Later stage,2022,2.78287673,Years,51
RUS,RUSSIAN FEDERATION,Probability to receive funding,"By sector (energy, green, digital)",Energy and non-digital,Later stage,2021,2.941176414,Percentage,102
RUS,RUSSIAN FEDERATION,Fundings of start-ups,"By sector (energy, green, digital)",Energy and non-digital,Later stage,2022,4.367123127,Years,102
RUS,RUSSIAN FEDERATION,Fundings of start-ups,"By sector (energy, green, digital)",Non-energy,Later stage,2009,17533536,USD,2
RUS,RUSSIAN FEDERATION,Fundings of start-ups,"By sector (energy, green, digital)",Non-energy,Later stage,2010,1275449.125,USD,1
RUS,RUSSIAN FEDERATION,Fundings of start-ups,"By sector (energy, green, digital)",Non-energy,Later stage,2011,213000000,USD,4
RUS,RUSSIAN FEDERATION,Fundings of start-ups,"By sector (energy, green, digital)",Non-energy,Later stage,2012,258504544,USD,6
RUS,RUSSIAN FEDERATION,Fundings of start-ups,"By sector (energy, green, digital)",Non-energy,Later stage,2013,92583200,USD,9
RUS,RUSSIAN FEDERATION,Fundings of start-ups,"By sector (energy, green, digital)",Non-energy,Later stage,2014,283998912,USD,10
RUS,RUSSIAN FEDERATION,Fundings of start-ups,"By sector (energy, green, digital)",Non-energy,Later stage,2015,45894836,USD,7
RUS,RUSSIAN FEDERATION,Fundings of start-ups,"By sector (energy, green, digital)",Non-energy,Later stage,2016,15342830,USD,4
RUS,RUSSIAN FEDERATION,Fundings of start-ups,"By sector (energy, green, digital)",Non-energy,Later stage,2017,28787290,USD,8
RUS,RUSSIAN FEDERATION,Fundings of start-ups,"By sector (energy, green, digital)",Non-energy,Later stage,2018,127568392,USD,5
RUS,RUSSIAN FEDERATION,Fundings of start-ups,"By sector (energy, green, digital)",Non-energy,Later stage,2019,51587296,USD,3
RUS,RUSSIAN FEDERATION,Fundings of start-ups,"By sector (energy, green, digital)",Non-energy,Later stage,2020,179362800,USD,6
RUS,RUSSIAN FEDERATION,Fundings of start-ups,"By sector (energy, green, digital)",Non-energy,Later stage,2021,303679168,USD,8
RUS,RUSSIAN FEDERATION,Probability to receive funding,"By sector (energy, green, digital)",Non-energy,Later stage,2021,2.950273514,Percentage,4203
RUS,RUSSIAN FEDERATION,Fundings of start-ups,"By sector (energy, green, digital)",Non-energy,Later stage,2022,45656416,USD,4
RUS,RUSSIAN FEDERATION,Fundings of start-ups,"By sector (energy, green, digital)",Non-energy,Later stage,2022,4.101303101,Years,4206
RUS,RUSSIAN FEDERATION,Fundings of start-ups,By technology,Electric mobility,all,2017,40184.48828,USD,1
RUS,RUSSIAN FEDERATION,Fundings of start-ups,By technology,Energy efficiency,all,2015,86298.34375,USD,0.333333343
RUS,RUSSIAN FEDERATION,Fundings of start-ups,By technology,Energy efficiency,all,2016,1003260.875,USD,1.333333373
RUS,RUSSIAN FEDERATION,Fundings of start-ups,By technology,Energy efficiency,all,2017,271892.2188,USD,1.5
RUS,RUSSIAN FEDERATION,Fundings of start-ups,By technology,Energy efficiency,all,2018,166406.25,USD,1
RUS,RUSSIAN FEDERATION,Fundings of start-ups,By technology,Energy efficiency,all,2019,1847449,USD,1
RUS,RUSSIAN FEDERATION,Fundings of start-ups,By technology,Energy efficiency,all,2020,3630768,USD,1
RUS,RUSSIAN FEDERATION,Fundings of start-ups,By technology,Fossil fuels,all,2013,59831.46094,USD,0.5
RUS,RUSSIAN FEDERATION,Fundings of start-ups,By technology,Fossil fuels,all,2014,588397.8125,USD,0.25
RUS,RUSSIAN FEDERATION,Fundings of start-ups,By technology,Fossil fuels,all,2015,321657.4688,USD,0.833333313
RUS,RUSSIAN FEDERATION,Fundings of start-ups,By technology,Fossil fuels,all,2016,1292663,USD,0.833333313
RUS,RUSSIAN FEDERATION,Fundings of start-ups,By technology,Fossil fuels,all,2017,849734.0625,USD,0.5
RUS,RUSSIAN FEDERATION,Fundings of start-ups,By technology,Fossil fuels,all,2018,360546.875,USD,1.5
RUS,RUSSIAN FEDERATION,Fundings of start-ups,By technology,Fossil fuels,all,2019,13459695,USD,2.5
RUS,RUSSIAN FEDERATION,Fundings of start-ups,By technology,Fossil fuels,all,2020,860606.0625,USD,0.5
RUS,RUSSIAN FEDERATION,Fundings of start-ups,By technology,Fossil fuels,all,2021,8720652,USD,1.5
RUS,RUSSIAN FEDERATION,Fundings of start-ups,By technology,Hydrogen and fuel cells,all,2014,588397.8125,USD,0.25
RUS,RUSSIAN FEDERATION,Fundings of start-ups,By technology,Other energy,all,2010,2550898.25,USD,1
RUS,RUSSIAN FEDERATION,Fundings of start-ups,By technology,Other energy,all,2013,59831.46094,USD,0.5
RUS,RUSSIAN FEDERATION,Fundings of start-ups,By technology,Other energy,all,2014,588397.8125,USD,0.25
RUS,RUSSIAN FEDERATION,Fundings of start-ups,By technology,Other energy,all,2015,524061.1875,USD,2.5
RUS,RUSSIAN FEDERATION,Fundings of start-ups,By technology,Other energy,all,2016,520923.9063,USD,0.5
RUS,RUSSIAN FEDERATION,Fundings of start-ups,By technology,Other energy,all,2017,940349.6875,USD,1
RUS,RUSSIAN FEDERATION,Fundings of start-ups,By technology,Other energy,all,2018,75869.04688,USD,1.5
RUS,RUSSIAN FEDERATION,Fundings of start-ups,By technology,Other energy,all,2019,3287372.5,USD,1.5
RUS,RUSSIAN FEDERATION,Fundings of start-ups,By technology,Other energy,all,2020,4023333.25,USD,2.5
RUS,RUSSIAN FEDERATION,Fundings of start-ups,By technology,Other energy,all,2021,8720652,USD,1.5
RUS,RUSSIAN FEDERATION,Fundings of start-ups,By technology,Other renewables,all,2014,588397.8125,USD,0.25
RUS,RUSSIAN FEDERATION,Fundings of start-ups,By technology,Other renewables,all,2015,86298.34375,USD,0.333333343
RUS,RUSSIAN FEDERATION,Fundings of start-ups,By technology,Other renewables,all,2016,771739.125,USD,0.333333343
RUS,RUSSIAN FEDERATION,Fundings of start-ups,By technology,Clean energy,Early stage,2014,2353591.25,USD,1
RUS,RUSSIAN FEDERATION,Fundings of start-ups,By technology,Clean energy,Early stage,2015,258895.0313,USD,1
RUS,RUSSIAN FEDERATION,Fundings of start-ups,By technology,Clean energy,Early stage,2016,2546739.25,USD,2
RUS,RUSSIAN FEDERATION,Fundings of start-ups,By technology,Clean energy,Early stage,2017,402692.375,USD,3
RUS,RUSSIAN FEDERATION,Fundings of start-ups,By technology,Clean energy,Early stage,2018,166406.25,USD,1
RUS,RUSSIAN FEDERATION,Fundings of start-ups,By technology,Clean energy,Early stage,2019,1847449,USD,1
RUS,RUSSIAN FEDERATION,Probability to receive funding,By technology,Clean energy,Early stage,2021,24.32432365,Percentage,37
RUS,RUSSIAN FEDERATION,Fundings of start-ups,By technology,Clean energy,Early stage,2022,2.765296698,Years,37
RUS,RUSSIAN FEDERATION,Probability to receive funding,By technology,Electric mobility,Early stage,2015,22.22222137,Percentage,4.5
RUS,RUSSIAN FEDERATION,Probability to receive funding,By technology,Electric mobility,Early stage,2016,22.22222137,Percentage,4.5
RUS,RUSSIAN FEDERATION,Probability to receive funding,By technology,Electric mobility,Early stage,2017,22.22222137,Percentage,4.5
RUS,RUSSIAN FEDERATION,Probability to receive funding,By technology,Electric mobility,Early stage,2018,22.22222137,Percentage,4.5
RUS,RUSSIAN FEDERATION,Probability to receive funding,By technology,Electric mobility,Early stage,2019,22.22222137,Percentage,4.5
RUS,RUSSIAN FEDERATION,Probability to receive funding,By technology,Electric mobility,Early stage,2020,22.22222137,Percentage,4.5
RUS,RUSSIAN FEDERATION,Probability to receive funding,By technology,Electric mobility,Early stage,2021,27.58620644,Percentage,4.833333492
RUS,RUSSIAN FEDERATION,Probability to receive funding,By technology,Energy efficiency,Early stage,2015,23.0088501,Percentage,18.83333397
RUS,RUSSIAN FEDERATION,Probability to receive funding,By technology,Energy efficiency,Early stage,2016,23.88059616,Percentage,22.33333397
RUS,RUSSIAN FEDERATION,Probability to receive funding,By technology,Energy efficiency,Early stage,2017,23.48993301,Percentage,24.83333397
RUS,RUSSIAN FEDERATION,Probability to receive funding,By technology,Energy efficiency,Early stage,2018,22.29299355,Percentage,26.16666603
RUS,RUSSIAN FEDERATION,Probability to receive funding,By technology,Energy efficiency,Early stage,2019,20.71006012,Percentage,28.16666603
RUS,RUSSIAN FEDERATION,Probability to receive funding,By technology,Energy efficiency,Early stage,2020,20.71006012,Percentage,28.16666603
RUS,RUSSIAN FEDERATION,Probability to receive funding,By technology,Energy efficiency,Early stage,2021,20.71006012,Percentage,28.16666603
RUS,RUSSIAN FEDERATION,Fundings of start-ups,By technology,Energy efficiency,Early stage,2022,5.027318954,Years,28.16666603
RUS,RUSSIAN FEDERATION,Probability to receive funding,By technology,Energy storage and batteries,Early stage,2015,0,Percentage,3.833333254
RUS,RUSSIAN FEDERATION,Probability to receive funding,By technology,Energy storage and batteries,Early stage,2016,0,Percentage,3.833333254
RUS,RUSSIAN FEDERATION,Probability to receive funding,By technology,Energy storage and batteries,Early stage,2017,0,Percentage,3.833333254
RUS,RUSSIAN FEDERATION,Probability to receive funding,By technology,Energy storage and batteries,Early stage,2018,0,Percentage,3.833333254
RUS,RUSSIAN FEDERATION,Probability to receive funding,By technology,Energy storage and batteries,Early stage,2019,0,Percentage,3.833333254
RUS,RUSSIAN FEDERATION,Probability to receive funding,By technology,Energy storage and batteries,Early stage,2020,0,Percentage,3.833333254
RUS,RUSSIAN FEDERATION,Probability to receive funding,By technology,Energy storage and batteries,Early stage,2021,8,Percentage,4.166666508
RUS,RUSSIAN FEDERATION,Probability to receive funding,By technology,Fossil fuels,Early stage,2015,15.63421822,Percentage,28.25
RUS,RUSSIAN FEDERATION,Probability to receive funding,By technology,Fossil fuels,Early stage,2016,16.52661133,Percentage,29.75
RUS,RUSSIAN FEDERATION,Probability to receive funding,By technology,Fossil fuels,Early stage,2017,19.24119186,Percentage,30.75
RUS,RUSSIAN FEDERATION,Probability to receive funding,By technology,Fossil fuels,Early stage,2018,19.24119186,Percentage,30.75
RUS,RUSSIAN FEDERATION,Probability to receive funding,By technology,Fossil fuels,Early stage,2019,19.24119186,Percentage,30.75
RUS,RUSSIAN FEDERATION,Probability to receive funding,By technology,Fossil fuels,Early stage,2020,19.24119186,Percentage,30.75
RUS,RUSSIAN FEDERATION,Probability to receive funding,By technology,Fossil fuels,Early stage,2021,19.24119186,Percentage,30.75
RUS,RUSSIAN FEDERATION,Fundings of start-ups,By technology,Fossil fuels,Early stage,2022,3.559830189,Years,30.75
RUS,RUSSIAN FEDERATION,Probability to receive funding,By technology,Grid,Early stage,2015,0,Percentage,25.25
RUS,RUSSIAN FEDERATION,Probability to receive funding,By technology,Grid,Early stage,2016,0,Percentage,26.75
RUS,RUSSIAN FEDERATION,Probability to receive funding,By technology,Grid,Early stage,2017,0,Percentage,27.08333397
RUS,RUSSIAN FEDERATION,Probability to receive funding,By technology,Grid,Early stage,2018,0,Percentage,27.75
RUS,RUSSIAN FEDERATION,Probability to receive funding,By technology,Grid,Early stage,2019,0,Percentage,27.75
RUS,RUSSIAN FEDERATION,Probability to receive funding,By technology,Grid,Early stage,2020,0,Percentage,27.75
RUS,RUSSIAN FEDERATION,Probability to receive funding,By technology,Grid,Early stage,2021,1.18694365,Percentage,28.08333397
RUS,RUSSIAN FEDERATION,Probability to receive funding,By technology,Hydrogen and fuel cells,Early stage,2015,27.27272797,Percentage,0.916666687
RUS,RUSSIAN FEDERATION,Probability to receive funding,By technology,Hydrogen and fuel cells,Early stage,2016,27.27272797,Percentage,0.916666687
RUS,RUSSIAN FEDERATION,Probability to receive funding,By technology,Hydrogen and fuel cells,Early stage,2017,27.27272797,Percentage,0.916666687
RUS,RUSSIAN FEDERATION,Probability to receive funding,By technology,Hydrogen and fuel cells,Early stage,2018,27.27272797,Percentage,0.916666687
RUS,RUSSIAN FEDERATION,Probability to receive funding,By technology,Hydrogen and fuel cells,Early stage,2019,27.27272797,Percentage,0.916666687
RUS,RUSSIAN FEDERATION,Probability to receive funding,By technology,Hydrogen and fuel cells,Early stage,2020,27.27272797,Percentage,0.916666687
RUS,RUSSIAN FEDERATION,Probability to receive funding,By technology,Hydrogen and fuel cells,Early stage,2021,27.27272797,Percentage,0.916666687
RUS,RUSSIAN FEDERATION,Fundings of start-ups,By technology,Non-clean energy,Early stage,2010,2550898.25,USD,1
RUS,RUSSIAN FEDERATION,Fundings of start-ups,By technology,Non-clean energy,Early stage,2013,119662.9219,USD,1
RUS,RUSSIAN FEDERATION,Fundings of start-ups,By technology,Non-clean energy,Early stage,2015,759420.3125,USD,3
RUS,RUSSIAN FEDERATION,Fundings of start-ups,By technology,Non-clean energy,Early stage,2016,1041847.813,USD,1
RUS,RUSSIAN FEDERATION,Fundings of start-ups,By technology,Non-clean energy,Early stage,2018,436415.9375,USD,3
RUS,RUSSIAN FEDERATION,Fundings of start-ups,By technology,Non-clean energy,Early stage,2019,16747067,USD,4
RUS,RUSSIAN FEDERATION,Fundings of start-ups,By technology,Non-clean energy,Early stage,2020,6793495,USD,3
RUS,RUSSIAN FEDERATION,Fundings of start-ups,By technology,Non-clean energy,Early stage,2021,17441304,USD,3
RUS,RUSSIAN FEDERATION,Probability to receive funding,By technology,Non-clean energy,Early stage,2021,12.93103409,Percentage,116
RUS,RUSSIAN FEDERATION,Fundings of start-ups,By technology,Non-clean energy,Early stage,2022,3.808949709,Years,116
RUS,RUSSIAN FEDERATION,Probability to receive funding,By technology,Nuclear,Early stage,2015,0,Percentage,4.416666508
RUS,RUSSIAN FEDERATION,Probability to receive funding,By technology,Nuclear,Early stage,2016,0,Percentage,4.416666508
RUS,RUSSIAN FEDERATION,Probability to receive funding,By technology,Nuclear,Early stage,2017,0,Percentage,4.416666508
RUS,RUSSIAN FEDERATION,Probability to receive funding,By technology,Nuclear,Early stage,2018,0,Percentage,4.75
RUS,RUSSIAN FEDERATION,Probability to receive funding,By technology,Nuclear,Early stage,2019,0,Percentage,4.75
RUS,RUSSIAN FEDERATION,Probability to receive funding,By technology,Nuclear,Early stage,2020,0,Percentage,4.75
RUS,RUSSIAN FEDERATION,Probability to receive funding,By technology,Nuclear,Early stage,2021,0,Percentage,4.75
RUS,RUSSIAN FEDERATION,Probability to receive funding,By technology,Other energy,Early stage,2015,15.40404034,Percentage,33
RUS,RUSSIAN FEDERATION,Probability to receive funding,By technology,Other energy,Early stage,2016,16.42156792,Percentage,34
RUS,RUSSIAN FEDERATION,Probability to receive funding,By technology,Other energy,Early stage,2017,19.67592621,Percentage,36
RUS,RUSSIAN FEDERATION,Probability to receive funding,By technology,Other energy,Early stage,2018,23.49137878,Percentage,38.66666794
RUS,RUSSIAN FEDERATION,Probability to receive funding,By technology,Other energy,Early stage,2019,23.49137878,Percentage,38.66666794
RUS,RUSSIAN FEDERATION,Probability to receive funding,By technology,Other energy,Early stage,2020,22.89916039,Percentage,39.66666794
RUS,RUSSIAN FEDERATION,Probability to receive funding,By technology,Other energy,Early stage,2021,22.89916039,Percentage,39.66666794
RUS,RUSSIAN FEDERATION,Fundings of start-ups,By technology,Other energy,Early stage,2022,2.944049358,Years,39.66666794
RUS,RUSSIAN FEDERATION,Probability to receive funding,By technology,Other renewables,Early stage,2015,15.27777767,Percentage,6
RUS,RUSSIAN FEDERATION,Probability to receive funding,By technology,Other renewables,Early stage,2016,15.27777767,Percentage,6
RUS,RUSSIAN FEDERATION,Probability to receive funding,By technology,Other renewables,Early stage,2017,12.79069805,Percentage,7.166666508
RUS,RUSSIAN FEDERATION,Probability to receive funding,By technology,Other renewables,Early stage,2018,12.79069805,Percentage,7.166666508
RUS,RUSSIAN FEDERATION,Probability to receive funding,By technology,Other renewables,Early stage,2019,12.79069805,Percentage,7.166666508
RUS,RUSSIAN FEDERATION,Probability to receive funding,By technology,Other renewables,Early stage,2020,12.79069805,Percentage,7.166666508
RUS,RUSSIAN FEDERATION,Probability to receive funding,By technology,Other renewables,Early stage,2021,12.79069805,Percentage,7.166666508
RUS,RUSSIAN FEDERATION,Fundings of start-ups,By technology,Other renewables,Early stage,2022,2.907347441,Years,7.166666508
RUS,RUSSIAN FEDERATION,Probability to receive funding,By technology,Solar,Early stage,2015,0,Percentage,2
RUS,RUSSIAN FEDERATION,Probability to receive funding,By technology,Solar,Early stage,2016,0,Percentage,2.5
RUS,RUSSIAN FEDERATION,Probability to receive funding,By technology,Solar,Early stage,2017,0,Percentage,2.5
RUS,RUSSIAN FEDERATION,Probability to receive funding,By technology,Solar,Early stage,2018,0,Percentage,2.5
RUS,RUSSIAN FEDERATION,Probability to receive funding,By technology,Solar,Early stage,2019,0,Percentage,2.5
RUS,RUSSIAN FEDERATION,Probability to receive funding,By technology,Solar,Early stage,2020,0,Percentage,2.5
RUS,RUSSIAN FEDERATION,Probability to receive funding,By technology,Solar,Early stage,2021,0,Percentage,2.5
RUS,RUSSIAN FEDERATION,Probability to receive funding,By technology,Clean energy,Later stage,2021,2.702702761,Percentage,37
RUS,RUSSIAN FEDERATION,Fundings of start-ups,By technology,Clean energy,Later stage,2022,1.8904109,Years,37
RUS,RUSSIAN FEDERATION,Probability to receive funding,By technology,Electric mobility,Later stage,2015,0,Percentage,4.5
RUS,RUSSIAN FEDERATION,Probability to receive funding,By technology,Electric mobility,Later stage,2016,0,Percentage,4.5
RUS,RUSSIAN FEDERATION,Probability to receive funding,By technology,Electric mobility,Later stage,2017,0,Percentage,4.5
RUS,RUSSIAN FEDERATION,Probability to receive funding,By technology,Electric mobility,Later stage,2018,0,Percentage,4.5
RUS,RUSSIAN FEDERATION,Probability to receive funding,By technology,Electric mobility,Later stage,2019,0,Percentage,4.5
RUS,RUSSIAN FEDERATION,Probability to receive funding,By technology,Electric mobility,Later stage,2020,0,Percentage,4.5
RUS,RUSSIAN FEDERATION,Probability to receive funding,By technology,Electric mobility,Later stage,2021,0,Percentage,4.833333492
RUS,RUSSIAN FEDERATION,Probability to receive funding,By technology,Energy efficiency,Later stage,2015,1.769911528,Percentage,18.83333397
RUS,RUSSIAN FEDERATION,Probability to receive funding,By technology,Energy efficiency,Later stage,2016,1.49253726,Percentage,22.33333397
RUS,RUSSIAN FEDERATION,Probability to receive funding,By technology,Energy efficiency,Later stage,2017,1.342281938,Percentage,24.83333397
RUS,RUSSIAN FEDERATION,Probability to receive funding,By technology,Energy efficiency,Later stage,2018,1.273885369,Percentage,26.16666603
RUS,RUSSIAN FEDERATION,Probability to receive funding,By technology,Energy efficiency,Later stage,2019,4.733727932,Percentage,28.16666603
RUS,RUSSIAN FEDERATION,Probability to receive funding,By technology,Energy efficiency,Later stage,2020,4.733727932,Percentage,28.16666603
RUS,RUSSIAN FEDERATION,Probability to receive funding,By technology,Energy efficiency,Later stage,2021,4.733727932,Percentage,28.16666603
RUS,RUSSIAN FEDERATION,Fundings of start-ups,By technology,Energy efficiency,Later stage,2022,1.678767085,Years,28.16666603
RUS,RUSSIAN FEDERATION,Probability to receive funding,By technology,Energy storage and batteries,Later stage,2015,0,Percentage,3.833333254
RUS,RUSSIAN FEDERATION,Probability to receive funding,By technology,Energy storage and batteries,Later stage,2016,0,Percentage,3.833333254
RUS,RUSSIAN FEDERATION,Probability to receive funding,By technology,Energy storage and batteries,Later stage,2017,0,Percentage,3.833333254
RUS,RUSSIAN FEDERATION,Probability to receive funding,By technology,Energy storage and batteries,Later stage,2018,0,Percentage,3.833333254
RUS,RUSSIAN FEDERATION,Probability to receive funding,By technology,Energy storage and batteries,Later stage,2019,0,Percentage,3.833333254
RUS,RUSSIAN FEDERATION,Probability to receive funding,By technology,Energy storage and batteries,Later stage,2020,0,Percentage,3.833333254
RUS,RUSSIAN FEDERATION,Probability to receive funding,By technology,Energy storage and batteries,Later stage,2021,0,Percentage,4.166666508
RUS,RUSSIAN FEDERATION,Probability to receive funding,By technology,Fossil fuels,Later stage,2015,2.949852467,Percentage,28.25
RUS,RUSSIAN FEDERATION,Probability to receive funding,By technology,Fossil fuels,Later stage,2016,2.80112052,Percentage,29.75
RUS,RUSSIAN FEDERATION,Probability to receive funding,By technology,Fossil fuels,Later stage,2017,4.336043358,Percentage,30.75
RUS,RUSSIAN FEDERATION,Probability to receive funding,By technology,Fossil fuels,Later stage,2018,4.336043358,Percentage,30.75
RUS,RUSSIAN FEDERATION,Probability to receive funding,By technology,Fossil fuels,Later stage,2019,4.336043358,Percentage,30.75
RUS,RUSSIAN FEDERATION,Probability to receive funding,By technology,Fossil fuels,Later stage,2020,4.336043358,Percentage,30.75
RUS,RUSSIAN FEDERATION,Probability to receive funding,By technology,Fossil fuels,Later stage,2021,4.336043358,Percentage,30.75
RUS,RUSSIAN FEDERATION,Fundings of start-ups,By technology,Fossil fuels,Later stage,2022,3.334931612,Years,30.75
RUS,RUSSIAN FEDERATION,Probability to receive funding,By technology,Grid,Later stage,2015,0,Percentage,25.25
RUS,RUSSIAN FEDERATION,Probability to receive funding,By technology,Grid,Later stage,2016,0,Percentage,26.75
RUS,RUSSIAN FEDERATION,Probability to receive funding,By technology,Grid,Later stage,2017,0,Percentage,27.08333397
RUS,RUSSIAN FEDERATION,Probability to receive funding,By technology,Grid,Later stage,2018,0,Percentage,27.75
RUS,RUSSIAN FEDERATION,Probability to receive funding,By technology,Grid,Later stage,2019,0,Percentage,27.75
RUS,RUSSIAN FEDERATION,Probability to receive funding,By technology,Grid,Later stage,2020,0,Percentage,27.75
RUS,RUSSIAN FEDERATION,Probability to receive funding,By technology,Grid,Later stage,2021,0,Percentage,28.08333397
RUS,RUSSIAN FEDERATION,Probability to receive funding,By technology,Hydrogen and fuel cells,Later stage,2015,0,Percentage,0.916666687
RUS,RUSSIAN FEDERATION,Probability to receive funding,By technology,Hydrogen and fuel cells,Later stage,2016,0,Percentage,0.916666687
RUS,RUSSIAN FEDERATION,Probability to receive funding,By technology,Hydrogen and fuel cells,Later stage,2017,0,Percentage,0.916666687
RUS,RUSSIAN FEDERATION,Probability to receive funding,By technology,Hydrogen and fuel cells,Later stage,2018,0,Percentage,0.916666687
RUS,RUSSIAN FEDERATION,Probability to receive funding,By technology,Hydrogen and fuel cells,Later stage,2019,0,Percentage,0.916666687
RUS,RUSSIAN FEDERATION,Probability to receive funding,By technology,Hydrogen and fuel cells,Later stage,2020,0,Percentage,0.916666687
RUS,RUSSIAN FEDERATION,Probability to receive funding,By technology,Hydrogen and fuel cells,Later stage,2021,0,Percentage,0.916666687
RUS,RUSSIAN FEDERATION,Fundings of start-ups,By technology,Non-clean energy,Later stage,2017,1699468.125,USD,1
RUS,RUSSIAN FEDERATION,Fundings of start-ups,By technology,Non-clean energy,Later stage,2020,1721212.125,USD,1
RUS,RUSSIAN FEDERATION,Probability to receive funding,By technology,Non-clean energy,Later stage,2021,5.172413826,Percentage,116
RUS,RUSSIAN FEDERATION,Fundings of start-ups,By technology,Non-clean energy,Later stage,2022,3.723744392,Years,116
RUS,RUSSIAN FEDERATION,Probability to receive funding,By technology,Nuclear,Later stage,2015,0,Percentage,4.416666508
RUS,RUSSIAN FEDERATION,Probability to receive funding,By technology,Nuclear,Later stage,2016,0,Percentage,4.416666508
RUS,RUSSIAN FEDERATION,Probability to receive funding,By technology,Nuclear,Later stage,2017,0,Percentage,4.416666508
RUS,RUSSIAN FEDERATION,Probability to receive funding,By technology,Nuclear,Later stage,2018,0,Percentage,4.75
RUS,RUSSIAN FEDERATION,Probability to receive funding,By technology,Nuclear,Later stage,2019,0,Percentage,4.75
RUS,RUSSIAN FEDERATION,Probability to receive funding,By technology,Nuclear,Later stage,2020,0,Percentage,4.75
RUS,RUSSIAN FEDERATION,Probability to receive funding,By technology,Nuclear,Later stage,2021,0,Percentage,4.75
RUS,RUSSIAN FEDERATION,Probability to receive funding,By technology,Other energy,Later stage,2015,9.090909004,Percentage,33
RUS,RUSSIAN FEDERATION,Probability to receive funding,By technology,Other energy,Later stage,2016,8.823529243,Percentage,34
RUS,RUSSIAN FEDERATION,Probability to receive funding,By technology,Other energy,Later stage,2017,9.722222328,Percentage,36
RUS,RUSSIAN FEDERATION,Probability to receive funding,By technology,Other energy,Later stage,2018,9.051724434,Percentage,38.66666794
RUS,RUSSIAN FEDERATION,Probability to receive funding,By technology,Other energy,Later stage,2019,9.051724434,Percentage,38.66666794
RUS,RUSSIAN FEDERATION,Probability to receive funding,By technology,Other energy,Later stage,2020,8.823529243,Percentage,39.66666794
RUS,RUSSIAN FEDERATION,Probability to receive funding,By technology,Other energy,Later stage,2021,8.823529243,Percentage,39.66666794
RUS,RUSSIAN FEDERATION,Fundings of start-ups,By technology,Other energy,Later stage,2022,4.464970589,Years,39.66666794
RUS,RUSSIAN FEDERATION,Probability to receive funding,By technology,Other renewables,Later stage,2015,5.555555344,Percentage,6
RUS,RUSSIAN FEDERATION,Probability to receive funding,By technology,Other renewables,Later stage,2016,5.555555344,Percentage,6
RUS,RUSSIAN FEDERATION,Probability to receive funding,By technology,Other renewables,Later stage,2017,4.651162624,Percentage,7.166666508
RUS,RUSSIAN FEDERATION,Probability to receive funding,By technology,Other renewables,Later stage,2018,4.651162624,Percentage,7.166666508
RUS,RUSSIAN FEDERATION,Probability to receive funding,By technology,Other renewables,Later stage,2019,4.651162624,Percentage,7.166666508
RUS,RUSSIAN FEDERATION,Probability to receive funding,By technology,Other renewables,Later stage,2020,4.651162624,Percentage,7.166666508
RUS,RUSSIAN FEDERATION,Probability to receive funding,By technology,Other renewables,Later stage,2021,4.651162624,Percentage,7.166666508
RUS,RUSSIAN FEDERATION,Fundings of start-ups,By technology,Other renewables,Later stage,2022,1.8904109,Years,7.166666508
RUS,RUSSIAN FEDERATION,Probability to receive funding,By technology,Solar,Later stage,2015,25,Percentage,2
RUS,RUSSIAN FEDERATION,Probability to receive funding,By technology,Solar,Later stage,2016,20,Percentage,2.5
RUS,RUSSIAN FEDERATION,Probability to receive funding,By technology,Solar,Later stage,2017,20,Percentage,2.5
RUS,RUSSIAN FEDERATION,Probability to receive funding,By technology,Solar,Later stage,2018,20,Percentage,2.5
RUS,RUSSIAN FEDERATION,Probability to receive funding,By technology,Solar,Later stage,2019,20,Percentage,2.5
RUS,RUSSIAN FEDERATION,Probability to receive funding,By technology,Solar,Later stage,2020,20,Percentage,2.5
RUS,RUSSIAN FEDERATION,Probability to receive funding,By technology,Solar,Later stage,2021,20,Percentage,2.5
RWA,RWANDA,Fundings of start-ups,"By sector (energy, green, digital)",Energy,Early stage,2014,11928,USD,1
RWA,RWANDA,Fundings of start-ups,"By sector (energy, green, digital)",Energy,Early stage,2018,554687.5,USD,1
RWA,RWANDA,Probability to receive funding,"By sector (energy, green, digital)",Energy,Early stage,2021,16.66666603,Percentage,12
RWA,RWANDA,Fundings of start-ups,"By sector (energy, green, digital)",Energy,Early stage,2022,1.490410924,Years,12
RWA,RWANDA,Probability to receive funding,"By sector (energy, green, digital)",Energy and digital,Early stage,2021,0,Percentage,2
RWA,RWANDA,Fundings of start-ups,"By sector (energy, green, digital)",Energy and non-digital,Early stage,2014,11928,USD,1
RWA,RWANDA,Fundings of start-ups,"By sector (energy, green, digital)",Energy and non-digital,Early stage,2018,554687.5,USD,1
RWA,RWANDA,Probability to receive funding,"By sector (energy, green, digital)",Energy and non-digital,Early stage,2021,20,Percentage,10
RWA,RWANDA,Fundings of start-ups,"By sector (energy, green, digital)",Energy and non-digital,Early stage,2022,1.490410924,Years,10
RWA,RWANDA,Fundings of start-ups,"By sector (energy, green, digital)",Non-energy,Early stage,2014,23535.91211,USD,1
RWA,RWANDA,Fundings of start-ups,"By sector (energy, green, digital)",Non-energy,Early stage,2015,324795.5938,USD,4
RWA,RWANDA,Fundings of start-ups,"By sector (energy, green, digital)",Non-energy,Early stage,2018,221875,USD,2
RWA,RWANDA,Fundings of start-ups,"By sector (energy, green, digital)",Non-energy,Early stage,2019,434693.875,USD,1
RWA,RWANDA,Fundings of start-ups,"By sector (energy, green, digital)",Non-energy,Early stage,2020,5378.788086,USD,1
RWA,RWANDA,Probability to receive funding,"By sector (energy, green, digital)",Non-energy,Early stage,2021,7.5,Percentage,120
RWA,RWANDA,Fundings of start-ups,"By sector (energy, green, digital)",Non-energy,Early stage,2022,1.530289173,Years,121
RWA,RWANDA,Fundings of start-ups,"By sector (energy, green, digital)",Energy,Later stage,2021,3601449.25,USD,1
RWA,RWANDA,Probability to receive funding,"By sector (energy, green, digital)",Energy,Later stage,2021,8.333333015,Percentage,12
RWA,RWANDA,Fundings of start-ups,"By sector (energy, green, digital)",Energy,Later stage,2022,4.268493176,Years,12
RWA,RWANDA,Probability to receive funding,"By sector (energy, green, digital)",Energy and digital,Later stage,2021,0,Percentage,2
RWA,RWANDA,Fundings of start-ups,"By sector (energy, green, digital)",Energy and non-digital,Later stage,2021,3601449.25,USD,1
RWA,RWANDA,Probability to receive funding,"By sector (energy, green, digital)",Energy and non-digital,Later stage,2021,10,Percentage,10
RWA,RWANDA,Fundings of start-ups,"By sector (energy, green, digital)",Energy and non-digital,Later stage,2022,4.268493176,Years,10
RWA,RWANDA,Probability to receive funding,"By sector (energy, green, digital)",Non-energy,Later stage,2021,0.833333313,Percentage,120
RWA,RWANDA,Fundings of start-ups,"By sector (energy, green, digital)",Non-energy,Later stage,2022,6.060274124,Years,121
RWA,RWANDA,Fundings of start-ups,By technology,Electric mobility,all,2014,5964,USD,0.5
RWA,RWANDA,Fundings of start-ups,By technology,Electric mobility,all,2016,32371.94922,USD,1
RWA,RWANDA,Fundings of start-ups,By technology,Electric mobility,all,2018,468582.8125,USD,1.5
RWA,RWANDA,Fundings of start-ups,By technology,Electric mobility,all,2019,326020.4063,USD,1
RWA,RWANDA,Fundings of start-ups,By technology,Electric mobility,all,2020,457196.9688,USD,1
RWA,RWANDA,Fundings of start-ups,By technology,Electric mobility,all,2021,6431159.5,USD,1
RWA,RWANDA,Fundings of start-ups,By technology,Other energy,all,2014,5964,USD,0.5
RWA,RWANDA,Fundings of start-ups,By technology,Other energy,all,2016,32371.94922,USD,1
RWA,RWANDA,Fundings of start-ups,By technology,Other energy,all,2018,468582.8125,USD,1.5
RWA,RWANDA,Fundings of start-ups,By technology,Other energy,all,2019,326020.4063,USD,1
RWA,RWANDA,Fundings of start-ups,By technology,Other energy,all,2020,457196.9688,USD,1
RWA,RWANDA,Fundings of start-ups,By technology,Other energy,all,2021,6431159.5,USD,1
RWA,RWANDA,Fundings of start-ups,By technology,Clean energy,Early stage,2014,11928,USD,1
RWA,RWANDA,Fundings of start-ups,By technology,Clean energy,Early stage,2018,554687.5,USD,1
RWA,RWANDA,Probability to receive funding,By technology,Clean energy,Early stage,2021,22.22222137,Percentage,9
RWA,RWANDA,Fundings of start-ups,By technology,Clean energy,Early stage,2022,1.490410924,Years,9
RWA,RWANDA,Probability to receive funding,By technology,Electric mobility,Early stage,2017,100,Percentage,0.5
RWA,RWANDA,Probability to receive funding,By technology,Electric mobility,Early stage,2018,100,Percentage,1.5
RWA,RWANDA,Probability to receive funding,By technology,Electric mobility,Early stage,2019,100,Percentage,1.5
RWA,RWANDA,Probability to receive funding,By technology,Electric mobility,Early stage,2020,100,Percentage,1.5
RWA,RWANDA,Probability to receive funding,By technology,Electric mobility,Early stage,2021,100,Percentage,1.5
RWA,RWANDA,Probability to receive funding,By technology,Energy efficiency,Early stage,2016,0,Percentage,1
RWA,RWANDA,Probability to receive funding,By technology,Energy efficiency,Early stage,2017,0,Percentage,1
RWA,RWANDA,Probability to receive funding,By technology,Energy efficiency,Early stage,2018,0,Percentage,1
RWA,RWANDA,Probability to receive funding,By technology,Energy efficiency,Early stage,2019,0,Percentage,1
RWA,RWANDA,Probability to receive funding,By technology,Energy efficiency,Early stage,2020,0,Percentage,1
RWA,RWANDA,Probability to receive funding,By technology,Energy efficiency,Early stage,2021,0,Percentage,1
RWA,RWANDA,Probability to receive funding,By technology,Fossil fuels,Early stage,2015,0,Percentage,1
RWA,RWANDA,Probability to receive funding,By technology,Fossil fuels,Early stage,2016,0,Percentage,1
RWA,RWANDA,Probability to receive funding,By technology,Fossil fuels,Early stage,2017,0,Percentage,1
RWA,RWANDA,Probability to receive funding,By technology,Fossil fuels,Early stage,2018,0,Percentage,1
RWA,RWANDA,Probability to receive funding,By technology,Fossil fuels,Early stage,2019,0,Percentage,1
RWA,RWANDA,Probability to receive funding,By technology,Fossil fuels,Early stage,2020,0,Percentage,1
RWA,RWANDA,Probability to receive funding,By technology,Fossil fuels,Early stage,2021,0,Percentage,1
RWA,RWANDA,Probability to receive funding,By technology,Grid,Early stage,2016,0,Percentage,0.5
RWA,RWANDA,Probability to receive funding,By technology,Grid,Early stage,2017,0,Percentage,0.5
RWA,RWANDA,Probability to receive funding,By technology,Grid,Early stage,2018,0,Percentage,0.5
RWA,RWANDA,Probability to receive funding,By technology,Grid,Early stage,2019,0,Percentage,0.5
RWA,RWANDA,Probability to receive funding,By technology,Grid,Early stage,2020,0,Percentage,0.5
RWA,RWANDA,Probability to receive funding,By technology,Grid,Early stage,2021,0,Percentage,0.5
RWA,RWANDA,Probability to receive funding,By technology,Non-clean energy,Early stage,2021,0,Percentage,3
RWA,RWANDA,Probability to receive funding,By technology,Other energy,Early stage,2015,0,Percentage,3.333333254
RWA,RWANDA,Probability to receive funding,By technology,Other energy,Early stage,2016,0,Percentage,3.333333254
RWA,RWANDA,Probability to receive funding,By technology,Other energy,Early stage,2017,13.04347801,Percentage,3.833333254
RWA,RWANDA,Probability to receive funding,By technology,Other energy,Early stage,2018,13.04347801,Percentage,3.833333254
RWA,RWANDA,Probability to receive funding,By technology,Other energy,Early stage,2019,13.04347801,Percentage,3.833333254
RWA,RWANDA,Probability to receive funding,By technology,Other energy,Early stage,2020,13.04347801,Percentage,3.833333254
RWA,RWANDA,Probability to receive funding,By technology,Other energy,Early stage,2021,13.04347801,Percentage,3.833333254
RWA,RWANDA,Probability to receive funding,By technology,Other renewables,Early stage,2015,0,Percentage,2.333333254
RWA,RWANDA,Probability to receive funding,By technology,Other renewables,Early stage,2016,0,Percentage,3.833333254
RWA,RWANDA,Probability to receive funding,By technology,Other renewables,Early stage,2017,0,Percentage,3.833333254
RWA,RWANDA,Probability to receive funding,By technology,Other renewables,Early stage,2018,0,Percentage,3.833333254
RWA,RWANDA,Probability to receive funding,By technology,Other renewables,Early stage,2019,0,Percentage,3.833333254
RWA,RWANDA,Probability to receive funding,By technology,Other renewables,Early stage,2020,0,Percentage,3.833333254
RWA,RWANDA,Probability to receive funding,By technology,Other renewables,Early stage,2021,0,Percentage,3.833333254
RWA,RWANDA,Probability to receive funding,By technology,Solar,Early stage,2015,0,Percentage,0.333333343
RWA,RWANDA,Probability to receive funding,By technology,Solar,Early stage,2016,0,Percentage,0.333333343
RWA,RWANDA,Probability to receive funding,By technology,Solar,Early stage,2017,0,Percentage,0.333333343
RWA,RWANDA,Probability to receive funding,By technology,Solar,Early stage,2018,0,Percentage,0.333333343
RWA,RWANDA,Probability to receive funding,By technology,Solar,Early stage,2019,0,Percentage,0.333333343
RWA,RWANDA,Probability to receive funding,By technology,Solar,Early stage,2020,0,Percentage,0.333333343
RWA,RWANDA,Probability to receive funding,By technology,Solar,Early stage,2021,0,Percentage,0.333333343
RWA,RWANDA,Probability to receive funding,By technology,Clean energy,Later stage,2021,11.11111069,Percentage,9
RWA,RWANDA,Fundings of start-ups,By technology,Clean energy,Later stage,2021,3601449.25,USD,1
RWA,RWANDA,Fundings of start-ups,By technology,Clean energy,Later stage,2022,4.268493176,Years,9
RWA,RWANDA,Probability to receive funding,By technology,Electric mobility,Later stage,2017,100,Percentage,0.5
RWA,RWANDA,Probability to receive funding,By technology,Electric mobility,Later stage,2018,33.33333206,Percentage,1.5
RWA,RWANDA,Probability to receive funding,By technology,Electric mobility,Later stage,2019,33.33333206,Percentage,1.5
RWA,RWANDA,Probability to receive funding,By technology,Electric mobility,Later stage,2020,33.33333206,Percentage,1.5
RWA,RWANDA,Probability to receive funding,By technology,Electric mobility,Later stage,2021,33.33333206,Percentage,1.5
RWA,RWANDA,Probability to receive funding,By technology,Energy efficiency,Later stage,2016,0,Percentage,1
RWA,RWANDA,Probability to receive funding,By technology,Energy efficiency,Later stage,2017,0,Percentage,1
RWA,RWANDA,Probability to receive funding,By technology,Energy efficiency,Later stage,2018,0,Percentage,1
RWA,RWANDA,Probability to receive funding,By technology,Energy efficiency,Later stage,2019,0,Percentage,1
RWA,RWANDA,Probability to receive funding,By technology,Energy efficiency,Later stage,2020,0,Percentage,1
RWA,RWANDA,Probability to receive funding,By technology,Energy efficiency,Later stage,2021,0,Percentage,1
RWA,RWANDA,Probability to receive funding,By technology,Fossil fuels,Later stage,2015,0,Percentage,1
RWA,RWANDA,Probability to receive funding,By technology,Fossil fuels,Later stage,2016,0,Percentage,1
RWA,RWANDA,Probability to receive funding,By technology,Fossil fuels,Later stage,2017,0,Percentage,1
RWA,RWANDA,Probability to receive funding,By technology,Fossil fuels,Later stage,2018,0,Percentage,1
RWA,RWANDA,Probability to receive funding,By technology,Fossil fuels,Later stage,2019,0,Percentage,1
RWA,RWANDA,Probability to receive funding,By technology,Fossil fuels,Later stage,2020,0,Percentage,1
RWA,RWANDA,Probability to receive funding,By technology,Fossil fuels,Later stage,2021,0,Percentage,1
RWA,RWANDA,Probability to receive funding,By technology,Grid,Later stage,2016,0,Percentage,0.5
RWA,RWANDA,Probability to receive funding,By technology,Grid,Later stage,2017,0,Percentage,0.5
RWA,RWANDA,Probability to receive funding,By technology,Grid,Later stage,2018,0,Percentage,0.5
RWA,RWANDA,Probability to receive funding,By technology,Grid,Later stage,2019,0,Percentage,0.5
RWA,RWANDA,Probability to receive funding,By technology,Grid,Later stage,2020,0,Percentage,0.5
RWA,RWANDA,Probability to receive funding,By technology,Grid,Later stage,2021,0,Percentage,0.5
RWA,RWANDA,Probability to receive funding,By technology,Non-clean energy,Later stage,2021,0,Percentage,3
RWA,RWANDA,Probability to receive funding,By technology,Other energy,Later stage,2015,0,Percentage,3.333333254
RWA,RWANDA,Probability to receive funding,By technology,Other energy,Later stage,2016,0,Percentage,3.333333254
RWA,RWANDA,Probability to receive funding,By technology,Other energy,Later stage,2017,13.04347801,Percentage,3.833333254
RWA,RWANDA,Probability to receive funding,By technology,Other energy,Later stage,2018,13.04347801,Percentage,3.833333254
RWA,RWANDA,Probability to receive funding,By technology,Other energy,Later stage,2019,13.04347801,Percentage,3.833333254
RWA,RWANDA,Probability to receive funding,By technology,Other energy,Later stage,2020,13.04347801,Percentage,3.833333254
RWA,RWANDA,Probability to receive funding,By technology,Other energy,Later stage,2021,13.04347801,Percentage,3.833333254
RWA,RWANDA,Probability to receive funding,By technology,Other renewables,Later stage,2015,0,Percentage,2.333333254
RWA,RWANDA,Probability to receive funding,By technology,Other renewables,Later stage,2016,0,Percentage,3.833333254
RWA,RWANDA,Probability to receive funding,By technology,Other renewables,Later stage,2017,0,Percentage,3.833333254
RWA,RWANDA,Probability to receive funding,By technology,Other renewables,Later stage,2018,0,Percentage,3.833333254
RWA,RWANDA,Probability to receive funding,By technology,Other renewables,Later stage,2019,0,Percentage,3.833333254
RWA,RWANDA,Probability to receive funding,By technology,Other renewables,Later stage,2020,0,Percentage,3.833333254
RWA,RWANDA,Probability to receive funding,By technology,Other renewables,Later stage,2021,0,Percentage,3.833333254
RWA,RWANDA,Probability to receive funding,By technology,Solar,Later stage,2015,0,Percentage,0.333333343
RWA,RWANDA,Probability to receive funding,By technology,Solar,Later stage,2016,0,Percentage,0.333333343
RWA,RWANDA,Probability to receive funding,By technology,Solar,Later stage,2017,0,Percentage,0.333333343
RWA,RWANDA,Probability to receive funding,By technology,Solar,Later stage,2018,0,Percentage,0.333333343
RWA,RWANDA,Probability to receive funding,By technology,Solar,Later stage,2019,0,Percentage,0.333333343
RWA,RWANDA,Probability to receive funding,By technology,Solar,Later stage,2020,0,Percentage,0.333333343
RWA,RWANDA,Probability to receive funding,By technology,Solar,Later stage,2021,0,Percentage,0.333333343
KNA,SAINT KITTS AND NEVIS,Fundings of start-ups,"By sector (energy, green, digital)",Non-energy,Early stage,2014,16122099,USD,2
KNA,SAINT KITTS AND NEVIS,Fundings of start-ups,"By sector (energy, green, digital)",Non-energy,Early stage,2016,11923370,USD,2
KNA,SAINT KITTS AND NEVIS,Fundings of start-ups,"By sector (energy, green, digital)",Non-energy,Early stage,2020,16136364,USD,3
KNA,SAINT KITTS AND NEVIS,Probability to receive funding,"By sector (energy, green, digital)",Non-energy,Early stage,2021,30.43478203,Percentage,23
KNA,SAINT KITTS AND NEVIS,Fundings of start-ups,"By sector (energy, green, digital)",Non-energy,Early stage,2021,183622464,USD,3
KNA,SAINT KITTS AND NEVIS,Fundings of start-ups,"By sector (energy, green, digital)",Non-energy,Early stage,2022,9700000,USD,1
KNA,SAINT KITTS AND NEVIS,Fundings of start-ups,"By sector (energy, green, digital)",Non-energy,Early stage,2022,0.915068507,Years,24
KNA,SAINT KITTS AND NEVIS,Fundings of start-ups,"By sector (energy, green, digital)",Non-energy,Later stage,2015,35303868,USD,1
KNA,SAINT KITTS AND NEVIS,Probability to receive funding,"By sector (energy, green, digital)",Non-energy,Later stage,2021,4.347826004,Percentage,23
KNA,SAINT KITTS AND NEVIS,Fundings of start-ups,"By sector (energy, green, digital)",Non-energy,Later stage,2022,1.687671185,Years,24
LCA,SAINT LUCIA,Fundings of start-ups,"By sector (energy, green, digital)",Energy,Early stage,2020,1067813.125,USD,1
LCA,SAINT LUCIA,Probability to receive funding,"By sector (energy, green, digital)",Energy,Early stage,2021,100,Percentage,1
LCA,SAINT LUCIA,Fundings of start-ups,"By sector (energy, green, digital)",Energy,Early stage,2022,5.30684948,Years,1
LCA,SAINT LUCIA,Fundings of start-ups,"By sector (energy, green, digital)",Energy and non-digital,Early stage,2020,1067813.125,USD,1
LCA,SAINT LUCIA,Probability to receive funding,"By sector (energy, green, digital)",Energy and non-digital,Early stage,2021,100,Percentage,1
LCA,SAINT LUCIA,Fundings of start-ups,"By sector (energy, green, digital)",Energy and non-digital,Early stage,2022,5.30684948,Years,1
LCA,SAINT LUCIA,Probability to receive funding,"By sector (energy, green, digital)",Non-energy,Early stage,2021,12.5,Percentage,8
LCA,SAINT LUCIA,Fundings of start-ups,"By sector (energy, green, digital)",Non-energy,Early stage,2022,1,Years,8
LCA,SAINT LUCIA,Probability to receive funding,"By sector (energy, green, digital)",Energy,Later stage,2021,0,Percentage,1
LCA,SAINT LUCIA,Probability to receive funding,"By sector (energy, green, digital)",Energy and non-digital,Later stage,2021,0,Percentage,1
LCA,SAINT LUCIA,Probability to receive funding,"By sector (energy, green, digital)",Non-energy,Later stage,2021,0,Percentage,8
LCA,SAINT LUCIA,Fundings of start-ups,By technology,Energy efficiency,all,2016,4191.469727,USD,0.600000024
LCA,SAINT LUCIA,Fundings of start-ups,By technology,Energy efficiency,all,2017,3965.425537,USD,0.600000024
LCA,SAINT LUCIA,Fundings of start-ups,By technology,Energy efficiency,all,2018,1214.099976,USD,0.400000006
LCA,SAINT LUCIA,Fundings of start-ups,By technology,Energy efficiency,all,2019,1427.96936,USD,0.600000024
LCA,SAINT LUCIA,Fundings of start-ups,By technology,Energy efficiency,all,2020,213562.625,USD,0.200000003
LCA,SAINT LUCIA,Fundings of start-ups,By technology,Energy storage and batteries,all,2016,4191.469727,USD,0.600000024
LCA,SAINT LUCIA,Fundings of start-ups,By technology,Energy storage and batteries,all,2017,3965.425537,USD,0.600000024
LCA,SAINT LUCIA,Fundings of start-ups,By technology,Energy storage and batteries,all,2018,1214.099976,USD,0.400000006
LCA,SAINT LUCIA,Fundings of start-ups,By technology,Energy storage and batteries,all,2019,1427.96936,USD,0.600000024
LCA,SAINT LUCIA,Fundings of start-ups,By technology,Energy storage and batteries,all,2020,213562.625,USD,0.200000003
LCA,SAINT LUCIA,Fundings of start-ups,By technology,Other energy,all,2016,4191.469727,USD,0.600000024
LCA,SAINT LUCIA,Fundings of start-ups,By technology,Other energy,all,2017,3965.425537,USD,0.600000024
LCA,SAINT LUCIA,Fundings of start-ups,By technology,Other energy,all,2018,1214.099976,USD,0.400000006
LCA,SAINT LUCIA,Fundings of start-ups,By technology,Other energy,all,2019,1427.96936,USD,0.600000024
LCA,SAINT LUCIA,Fundings of start-ups,By technology,Other energy,all,2020,213562.625,USD,0.200000003
LCA,SAINT LUCIA,Fundings of start-ups,By technology,Other renewables,all,2016,4191.469727,USD,0.600000024
LCA,SAINT LUCIA,Fundings of start-ups,By technology,Other renewables,all,2017,3965.425537,USD,0.600000024
LCA,SAINT LUCIA,Fundings of start-ups,By technology,Other renewables,all,2018,1214.099976,USD,0.400000006
LCA,SAINT LUCIA,Fundings of start-ups,By technology,Other renewables,all,2019,1427.96936,USD,0.600000024
LCA,SAINT LUCIA,Fundings of start-ups,By technology,Other renewables,all,2020,213562.625,USD,0.200000003
LCA,SAINT LUCIA,Fundings of start-ups,By technology,Solar,all,2016,4191.469727,USD,0.600000024
LCA,SAINT LUCIA,Fundings of start-ups,By technology,Solar,all,2017,3965.425537,USD,0.600000024
LCA,SAINT LUCIA,Fundings of start-ups,By technology,Solar,all,2018,1214.099976,USD,0.400000006
LCA,SAINT LUCIA,Fundings of start-ups,By technology,Solar,all,2019,1427.96936,USD,0.600000024
LCA,SAINT LUCIA,Fundings of start-ups,By technology,Solar,all,2020,213562.625,USD,0.200000003
LCA,SAINT LUCIA,Fundings of start-ups,By technology,Clean energy,Early stage,2020,1067813.125,USD,1
LCA,SAINT LUCIA,Probability to receive funding,By technology,Clean energy,Early stage,2021,100,Percentage,1
LCA,SAINT LUCIA,Fundings of start-ups,By technology,Clean energy,Early stage,2022,5.30684948,Years,1
LCA,SAINT LUCIA,Probability to receive funding,By technology,Energy efficiency,Early stage,2015,100,Percentage,0.200000003
LCA,SAINT LUCIA,Probability to receive funding,By technology,Energy efficiency,Early stage,2016,100,Percentage,0.200000003
LCA,SAINT LUCIA,Probability to receive funding,By technology,Energy efficiency,Early stage,2017,100,Percentage,0.200000003
LCA,SAINT LUCIA,Probability to receive funding,By technology,Energy efficiency,Early stage,2018,100,Percentage,0.200000003
LCA,SAINT LUCIA,Probability to receive funding,By technology,Energy efficiency,Early stage,2019,100,Percentage,0.200000003
LCA,SAINT LUCIA,Probability to receive funding,By technology,Energy efficiency,Early stage,2020,100,Percentage,0.200000003
LCA,SAINT LUCIA,Probability to receive funding,By technology,Energy efficiency,Early stage,2021,100,Percentage,0.200000003
LCA,SAINT LUCIA,Probability to receive funding,By technology,Energy storage and batteries,Early stage,2015,100,Percentage,0.200000003
LCA,SAINT LUCIA,Probability to receive funding,By technology,Energy storage and batteries,Early stage,2016,100,Percentage,0.200000003
LCA,SAINT LUCIA,Probability to receive funding,By technology,Energy storage and batteries,Early stage,2017,100,Percentage,0.200000003
LCA,SAINT LUCIA,Probability to receive funding,By technology,Energy storage and batteries,Early stage,2018,100,Percentage,0.200000003
LCA,SAINT LUCIA,Probability to receive funding,By technology,Energy storage and batteries,Early stage,2019,100,Percentage,0.200000003
LCA,SAINT LUCIA,Probability to receive funding,By technology,Energy storage and batteries,Early stage,2020,100,Percentage,0.200000003
LCA,SAINT LUCIA,Probability to receive funding,By technology,Energy storage and batteries,Early stage,2021,100,Percentage,0.200000003
LCA,SAINT LUCIA,Probability to receive funding,By technology,Other energy,Early stage,2015,100,Percentage,0.200000003
LCA,SAINT LUCIA,Probability to receive funding,By technology,Other energy,Early stage,2016,100,Percentage,0.200000003
LCA,SAINT LUCIA,Probability to receive funding,By technology,Other energy,Early stage,2017,100,Percentage,0.200000003
LCA,SAINT LUCIA,Probability to receive funding,By technology,Other energy,Early stage,2018,100,Percentage,0.200000003
LCA,SAINT LUCIA,Probability to receive funding,By technology,Other energy,Early stage,2019,100,Percentage,0.200000003
LCA,SAINT LUCIA,Probability to receive funding,By technology,Other energy,Early stage,2020,100,Percentage,0.200000003
LCA,SAINT LUCIA,Probability to receive funding,By technology,Other energy,Early stage,2021,100,Percentage,0.200000003
LCA,SAINT LUCIA,Probability to receive funding,By technology,Other renewables,Early stage,2015,100,Percentage,0.200000003
LCA,SAINT LUCIA,Probability to receive funding,By technology,Other renewables,Early stage,2016,100,Percentage,0.200000003
LCA,SAINT LUCIA,Probability to receive funding,By technology,Other renewables,Early stage,2017,100,Percentage,0.200000003
LCA,SAINT LUCIA,Probability to receive funding,By technology,Other renewables,Early stage,2018,100,Percentage,0.200000003
LCA,SAINT LUCIA,Probability to receive funding,By technology,Other renewables,Early stage,2019,100,Percentage,0.200000003
LCA,SAINT LUCIA,Probability to receive funding,By technology,Other renewables,Early stage,2020,100,Percentage,0.200000003
LCA,SAINT LUCIA,Probability to receive funding,By technology,Other renewables,Early stage,2021,100,Percentage,0.200000003
LCA,SAINT LUCIA,Probability to receive funding,By technology,Solar,Early stage,2015,100,Percentage,0.200000003
LCA,SAINT LUCIA,Probability to receive funding,By technology,Solar,Early stage,2016,100,Percentage,0.200000003
LCA,SAINT LUCIA,Probability to receive funding,By technology,Solar,Early stage,2017,100,Percentage,0.200000003
LCA,SAINT LUCIA,Probability to receive funding,By technology,Solar,Early stage,2018,100,Percentage,0.200000003
LCA,SAINT LUCIA,Probability to receive funding,By technology,Solar,Early stage,2019,100,Percentage,0.200000003
LCA,SAINT LUCIA,Probability to receive funding,By technology,Solar,Early stage,2020,100,Percentage,0.200000003
LCA,SAINT LUCIA,Probability to receive funding,By technology,Solar,Early stage,2021,100,Percentage,0.200000003
LCA,SAINT LUCIA,Probability to receive funding,By technology,Clean energy,Later stage,2021,0,Percentage,1
LCA,SAINT LUCIA,Probability to receive funding,By technology,Energy efficiency,Later stage,2015,0,Percentage,0.200000003
LCA,SAINT LUCIA,Probability to receive funding,By technology,Energy efficiency,Later stage,2016,0,Percentage,0.200000003
LCA,SAINT LUCIA,Probability to receive funding,By technology,Energy efficiency,Later stage,2017,0,Percentage,0.200000003
LCA,SAINT LUCIA,Probability to receive funding,By technology,Energy efficiency,Later stage,2018,0,Percentage,0.200000003
LCA,SAINT LUCIA,Probability to receive funding,By technology,Energy efficiency,Later stage,2019,0,Percentage,0.200000003
LCA,SAINT LUCIA,Probability to receive funding,By technology,Energy efficiency,Later stage,2020,0,Percentage,0.200000003
LCA,SAINT LUCIA,Probability to receive funding,By technology,Energy efficiency,Later stage,2021,0,Percentage,0.200000003
LCA,SAINT LUCIA,Probability to receive funding,By technology,Energy storage and batteries,Later stage,2015,0,Percentage,0.200000003
LCA,SAINT LUCIA,Probability to receive funding,By technology,Energy storage and batteries,Later stage,2016,0,Percentage,0.200000003
LCA,SAINT LUCIA,Probability to receive funding,By technology,Energy storage and batteries,Later stage,2017,0,Percentage,0.200000003
LCA,SAINT LUCIA,Probability to receive funding,By technology,Energy storage and batteries,Later stage,2018,0,Percentage,0.200000003
LCA,SAINT LUCIA,Probability to receive funding,By technology,Energy storage and batteries,Later stage,2019,0,Percentage,0.200000003
LCA,SAINT LUCIA,Probability to receive funding,By technology,Energy storage and batteries,Later stage,2020,0,Percentage,0.200000003
LCA,SAINT LUCIA,Probability to receive funding,By technology,Energy storage and batteries,Later stage,2021,0,Percentage,0.200000003
LCA,SAINT LUCIA,Probability to receive funding,By technology,Other energy,Later stage,2015,0,Percentage,0.200000003
LCA,SAINT LUCIA,Probability to receive funding,By technology,Other energy,Later stage,2016,0,Percentage,0.200000003
LCA,SAINT LUCIA,Probability to receive funding,By technology,Other energy,Later stage,2017,0,Percentage,0.200000003
LCA,SAINT LUCIA,Probability to receive funding,By technology,Other energy,Later stage,2018,0,Percentage,0.200000003
LCA,SAINT LUCIA,Probability to receive funding,By technology,Other energy,Later stage,2019,0,Percentage,0.200000003
LCA,SAINT LUCIA,Probability to receive funding,By technology,Other energy,Later stage,2020,0,Percentage,0.200000003
LCA,SAINT LUCIA,Probability to receive funding,By technology,Other energy,Later stage,2021,0,Percentage,0.200000003
LCA,SAINT LUCIA,Probability to receive funding,By technology,Other renewables,Later stage,2015,0,Percentage,0.200000003
LCA,SAINT LUCIA,Probability to receive funding,By technology,Other renewables,Later stage,2016,0,Percentage,0.200000003
LCA,SAINT LUCIA,Probability to receive funding,By technology,Other renewables,Later stage,2017,0,Percentage,0.200000003
LCA,SAINT LUCIA,Probability to receive funding,By technology,Other renewables,Later stage,2018,0,Percentage,0.200000003
LCA,SAINT LUCIA,Probability to receive funding,By technology,Other renewables,Later stage,2019,0,Percentage,0.200000003
LCA,SAINT LUCIA,Probability to receive funding,By technology,Other renewables,Later stage,2020,0,Percentage,0.200000003
LCA,SAINT LUCIA,Probability to receive funding,By technology,Other renewables,Later stage,2021,0,Percentage,0.200000003
LCA,SAINT LUCIA,Probability to receive funding,By technology,Solar,Later stage,2015,0,Percentage,0.200000003
LCA,SAINT LUCIA,Probability to receive funding,By technology,Solar,Later stage,2016,0,Percentage,0.200000003
LCA,SAINT LUCIA,Probability to receive funding,By technology,Solar,Later stage,2017,0,Percentage,0.200000003
LCA,SAINT LUCIA,Probability to receive funding,By technology,Solar,Later stage,2018,0,Percentage,0.200000003
LCA,SAINT LUCIA,Probability to receive funding,By technology,Solar,Later stage,2019,0,Percentage,0.200000003
LCA,SAINT LUCIA,Probability to receive funding,By technology,Solar,Later stage,2020,0,Percentage,0.200000003
LCA,SAINT LUCIA,Probability to receive funding,By technology,Solar,Later stage,2021,0,Percentage,0.200000003
MAF,SAINT MARTIN (FRENCH PART),Probability to receive funding,"By sector (energy, green, digital)",Non-energy,Early stage,2021,0,Percentage,4
MAF,SAINT MARTIN (FRENCH PART),Probability to receive funding,"By sector (energy, green, digital)",Non-energy,Later stage,2021,0,Percentage,4
SMR,SAN MARINO,Fundings of start-ups,"By sector (energy, green, digital)",Non-energy,Early stage,2021,5913429.5,USD,2
SMR,SAN MARINO,Probability to receive funding,"By sector (energy, green, digital)",Non-energy,Early stage,2021,16.66666603,Percentage,6
SMR,SAN MARINO,Fundings of start-ups,"By sector (energy, green, digital)",Non-energy,Early stage,2022,0.161643833,Years,6
SMR,SAN MARINO,Fundings of start-ups,"By sector (energy, green, digital)",Non-energy,Early stage,2022,15649240,USD,1
SMR,SAN MARINO,Probability to receive funding,"By sector (energy, green, digital)",Non-energy,Later stage,2021,0,Percentage,6
STP,SAO TOME AND PRINCIPE,Probability to receive funding,"By sector (energy, green, digital)",Non-energy,Early stage,2021,0,Percentage,2
STP,SAO TOME AND PRINCIPE,Probability to receive funding,"By sector (energy, green, digital)",Non-energy,Later stage,2021,0,Percentage,2
SAU,SAUDI ARABIA,Fundings of start-ups,"By sector (energy, green, digital)",Energy,Early stage,2012,240835.2344,USD,1
SAU,SAUDI ARABIA,Fundings of start-ups,"By sector (energy, green, digital)",Energy,Early stage,2016,3185739.25,USD,3
SAU,SAUDI ARABIA,Fundings of start-ups,"By sector (energy, green, digital)",Energy,Early stage,2017,566489.375,USD,1
SAU,SAUDI ARABIA,Fundings of start-ups,"By sector (energy, green, digital)",Energy,Early stage,2018,6245781,USD,3
SAU,SAUDI ARABIA,Fundings of start-ups,"By sector (energy, green, digital)",Energy,Early stage,2019,3694898,USD,2
SAU,SAUDI ARABIA,Fundings of start-ups,"By sector (energy, green, digital)",Energy,Early stage,2021,1027651.938,USD,1
SAU,SAUDI ARABIA,Probability to receive funding,"By sector (energy, green, digital)",Energy,Early stage,2021,17.39130402,Percentage,46
SAU,SAUDI ARABIA,Fundings of start-ups,"By sector (energy, green, digital)",Energy,Early stage,2022,2.509197712,Years,47
SAU,SAUDI ARABIA,Fundings of start-ups,"By sector (energy, green, digital)",Energy and digital,Early stage,2012,240835.2344,USD,1
SAU,SAUDI ARABIA,Fundings of start-ups,"By sector (energy, green, digital)",Energy and digital,Early stage,2016,3185739.25,USD,3
SAU,SAUDI ARABIA,Fundings of start-ups,"By sector (energy, green, digital)",Energy and digital,Early stage,2017,566489.375,USD,1
SAU,SAUDI ARABIA,Fundings of start-ups,"By sector (energy, green, digital)",Energy and digital,Early stage,2018,5546875,USD,1
SAU,SAUDI ARABIA,Fundings of start-ups,"By sector (energy, green, digital)",Energy and digital,Early stage,2019,2173469.5,USD,1
SAU,SAUDI ARABIA,Fundings of start-ups,"By sector (energy, green, digital)",Energy and digital,Early stage,2021,1027651.938,USD,1
SAU,SAUDI ARABIA,Probability to receive funding,"By sector (energy, green, digital)",Energy and digital,Early stage,2021,45.45454407,Percentage,11
SAU,SAUDI ARABIA,Fundings of start-ups,"By sector (energy, green, digital)",Energy and digital,Early stage,2022,1.817123294,Years,11
SAU,SAUDI ARABIA,Fundings of start-ups,"By sector (energy, green, digital)",Energy and non-digital,Early stage,2018,698906.25,USD,2
SAU,SAUDI ARABIA,Fundings of start-ups,"By sector (energy, green, digital)",Energy and non-digital,Early stage,2019,1521428.625,USD,1
SAU,SAUDI ARABIA,Probability to receive funding,"By sector (energy, green, digital)",Energy and non-digital,Early stage,2021,8.571428299,Percentage,35
SAU,SAUDI ARABIA,Fundings of start-ups,"By sector (energy, green, digital)",Energy and non-digital,Early stage,2022,3.431963444,Years,36
SAU,SAUDI ARABIA,Fundings of start-ups,"By sector (energy, green, digital)",Non-energy,Early stage,2010,947020.9375,USD,1
SAU,SAUDI ARABIA,Fundings of start-ups,"By sector (energy, green, digital)",Non-energy,Early stage,2012,242018.8281,USD,1
SAU,SAUDI ARABIA,Fundings of start-ups,"By sector (energy, green, digital)",Non-energy,Early stage,2013,1254464.75,USD,8
SAU,SAUDI ARABIA,Fundings of start-ups,"By sector (energy, green, digital)",Non-energy,Early stage,2014,824284.125,USD,8
SAU,SAUDI ARABIA,Fundings of start-ups,"By sector (energy, green, digital)",Non-energy,Early stage,2015,3586480,USD,7
SAU,SAUDI ARABIA,Fundings of start-ups,"By sector (energy, green, digital)",Non-energy,Early stage,2016,17259942,USD,9
SAU,SAUDI ARABIA,Fundings of start-ups,"By sector (energy, green, digital)",Non-energy,Early stage,2017,56680492,USD,26
SAU,SAUDI ARABIA,Fundings of start-ups,"By sector (energy, green, digital)",Non-energy,Early stage,2018,22916394,USD,29
SAU,SAUDI ARABIA,Fundings of start-ups,"By sector (energy, green, digital)",Non-energy,Early stage,2019,93338824,USD,50
SAU,SAUDI ARABIA,Fundings of start-ups,"By sector (energy, green, digital)",Non-energy,Early stage,2020,126427360,USD,29
SAU,SAUDI ARABIA,Fundings of start-ups,"By sector (energy, green, digital)",Non-energy,Early stage,2021,367918624,USD,55
SAU,SAUDI ARABIA,Probability to receive funding,"By sector (energy, green, digital)",Non-energy,Early stage,2021,15.86826324,Percentage,1336
SAU,SAUDI ARABIA,Fundings of start-ups,"By sector (energy, green, digital)",Non-energy,Early stage,2022,264728160,USD,31
SAU,SAUDI ARABIA,Fundings of start-ups,"By sector (energy, green, digital)",Non-energy,Early stage,2022,2.02325511,Years,1344
SAU,SAUDI ARABIA,Fundings of start-ups,"By sector (energy, green, digital)",Energy,Later stage,2015,128666.125,USD,1
SAU,SAUDI ARABIA,Probability to receive funding,"By sector (energy, green, digital)",Energy,Later stage,2021,2.173913002,Percentage,46
SAU,SAUDI ARABIA,Fundings of start-ups,"By sector (energy, green, digital)",Energy,Later stage,2022,3.83561635,Years,47
SAU,SAUDI ARABIA,Fundings of start-ups,"By sector (energy, green, digital)",Energy and digital,Later stage,2015,128666.125,USD,1
SAU,SAUDI ARABIA,Probability to receive funding,"By sector (energy, green, digital)",Energy and digital,Later stage,2021,9.090909004,Percentage,11
SAU,SAUDI ARABIA,Fundings of start-ups,"By sector (energy, green, digital)",Energy and digital,Later stage,2022,3.83561635,Years,11
SAU,SAUDI ARABIA,Probability to receive funding,"By sector (energy, green, digital)",Energy and non-digital,Later stage,2021,0,Percentage,35
SAU,SAUDI ARABIA,Fundings of start-ups,"By sector (energy, green, digital)",Non-energy,Later stage,2012,847159.0625,USD,1
SAU,SAUDI ARABIA,Fundings of start-ups,"By sector (energy, green, digital)",Non-energy,Later stage,2015,228694.9219,USD,1
SAU,SAUDI ARABIA,Fundings of start-ups,"By sector (energy, green, digital)",Non-energy,Later stage,2018,221833.9531,USD,1
SAU,SAUDI ARABIA,Fundings of start-ups,"By sector (energy, green, digital)",Non-energy,Later stage,2020,2958333.25,USD,1
SAU,SAUDI ARABIA,Fundings of start-ups,"By sector (energy, green, digital)",Non-energy,Later stage,2021,77688408,USD,2
SAU,SAUDI ARABIA,Probability to receive funding,"By sector (energy, green, digital)",Non-energy,Later stage,2021,1.347305417,Percentage,1336
SAU,SAUDI ARABIA,Fundings of start-ups,"By sector (energy, green, digital)",Non-energy,Later stage,2022,279286624,USD,6
SAU,SAUDI ARABIA,Fundings of start-ups,"By sector (energy, green, digital)",Non-energy,Later stage,2022,4.501978874,Years,1344
SAU,SAUDI ARABIA,Fundings of start-ups,By technology,Energy efficiency,all,2016,266250,USD,2
SAU,SAUDI ARABIA,Fundings of start-ups,By technology,Energy efficiency,all,2017,566489.375,USD,1
SAU,SAUDI ARABIA,Fundings of start-ups,By technology,Energy efficiency,all,2019,2173469.5,USD,1
SAU,SAUDI ARABIA,Fundings of start-ups,By technology,Energy efficiency,all,2021,1027651.938,USD,1
SAU,SAUDI ARABIA,Fundings of start-ups,By technology,Grid,all,2018,321718.75,USD,0.5
SAU,SAUDI ARABIA,Fundings of start-ups,By technology,Other renewables,all,2018,377187.5,USD,1.5
SAU,SAUDI ARABIA,Fundings of start-ups,By technology,Other renewables,all,2019,1521428.625,USD,1
SAU,SAUDI ARABIA,Fundings of start-ups,By technology,Solar,all,2012,240835.2344,USD,1
SAU,SAUDI ARABIA,Fundings of start-ups,By technology,Solar,all,2015,128666.125,USD,1
SAU,SAUDI ARABIA,Fundings of start-ups,By technology,Solar,all,2016,2919489.25,USD,1
SAU,SAUDI ARABIA,Fundings of start-ups,By technology,Solar,all,2018,5546875,USD,1
SAU,SAUDI ARABIA,Fundings of start-ups,By technology,Clean energy,Early stage,2018,698906.25,USD,2
SAU,SAUDI ARABIA,Fundings of start-ups,By technology,Clean energy,Early stage,2019,1521428.625,USD,1
SAU,SAUDI ARABIA,Probability to receive funding,By technology,Clean energy,Early stage,2021,17.64705849,Percentage,17
SAU,SAUDI ARABIA,Fundings of start-ups,By technology,Clean energy,Early stage,2022,3.431963444,Years,17
SAU,SAUDI ARABIA,Probability to receive funding,By technology,Electric mobility,Early stage,2019,0,Percentage,1
SAU,SAUDI ARABIA,Probability to receive funding,By technology,Electric mobility,Early stage,2020,0,Percentage,1
SAU,SAUDI ARABIA,Probability to receive funding,By technology,Electric mobility,Early stage,2021,50,Percentage,2
SAU,SAUDI ARABIA,Probability to receive funding,By technology,Energy efficiency,Early stage,2015,0,Percentage,2.333333254
SAU,SAUDI ARABIA,Probability to receive funding,By technology,Energy efficiency,Early stage,2016,46.15384674,Percentage,4.333333492
SAU,SAUDI ARABIA,Probability to receive funding,By technology,Energy efficiency,Early stage,2017,33.8028183,Percentage,5.916666508
SAU,SAUDI ARABIA,Probability to receive funding,By technology,Energy efficiency,Early stage,2018,43.37349319,Percentage,6.916666508
SAU,SAUDI ARABIA,Probability to receive funding,By technology,Energy efficiency,Early stage,2019,37.89473724,Percentage,7.916666508
SAU,SAUDI ARABIA,Probability to receive funding,By technology,Energy efficiency,Early stage,2020,44.85981369,Percentage,8.916666985
SAU,SAUDI ARABIA,Probability to receive funding,By technology,Energy efficiency,Early stage,2021,40.33613586,Percentage,9.916666985
SAU,SAUDI ARABIA,Probability to receive funding,By technology,Fossil fuels,Early stage,2015,0,Percentage,6.5
SAU,SAUDI ARABIA,Probability to receive funding,By technology,Fossil fuels,Early stage,2016,0,Percentage,6.5
SAU,SAUDI ARABIA,Probability to receive funding,By technology,Fossil fuels,Early stage,2017,0,Percentage,6.5
SAU,SAUDI ARABIA,Probability to receive funding,By technology,Fossil fuels,Early stage,2018,0,Percentage,6.5
SAU,SAUDI ARABIA,Probability to receive funding,By technology,Fossil fuels,Early stage,2019,0,Percentage,6.5
SAU,SAUDI ARABIA,Probability to receive funding,By technology,Fossil fuels,Early stage,2020,0,Percentage,7.5
SAU,SAUDI ARABIA,Probability to receive funding,By technology,Fossil fuels,Early stage,2021,0,Percentage,7.5
SAU,SAUDI ARABIA,Probability to receive funding,By technology,Grid,Early stage,2015,27.27272797,Percentage,1.833333373
SAU,SAUDI ARABIA,Probability to receive funding,By technology,Grid,Early stage,2016,27.27272797,Percentage,1.833333373
SAU,SAUDI ARABIA,Probability to receive funding,By technology,Grid,Early stage,2017,27.27272797,Percentage,1.833333373
SAU,SAUDI ARABIA,Probability to receive funding,By technology,Grid,Early stage,2018,27.27272797,Percentage,1.833333373
SAU,SAUDI ARABIA,Probability to receive funding,By technology,Grid,Early stage,2019,27.27272797,Percentage,1.833333373
SAU,SAUDI ARABIA,Probability to receive funding,By technology,Grid,Early stage,2020,27.27272797,Percentage,1.833333373
SAU,SAUDI ARABIA,Probability to receive funding,By technology,Grid,Early stage,2021,27.27272797,Percentage,1.833333373
SAU,SAUDI ARABIA,Fundings of start-ups,By technology,Non-clean energy,Early stage,2012,240835.2344,USD,1
SAU,SAUDI ARABIA,Fundings of start-ups,By technology,Non-clean energy,Early stage,2016,3185739.25,USD,3
SAU,SAUDI ARABIA,Fundings of start-ups,By technology,Non-clean energy,Early stage,2017,566489.375,USD,1
SAU,SAUDI ARABIA,Fundings of start-ups,By technology,Non-clean energy,Early stage,2018,5546875,USD,1
SAU,SAUDI ARABIA,Fundings of start-ups,By technology,Non-clean energy,Early stage,2019,2173469.5,USD,1
SAU,SAUDI ARABIA,Probability to receive funding,By technology,Non-clean energy,Early stage,2021,17.24137878,Percentage,29
SAU,SAUDI ARABIA,Fundings of start-ups,By technology,Non-clean energy,Early stage,2021,1027651.938,USD,1
SAU,SAUDI ARABIA,Fundings of start-ups,By technology,Non-clean energy,Early stage,2022,1.817123294,Years,30
SAU,SAUDI ARABIA,Probability to receive funding,By technology,Other energy,Early stage,2015,0,Percentage,4.333333492
SAU,SAUDI ARABIA,Probability to receive funding,By technology,Other energy,Early stage,2016,0,Percentage,5.333333492
SAU,SAUDI ARABIA,Probability to receive funding,By technology,Other energy,Early stage,2017,0,Percentage,5.916666508
SAU,SAUDI ARABIA,Probability to receive funding,By technology,Other energy,Early stage,2018,0,Percentage,5.916666508
SAU,SAUDI ARABIA,Probability to receive funding,By technology,Other energy,Early stage,2019,0,Percentage,6.916666508
SAU,SAUDI ARABIA,Probability to receive funding,By technology,Other energy,Early stage,2020,0,Percentage,6.916666508
SAU,SAUDI ARABIA,Probability to receive funding,By technology,Other energy,Early stage,2021,0,Percentage,6.916666508
SAU,SAUDI ARABIA,Probability to receive funding,By technology,Other renewables,Early stage,2015,13.04347801,Percentage,3.833333254
SAU,SAUDI ARABIA,Probability to receive funding,By technology,Other renewables,Early stage,2016,13.04347801,Percentage,3.833333254
SAU,SAUDI ARABIA,Probability to receive funding,By technology,Other renewables,Early stage,2017,10.71428585,Percentage,4.666666508
SAU,SAUDI ARABIA,Probability to receive funding,By technology,Other renewables,Early stage,2018,26.47058868,Percentage,5.666666508
SAU,SAUDI ARABIA,Probability to receive funding,By technology,Other renewables,Early stage,2019,26.47058868,Percentage,5.666666508
SAU,SAUDI ARABIA,Probability to receive funding,By technology,Other renewables,Early stage,2020,26.47058868,Percentage,5.666666508
SAU,SAUDI ARABIA,Probability to receive funding,By technology,Other renewables,Early stage,2021,26.47058868,Percentage,5.666666508
SAU,SAUDI ARABIA,Probability to receive funding,By technology,Solar,Early stage,2015,46.15384674,Percentage,2.166666746
SAU,SAUDI ARABIA,Probability to receive funding,By technology,Solar,Early stage,2016,46.15384674,Percentage,2.166666746
SAU,SAUDI ARABIA,Probability to receive funding,By technology,Solar,Early stage,2017,46.15384674,Percentage,2.166666746
SAU,SAUDI ARABIA,Probability to receive funding,By technology,Solar,Early stage,2018,46.15384674,Percentage,2.166666746
SAU,SAUDI ARABIA,Probability to receive funding,By technology,Solar,Early stage,2019,46.15384674,Percentage,2.166666746
SAU,SAUDI ARABIA,Probability to receive funding,By technology,Solar,Early stage,2020,46.15384674,Percentage,2.166666746
SAU,SAUDI ARABIA,Probability to receive funding,By technology,Solar,Early stage,2021,46.15384674,Percentage,2.166666746
SAU,SAUDI ARABIA,Probability to receive funding,By technology,Clean energy,Later stage,2021,0,Percentage,17
SAU,SAUDI ARABIA,Probability to receive funding,By technology,Electric mobility,Later stage,2019,0,Percentage,1
SAU,SAUDI ARABIA,Probability to receive funding,By technology,Electric mobility,Later stage,2020,0,Percentage,1
SAU,SAUDI ARABIA,Probability to receive funding,By technology,Electric mobility,Later stage,2021,0,Percentage,2
SAU,SAUDI ARABIA,Probability to receive funding,By technology,Energy efficiency,Later stage,2015,0,Percentage,2.333333254
SAU,SAUDI ARABIA,Probability to receive funding,By technology,Energy efficiency,Later stage,2016,0,Percentage,4.333333492
SAU,SAUDI ARABIA,Probability to receive funding,By technology,Energy efficiency,Later stage,2017,0,Percentage,5.916666508
SAU,SAUDI ARABIA,Probability to receive funding,By technology,Energy efficiency,Later stage,2018,0,Percentage,6.916666508
SAU,SAUDI ARABIA,Probability to receive funding,By technology,Energy efficiency,Later stage,2019,0,Percentage,7.916666508
SAU,SAUDI ARABIA,Probability to receive funding,By technology,Energy efficiency,Later stage,2020,0,Percentage,8.916666985
SAU,SAUDI ARABIA,Probability to receive funding,By technology,Energy efficiency,Later stage,2021,0,Percentage,9.916666985
SAU,SAUDI ARABIA,Probability to receive funding,By technology,Fossil fuels,Later stage,2015,0,Percentage,6.5
SAU,SAUDI ARABIA,Probability to receive funding,By technology,Fossil fuels,Later stage,2016,0,Percentage,6.5
SAU,SAUDI ARABIA,Probability to receive funding,By technology,Fossil fuels,Later stage,2017,0,Percentage,6.5
SAU,SAUDI ARABIA,Probability to receive funding,By technology,Fossil fuels,Later stage,2018,0,Percentage,6.5
SAU,SAUDI ARABIA,Probability to receive funding,By technology,Fossil fuels,Later stage,2019,0,Percentage,6.5
SAU,SAUDI ARABIA,Probability to receive funding,By technology,Fossil fuels,Later stage,2020,0,Percentage,7.5
SAU,SAUDI ARABIA,Probability to receive funding,By technology,Fossil fuels,Later stage,2021,0,Percentage,7.5
SAU,SAUDI ARABIA,Probability to receive funding,By technology,Grid,Later stage,2015,0,Percentage,1.833333373
SAU,SAUDI ARABIA,Probability to receive funding,By technology,Grid,Later stage,2016,0,Percentage,1.833333373
SAU,SAUDI ARABIA,Probability to receive funding,By technology,Grid,Later stage,2017,0,Percentage,1.833333373
SAU,SAUDI ARABIA,Probability to receive funding,By technology,Grid,Later stage,2018,0,Percentage,1.833333373
SAU,SAUDI ARABIA,Probability to receive funding,By technology,Grid,Later stage,2019,0,Percentage,1.833333373
SAU,SAUDI ARABIA,Probability to receive funding,By technology,Grid,Later stage,2020,0,Percentage,1.833333373
SAU,SAUDI ARABIA,Probability to receive funding,By technology,Grid,Later stage,2021,0,Percentage,1.833333373
SAU,SAUDI ARABIA,Fundings of start-ups,By technology,Non-clean energy,Later stage,2015,128666.125,USD,1
SAU,SAUDI ARABIA,Probability to receive funding,By technology,Non-clean energy,Later stage,2021,3.448275805,Percentage,29
SAU,SAUDI ARABIA,Fundings of start-ups,By technology,Non-clean energy,Later stage,2022,3.83561635,Years,30
SAU,SAUDI ARABIA,Probability to receive funding,By technology,Other energy,Later stage,2015,0,Percentage,4.333333492
SAU,SAUDI ARABIA,Probability to receive funding,By technology,Other energy,Later stage,2016,0,Percentage,5.333333492
SAU,SAUDI ARABIA,Probability to receive funding,By technology,Other energy,Later stage,2017,0,Percentage,5.916666508
SAU,SAUDI ARABIA,Probability to receive funding,By technology,Other energy,Later stage,2018,0,Percentage,5.916666508
SAU,SAUDI ARABIA,Probability to receive funding,By technology,Other energy,Later stage,2019,0,Percentage,6.916666508
SAU,SAUDI ARABIA,Probability to receive funding,By technology,Other energy,Later stage,2020,0,Percentage,6.916666508
SAU,SAUDI ARABIA,Probability to receive funding,By technology,Other energy,Later stage,2021,0,Percentage,6.916666508
SAU,SAUDI ARABIA,Probability to receive funding,By technology,Other renewables,Later stage,2015,0,Percentage,3.833333254
SAU,SAUDI ARABIA,Probability to receive funding,By technology,Other renewables,Later stage,2016,0,Percentage,3.833333254
SAU,SAUDI ARABIA,Probability to receive funding,By technology,Other renewables,Later stage,2017,0,Percentage,4.666666508
SAU,SAUDI ARABIA,Probability to receive funding,By technology,Other renewables,Later stage,2018,0,Percentage,5.666666508
SAU,SAUDI ARABIA,Probability to receive funding,By technology,Other renewables,Later stage,2019,0,Percentage,5.666666508
SAU,SAUDI ARABIA,Probability to receive funding,By technology,Other renewables,Later stage,2020,0,Percentage,5.666666508
SAU,SAUDI ARABIA,Probability to receive funding,By technology,Other renewables,Later stage,2021,0,Percentage,5.666666508
SAU,SAUDI ARABIA,Probability to receive funding,By technology,Solar,Later stage,2015,46.15384674,Percentage,2.166666746
SAU,SAUDI ARABIA,Probability to receive funding,By technology,Solar,Later stage,2016,46.15384674,Percentage,2.166666746
SAU,SAUDI ARABIA,Probability to receive funding,By technology,Solar,Later stage,2017,46.15384674,Percentage,2.166666746
SAU,SAUDI ARABIA,Probability to receive funding,By technology,Solar,Later stage,2018,46.15384674,Percentage,2.166666746
SAU,SAUDI ARABIA,Probability to receive funding,By technology,Solar,Later stage,2019,46.15384674,Percentage,2.166666746
SAU,SAUDI ARABIA,Probability to receive funding,By technology,Solar,Later stage,2020,46.15384674,Percentage,2.166666746
SAU,SAUDI ARABIA,Probability to receive funding,By technology,Solar,Later stage,2021,46.15384674,Percentage,2.166666746
SEN,SENEGAL,Fundings of start-ups,"By sector (energy, green, digital)",Energy,Early stage,2017,3625532,USD,1
SEN,SENEGAL,Fundings of start-ups,"By sector (energy, green, digital)",Energy,Early stage,2020,9143939,USD,1
SEN,SENEGAL,Probability to receive funding,"By sector (energy, green, digital)",Energy,Early stage,2021,14.28571415,Percentage,7
SEN,SENEGAL,Fundings of start-ups,"By sector (energy, green, digital)",Energy,Early stage,2022,2.772602797,Years,7
SEN,SENEGAL,Probability to receive funding,"By sector (energy, green, digital)",Energy and digital,Early stage,2021,0,Percentage,2
SEN,SENEGAL,Fundings of start-ups,"By sector (energy, green, digital)",Energy and non-digital,Early stage,2017,3625532,USD,1
SEN,SENEGAL,Fundings of start-ups,"By sector (energy, green, digital)",Energy and non-digital,Early stage,2020,9143939,USD,1
SEN,SENEGAL,Probability to receive funding,"By sector (energy, green, digital)",Energy and non-digital,Early stage,2021,20,Percentage,5
SEN,SENEGAL,Fundings of start-ups,"By sector (energy, green, digital)",Energy and non-digital,Early stage,2022,2.772602797,Years,5
SEN,SENEGAL,Fundings of start-ups,"By sector (energy, green, digital)",Non-energy,Early stage,2013,179494.375,USD,1
SEN,SENEGAL,Fundings of start-ups,"By sector (energy, green, digital)",Non-energy,Early stage,2017,1089991.25,USD,1
SEN,SENEGAL,Fundings of start-ups,"By sector (energy, green, digital)",Non-energy,Early stage,2019,1113903,USD,2
SEN,SENEGAL,Fundings of start-ups,"By sector (energy, green, digital)",Non-energy,Early stage,2021,210175776,USD,6
SEN,SENEGAL,Probability to receive funding,"By sector (energy, green, digital)",Non-energy,Early stage,2021,13.15789509,Percentage,114
SEN,SENEGAL,Fundings of start-ups,"By sector (energy, green, digital)",Non-energy,Early stage,2022,2.72712326,Years,114
SEN,SENEGAL,Fundings of start-ups,"By sector (energy, green, digital)",Non-energy,Early stage,2022,7081804,USD,4
SEN,SENEGAL,Probability to receive funding,"By sector (energy, green, digital)",Energy,Later stage,2021,14.28571415,Percentage,7
SEN,SENEGAL,Fundings of start-ups,"By sector (energy, green, digital)",Energy,Later stage,2022,6.252054691,Years,7
SEN,SENEGAL,Probability to receive funding,"By sector (energy, green, digital)",Energy and digital,Later stage,2021,50,Percentage,2
SEN,SENEGAL,Fundings of start-ups,"By sector (energy, green, digital)",Energy and digital,Later stage,2022,6.252054691,Years,2
SEN,SENEGAL,Probability to receive funding,"By sector (energy, green, digital)",Energy and non-digital,Later stage,2021,0,Percentage,5
SEN,SENEGAL,Probability to receive funding,"By sector (energy, green, digital)",Non-energy,Later stage,2021,1.754385948,Percentage,114
SEN,SENEGAL,Fundings of start-ups,"By sector (energy, green, digital)",Non-energy,Later stage,2021,205797.0938,USD,1
SEN,SENEGAL,Fundings of start-ups,"By sector (energy, green, digital)",Non-energy,Later stage,2022,3.569863081,Years,114
SEN,SENEGAL,Fundings of start-ups,By technology,Other energy,all,2017,1208510.625,USD,0.333333343
SEN,SENEGAL,Fundings of start-ups,By technology,Other energy,all,2020,3047979.75,USD,0.333333343
SEN,SENEGAL,Fundings of start-ups,By technology,Other renewables,all,2017,1208510.625,USD,0.333333343
SEN,SENEGAL,Fundings of start-ups,By technology,Other renewables,all,2020,3047979.75,USD,0.333333343
SEN,SENEGAL,Fundings of start-ups,By technology,Solar,all,2017,1208510.625,USD,0.333333343
SEN,SENEGAL,Fundings of start-ups,By technology,Solar,all,2020,3047979.75,USD,0.333333343
SEN,SENEGAL,Fundings of start-ups,By technology,Clean energy,Early stage,2017,3625532,USD,1
SEN,SENEGAL,Fundings of start-ups,By technology,Clean energy,Early stage,2020,9143939,USD,1
SEN,SENEGAL,Probability to receive funding,By technology,Clean energy,Early stage,2021,25,Percentage,4
SEN,SENEGAL,Fundings of start-ups,By technology,Clean energy,Early stage,2022,2.772602797,Years,4
SEN,SENEGAL,Probability to receive funding,By technology,Energy efficiency,Early stage,2017,0,Percentage,0.25
SEN,SENEGAL,Probability to receive funding,By technology,Energy efficiency,Early stage,2018,0,Percentage,0.25
SEN,SENEGAL,Probability to receive funding,By technology,Energy efficiency,Early stage,2019,0,Percentage,0.25
SEN,SENEGAL,Probability to receive funding,By technology,Energy efficiency,Early stage,2020,0,Percentage,0.25
SEN,SENEGAL,Probability to receive funding,By technology,Energy efficiency,Early stage,2021,0,Percentage,0.25
SEN,SENEGAL,Probability to receive funding,By technology,Fossil fuels,Early stage,2020,0,Percentage,1
SEN,SENEGAL,Probability to receive funding,By technology,Fossil fuels,Early stage,2021,0,Percentage,1
SEN,SENEGAL,Probability to receive funding,By technology,Grid,Early stage,2015,0,Percentage,0.5
SEN,SENEGAL,Probability to receive funding,By technology,Grid,Early stage,2016,0,Percentage,0.5
SEN,SENEGAL,Probability to receive funding,By technology,Grid,Early stage,2017,0,Percentage,0.5
SEN,SENEGAL,Probability to receive funding,By technology,Grid,Early stage,2018,0,Percentage,0.5
SEN,SENEGAL,Probability to receive funding,By technology,Grid,Early stage,2019,0,Percentage,0.5
SEN,SENEGAL,Probability to receive funding,By technology,Grid,Early stage,2020,0,Percentage,0.5
SEN,SENEGAL,Probability to receive funding,By technology,Grid,Early stage,2021,0,Percentage,0.5
SEN,SENEGAL,Probability to receive funding,By technology,Non-clean energy,Early stage,2021,0,Percentage,3
SEN,SENEGAL,Probability to receive funding,By technology,Other energy,Early stage,2015,15.38461494,Percentage,2.166666746
SEN,SENEGAL,Probability to receive funding,By technology,Other energy,Early stage,2016,15.38461494,Percentage,2.166666746
SEN,SENEGAL,Probability to receive funding,By technology,Other energy,Early stage,2017,13.79310322,Percentage,2.416666746
SEN,SENEGAL,Probability to receive funding,By technology,Other energy,Early stage,2018,13.79310322,Percentage,2.416666746
SEN,SENEGAL,Probability to receive funding,By technology,Other energy,Early stage,2019,13.79310322,Percentage,2.416666746
SEN,SENEGAL,Probability to receive funding,By technology,Other energy,Early stage,2020,13.79310322,Percentage,2.416666746
SEN,SENEGAL,Probability to receive funding,By technology,Other energy,Early stage,2021,13.79310322,Percentage,2.416666746
SEN,SENEGAL,Probability to receive funding,By technology,Other renewables,Early stage,2015,28.5714283,Percentage,1.166666627
SEN,SENEGAL,Probability to receive funding,By technology,Other renewables,Early stage,2016,28.5714283,Percentage,1.166666627
SEN,SENEGAL,Probability to receive funding,By technology,Other renewables,Early stage,2017,23.52941132,Percentage,1.416666627
SEN,SENEGAL,Probability to receive funding,By technology,Other renewables,Early stage,2018,23.52941132,Percentage,1.416666627
SEN,SENEGAL,Probability to receive funding,By technology,Other renewables,Early stage,2019,23.52941132,Percentage,1.416666627
SEN,SENEGAL,Probability to receive funding,By technology,Other renewables,Early stage,2020,23.52941132,Percentage,1.416666627
SEN,SENEGAL,Probability to receive funding,By technology,Other renewables,Early stage,2021,23.52941132,Percentage,1.416666627
SEN,SENEGAL,Probability to receive funding,By technology,Solar,Early stage,2015,28.5714283,Percentage,1.166666627
SEN,SENEGAL,Probability to receive funding,By technology,Solar,Early stage,2016,28.5714283,Percentage,1.166666627
SEN,SENEGAL,Probability to receive funding,By technology,Solar,Early stage,2017,23.52941132,Percentage,1.416666627
SEN,SENEGAL,Probability to receive funding,By technology,Solar,Early stage,2018,23.52941132,Percentage,1.416666627
SEN,SENEGAL,Probability to receive funding,By technology,Solar,Early stage,2019,23.52941132,Percentage,1.416666627
SEN,SENEGAL,Probability to receive funding,By technology,Solar,Early stage,2020,23.52941132,Percentage,1.416666627
SEN,SENEGAL,Probability to receive funding,By technology,Solar,Early stage,2021,23.52941132,Percentage,1.416666627
SEN,SENEGAL,Probability to receive funding,By technology,Clean energy,Later stage,2021,0,Percentage,4
SEN,SENEGAL,Probability to receive funding,By technology,Energy efficiency,Later stage,2017,0,Percentage,0.25
SEN,SENEGAL,Probability to receive funding,By technology,Energy efficiency,Later stage,2018,0,Percentage,0.25
SEN,SENEGAL,Probability to receive funding,By technology,Energy efficiency,Later stage,2019,0,Percentage,0.25
SEN,SENEGAL,Probability to receive funding,By technology,Energy efficiency,Later stage,2020,0,Percentage,0.25
SEN,SENEGAL,Probability to receive funding,By technology,Energy efficiency,Later stage,2021,0,Percentage,0.25
SEN,SENEGAL,Probability to receive funding,By technology,Fossil fuels,Later stage,2020,0,Percentage,1
SEN,SENEGAL,Probability to receive funding,By technology,Fossil fuels,Later stage,2021,0,Percentage,1
SEN,SENEGAL,Probability to receive funding,By technology,Grid,Later stage,2015,0,Percentage,0.5
SEN,SENEGAL,Probability to receive funding,By technology,Grid,Later stage,2016,0,Percentage,0.5
SEN,SENEGAL,Probability to receive funding,By technology,Grid,Later stage,2017,0,Percentage,0.5
SEN,SENEGAL,Probability to receive funding,By technology,Grid,Later stage,2018,0,Percentage,0.5
SEN,SENEGAL,Probability to receive funding,By technology,Grid,Later stage,2019,0,Percentage,0.5
SEN,SENEGAL,Probability to receive funding,By technology,Grid,Later stage,2020,0,Percentage,0.5
SEN,SENEGAL,Probability to receive funding,By technology,Grid,Later stage,2021,0,Percentage,0.5
SEN,SENEGAL,Probability to receive funding,By technology,Non-clean energy,Later stage,2021,33.33333206,Percentage,3
SEN,SENEGAL,Fundings of start-ups,By technology,Non-clean energy,Later stage,2022,6.252054691,Years,3
SEN,SENEGAL,Probability to receive funding,By technology,Other energy,Later stage,2015,46.15384674,Percentage,2.166666746
SEN,SENEGAL,Probability to receive funding,By technology,Other energy,Later stage,2016,46.15384674,Percentage,2.166666746
SEN,SENEGAL,Probability to receive funding,By technology,Other energy,Later stage,2017,41.37931061,Percentage,2.416666746
SEN,SENEGAL,Probability to receive funding,By technology,Other energy,Later stage,2018,41.37931061,Percentage,2.416666746
SEN,SENEGAL,Probability to receive funding,By technology,Other energy,Later stage,2019,41.37931061,Percentage,2.416666746
SEN,SENEGAL,Probability to receive funding,By technology,Other energy,Later stage,2020,41.37931061,Percentage,2.416666746
SEN,SENEGAL,Probability to receive funding,By technology,Other energy,Later stage,2021,41.37931061,Percentage,2.416666746
SEN,SENEGAL,Probability to receive funding,By technology,Other renewables,Later stage,2015,0,Percentage,1.166666627
SEN,SENEGAL,Probability to receive funding,By technology,Other renewables,Later stage,2016,0,Percentage,1.166666627
SEN,SENEGAL,Probability to receive funding,By technology,Other renewables,Later stage,2017,0,Percentage,1.416666627
SEN,SENEGAL,Probability to receive funding,By technology,Other renewables,Later stage,2018,0,Percentage,1.416666627
SEN,SENEGAL,Probability to receive funding,By technology,Other renewables,Later stage,2019,0,Percentage,1.416666627
SEN,SENEGAL,Probability to receive funding,By technology,Other renewables,Later stage,2020,0,Percentage,1.416666627
SEN,SENEGAL,Probability to receive funding,By technology,Other renewables,Later stage,2021,0,Percentage,1.416666627
SEN,SENEGAL,Probability to receive funding,By technology,Solar,Later stage,2015,0,Percentage,1.166666627
SEN,SENEGAL,Probability to receive funding,By technology,Solar,Later stage,2016,0,Percentage,1.166666627
SEN,SENEGAL,Probability to receive funding,By technology,Solar,Later stage,2017,0,Percentage,1.416666627
SEN,SENEGAL,Probability to receive funding,By technology,Solar,Later stage,2018,0,Percentage,1.416666627
SEN,SENEGAL,Probability to receive funding,By technology,Solar,Later stage,2019,0,Percentage,1.416666627
SEN,SENEGAL,Probability to receive funding,By technology,Solar,Later stage,2020,0,Percentage,1.416666627
SEN,SENEGAL,Probability to receive funding,By technology,Solar,Later stage,2021,0,Percentage,1.416666627
SRB,SERBIA,Fundings of start-ups,"By sector (energy, green, digital)",Energy,Early stage,2012,181534.0938,USD,1
SRB,SERBIA,Fundings of start-ups,"By sector (energy, green, digital)",Energy,Early stage,2014,80185.67188,USD,1
SRB,SERBIA,Fundings of start-ups,"By sector (energy, green, digital)",Energy,Early stage,2015,137583.875,USD,1
SRB,SERBIA,Fundings of start-ups,"By sector (energy, green, digital)",Energy,Early stage,2018,38828.125,USD,1
SRB,SERBIA,Probability to receive funding,"By sector (energy, green, digital)",Energy,Early stage,2021,28.5714283,Percentage,14
SRB,SERBIA,Fundings of start-ups,"By sector (energy, green, digital)",Energy,Early stage,2022,3.605479479,Years,14
SRB,SERBIA,Fundings of start-ups,"By sector (energy, green, digital)",Energy and digital,Early stage,2014,80185.67188,USD,1
SRB,SERBIA,Fundings of start-ups,"By sector (energy, green, digital)",Energy and digital,Early stage,2015,137583.875,USD,1
SRB,SERBIA,Probability to receive funding,"By sector (energy, green, digital)",Energy and digital,Early stage,2021,33.33333206,Percentage,9
SRB,SERBIA,Fundings of start-ups,"By sector (energy, green, digital)",Energy and digital,Early stage,2022,2.230136871,Years,9
SRB,SERBIA,Fundings of start-ups,"By sector (energy, green, digital)",Energy and non-digital,Early stage,2012,181534.0938,USD,1
SRB,SERBIA,Fundings of start-ups,"By sector (energy, green, digital)",Energy and non-digital,Early stage,2018,38828.125,USD,1
SRB,SERBIA,Probability to receive funding,"By sector (energy, green, digital)",Energy and non-digital,Early stage,2021,20,Percentage,5
SRB,SERBIA,Fundings of start-ups,"By sector (energy, green, digital)",Energy and non-digital,Early stage,2022,6.356164455,Years,5
SRB,SERBIA,Fundings of start-ups,"By sector (energy, green, digital)",Non-energy,Early stage,2009,4215697.5,USD,1
SRB,SERBIA,Fundings of start-ups,"By sector (energy, green, digital)",Non-energy,Early stage,2012,181534.0938,USD,1
SRB,SERBIA,Fundings of start-ups,"By sector (energy, green, digital)",Non-energy,Early stage,2013,52386.03516,USD,2
SRB,SERBIA,Fundings of start-ups,"By sector (energy, green, digital)",Non-energy,Early stage,2014,14281425,USD,4
SRB,SERBIA,Fundings of start-ups,"By sector (energy, green, digital)",Non-energy,Early stage,2015,309739.6563,USD,5
SRB,SERBIA,Fundings of start-ups,"By sector (energy, green, digital)",Non-energy,Early stage,2016,1327523.625,USD,3
SRB,SERBIA,Fundings of start-ups,"By sector (energy, green, digital)",Non-energy,Early stage,2017,2769904,USD,5
SRB,SERBIA,Fundings of start-ups,"By sector (energy, green, digital)",Non-energy,Early stage,2018,2102081.5,USD,5
SRB,SERBIA,Fundings of start-ups,"By sector (energy, green, digital)",Non-energy,Early stage,2019,1108958.375,USD,3
SRB,SERBIA,Fundings of start-ups,"By sector (energy, green, digital)",Non-energy,Early stage,2020,4072966.75,USD,3
SRB,SERBIA,Probability to receive funding,"By sector (energy, green, digital)",Non-energy,Early stage,2021,6.346749306,Percentage,646
SRB,SERBIA,Fundings of start-ups,"By sector (energy, green, digital)",Non-energy,Early stage,2021,26457316,USD,6
SRB,SERBIA,Fundings of start-ups,"By sector (energy, green, digital)",Non-energy,Early stage,2022,2.010137081,Years,650
SRB,SERBIA,Fundings of start-ups,"By sector (energy, green, digital)",Non-energy,Early stage,2022,44035564,USD,3
SRB,SERBIA,Probability to receive funding,"By sector (energy, green, digital)",Energy,Later stage,2021,0,Percentage,14
SRB,SERBIA,Probability to receive funding,"By sector (energy, green, digital)",Energy and digital,Later stage,2021,0,Percentage,9
SRB,SERBIA,Probability to receive funding,"By sector (energy, green, digital)",Energy and non-digital,Later stage,2021,0,Percentage,5
SRB,SERBIA,Probability to receive funding,"By sector (energy, green, digital)",Non-energy,Later stage,2021,0.309597522,Percentage,646
SRB,SERBIA,Fundings of start-ups,"By sector (energy, green, digital)",Non-energy,Later stage,2022,4293651,USD,1
SRB,SERBIA,Fundings of start-ups,"By sector (energy, green, digital)",Non-energy,Later stage,2022,3.482191801,Years,650
SRB,SERBIA,Fundings of start-ups,By technology,Other energy,all,2012,90767.04688,USD,0.5
SRB,SERBIA,Fundings of start-ups,By technology,Other energy,all,2018,19414.0625,USD,0.5
SRB,SERBIA,Fundings of start-ups,By technology,Other renewables,all,2012,90767.04688,USD,0.5
SRB,SERBIA,Fundings of start-ups,By technology,Other renewables,all,2014,40092.83594,USD,0.5
SRB,SERBIA,Fundings of start-ups,By technology,Other renewables,all,2015,68791.9375,USD,0.5
SRB,SERBIA,Fundings of start-ups,By technology,Other renewables,all,2018,283643.3438,USD,1
SRB,SERBIA,Fundings of start-ups,By technology,Solar,all,2014,40092.83594,USD,0.5
SRB,SERBIA,Fundings of start-ups,By technology,Solar,all,2015,68791.9375,USD,0.5
SRB,SERBIA,Fundings of start-ups,By technology,Solar,all,2018,264229.2813,USD,0.5
SRB,SERBIA,Fundings of start-ups,By technology,Clean energy,Early stage,2012,181534.0938,USD,1
SRB,SERBIA,Fundings of start-ups,By technology,Clean energy,Early stage,2014,80185.67188,USD,1
SRB,SERBIA,Fundings of start-ups,By technology,Clean energy,Early stage,2015,137583.875,USD,1
SRB,SERBIA,Fundings of start-ups,By technology,Clean energy,Early stage,2018,38828.125,USD,1
SRB,SERBIA,Probability to receive funding,By technology,Clean energy,Early stage,2021,60,Percentage,5
SRB,SERBIA,Fundings of start-ups,By technology,Clean energy,Early stage,2022,4.886301517,Years,5
SRB,SERBIA,Probability to receive funding,By technology,Energy efficiency,Early stage,2015,0,Percentage,2
SRB,SERBIA,Probability to receive funding,By technology,Energy efficiency,Early stage,2016,0,Percentage,3
SRB,SERBIA,Probability to receive funding,By technology,Energy efficiency,Early stage,2017,0,Percentage,4
SRB,SERBIA,Probability to receive funding,By technology,Energy efficiency,Early stage,2018,20,Percentage,5
SRB,SERBIA,Probability to receive funding,By technology,Energy efficiency,Early stage,2019,28.5714283,Percentage,7
SRB,SERBIA,Probability to receive funding,By technology,Energy efficiency,Early stage,2020,25,Percentage,8
SRB,SERBIA,Probability to receive funding,By technology,Energy efficiency,Early stage,2021,25,Percentage,8
SRB,SERBIA,Probability to receive funding,By technology,Fossil fuels,Early stage,2015,0,Percentage,2
SRB,SERBIA,Probability to receive funding,By technology,Fossil fuels,Early stage,2016,0,Percentage,2
SRB,SERBIA,Probability to receive funding,By technology,Fossil fuels,Early stage,2017,0,Percentage,2
SRB,SERBIA,Probability to receive funding,By technology,Fossil fuels,Early stage,2018,0,Percentage,2
SRB,SERBIA,Probability to receive funding,By technology,Fossil fuels,Early stage,2019,0,Percentage,2
SRB,SERBIA,Probability to receive funding,By technology,Fossil fuels,Early stage,2020,0,Percentage,2
SRB,SERBIA,Probability to receive funding,By technology,Fossil fuels,Early stage,2021,0,Percentage,2
SRB,SERBIA,Probability to receive funding,By technology,Grid,Early stage,2015,0,Percentage,0.5
SRB,SERBIA,Probability to receive funding,By technology,Grid,Early stage,2016,0,Percentage,0.5
SRB,SERBIA,Probability to receive funding,By technology,Grid,Early stage,2017,0,Percentage,0.5
SRB,SERBIA,Probability to receive funding,By technology,Grid,Early stage,2018,0,Percentage,0.5
SRB,SERBIA,Probability to receive funding,By technology,Grid,Early stage,2019,0,Percentage,0.5
SRB,SERBIA,Probability to receive funding,By technology,Grid,Early stage,2020,0,Percentage,0.5
SRB,SERBIA,Probability to receive funding,By technology,Grid,Early stage,2021,0,Percentage,0.5
SRB,SERBIA,Probability to receive funding,By technology,Non-clean energy,Early stage,2021,11.11111069,Percentage,9
SRB,SERBIA,Fundings of start-ups,By technology,Non-clean energy,Early stage,2022,1.04383564,Years,9
SRB,SERBIA,Probability to receive funding,By technology,Other energy,Early stage,2015,50,Percentage,1
SRB,SERBIA,Probability to receive funding,By technology,Other energy,Early stage,2016,50,Percentage,1
SRB,SERBIA,Probability to receive funding,By technology,Other energy,Early stage,2017,50,Percentage,1
SRB,SERBIA,Probability to receive funding,By technology,Other energy,Early stage,2018,50,Percentage,1
SRB,SERBIA,Probability to receive funding,By technology,Other energy,Early stage,2019,50,Percentage,1
SRB,SERBIA,Probability to receive funding,By technology,Other energy,Early stage,2020,50,Percentage,1
SRB,SERBIA,Probability to receive funding,By technology,Other energy,Early stage,2021,50,Percentage,1
SRB,SERBIA,Probability to receive funding,By technology,Other renewables,Early stage,2015,100,Percentage,1
SRB,SERBIA,Probability to receive funding,By technology,Other renewables,Early stage,2016,100,Percentage,1
SRB,SERBIA,Probability to receive funding,By technology,Other renewables,Early stage,2017,100,Percentage,1
SRB,SERBIA,Probability to receive funding,By technology,Other renewables,Early stage,2018,100,Percentage,1
SRB,SERBIA,Probability to receive funding,By technology,Other renewables,Early stage,2019,100,Percentage,1
SRB,SERBIA,Probability to receive funding,By technology,Other renewables,Early stage,2020,100,Percentage,1
SRB,SERBIA,Probability to receive funding,By technology,Other renewables,Early stage,2021,100,Percentage,1
SRB,SERBIA,Probability to receive funding,By technology,Solar,Early stage,2015,100,Percentage,0.5
SRB,SERBIA,Probability to receive funding,By technology,Solar,Early stage,2016,100,Percentage,0.5
SRB,SERBIA,Probability to receive funding,By technology,Solar,Early stage,2017,100,Percentage,0.5
SRB,SERBIA,Probability to receive funding,By technology,Solar,Early stage,2018,100,Percentage,0.5
SRB,SERBIA,Probability to receive funding,By technology,Solar,Early stage,2019,100,Percentage,0.5
SRB,SERBIA,Probability to receive funding,By technology,Solar,Early stage,2020,100,Percentage,0.5
SRB,SERBIA,Probability to receive funding,By technology,Solar,Early stage,2021,100,Percentage,0.5
SRB,SERBIA,Probability to receive funding,By technology,Clean energy,Later stage,2021,0,Percentage,5
SRB,SERBIA,Probability to receive funding,By technology,Energy efficiency,Later stage,2015,0,Percentage,2
SRB,SERBIA,Probability to receive funding,By technology,Energy efficiency,Later stage,2016,0,Percentage,3
SRB,SERBIA,Probability to receive funding,By technology,Energy efficiency,Later stage,2017,0,Percentage,4
SRB,SERBIA,Probability to receive funding,By technology,Energy efficiency,Later stage,2018,0,Percentage,5
SRB,SERBIA,Probability to receive funding,By technology,Energy efficiency,Later stage,2019,0,Percentage,7
SRB,SERBIA,Probability to receive funding,By technology,Energy efficiency,Later stage,2020,0,Percentage,8
SRB,SERBIA,Probability to receive funding,By technology,Energy efficiency,Later stage,2021,0,Percentage,8
SRB,SERBIA,Probability to receive funding,By technology,Fossil fuels,Later stage,2015,0,Percentage,2
SRB,SERBIA,Probability to receive funding,By technology,Fossil fuels,Later stage,2016,0,Percentage,2
SRB,SERBIA,Probability to receive funding,By technology,Fossil fuels,Later stage,2017,0,Percentage,2
SRB,SERBIA,Probability to receive funding,By technology,Fossil fuels,Later stage,2018,0,Percentage,2
SRB,SERBIA,Probability to receive funding,By technology,Fossil fuels,Later stage,2019,0,Percentage,2
SRB,SERBIA,Probability to receive funding,By technology,Fossil fuels,Later stage,2020,0,Percentage,2
SRB,SERBIA,Probability to receive funding,By technology,Fossil fuels,Later stage,2021,0,Percentage,2
SRB,SERBIA,Probability to receive funding,By technology,Grid,Later stage,2015,0,Percentage,0.5
SRB,SERBIA,Probability to receive funding,By technology,Grid,Later stage,2016,0,Percentage,0.5
SRB,SERBIA,Probability to receive funding,By technology,Grid,Later stage,2017,0,Percentage,0.5
SRB,SERBIA,Probability to receive funding,By technology,Grid,Later stage,2018,0,Percentage,0.5
SRB,SERBIA,Probability to receive funding,By technology,Grid,Later stage,2019,0,Percentage,0.5
SRB,SERBIA,Probability to receive funding,By technology,Grid,Later stage,2020,0,Percentage,0.5
SRB,SERBIA,Probability to receive funding,By technology,Grid,Later stage,2021,0,Percentage,0.5
SRB,SERBIA,Probability to receive funding,By technology,Non-clean energy,Later stage,2021,0,Percentage,9
SRB,SERBIA,Probability to receive funding,By technology,Other energy,Later stage,2015,0,Percentage,1
SRB,SERBIA,Probability to receive funding,By technology,Other energy,Later stage,2016,0,Percentage,1
SRB,SERBIA,Probability to receive funding,By technology,Other energy,Later stage,2017,0,Percentage,1
SRB,SERBIA,Probability to receive funding,By technology,Other energy,Later stage,2018,0,Percentage,1
SRB,SERBIA,Probability to receive funding,By technology,Other energy,Later stage,2019,0,Percentage,1
SRB,SERBIA,Probability to receive funding,By technology,Other energy,Later stage,2020,0,Percentage,1
SRB,SERBIA,Probability to receive funding,By technology,Other energy,Later stage,2021,0,Percentage,1
SRB,SERBIA,Probability to receive funding,By technology,Other renewables,Later stage,2015,0,Percentage,1
SRB,SERBIA,Probability to receive funding,By technology,Other renewables,Later stage,2016,0,Percentage,1
SRB,SERBIA,Probability to receive funding,By technology,Other renewables,Later stage,2017,0,Percentage,1
SRB,SERBIA,Probability to receive funding,By technology,Other renewables,Later stage,2018,0,Percentage,1
SRB,SERBIA,Probability to receive funding,By technology,Other renewables,Later stage,2019,0,Percentage,1
SRB,SERBIA,Probability to receive funding,By technology,Other renewables,Later stage,2020,0,Percentage,1
SRB,SERBIA,Probability to receive funding,By technology,Other renewables,Later stage,2021,0,Percentage,1
SRB,SERBIA,Probability to receive funding,By technology,Solar,Later stage,2015,0,Percentage,0.5
SRB,SERBIA,Probability to receive funding,By technology,Solar,Later stage,2016,0,Percentage,0.5
SRB,SERBIA,Probability to receive funding,By technology,Solar,Later stage,2017,0,Percentage,0.5
SRB,SERBIA,Probability to receive funding,By technology,Solar,Later stage,2018,0,Percentage,0.5
SRB,SERBIA,Probability to receive funding,By technology,Solar,Later stage,2019,0,Percentage,0.5
SRB,SERBIA,Probability to receive funding,By technology,Solar,Later stage,2020,0,Percentage,0.5
SRB,SERBIA,Probability to receive funding,By technology,Solar,Later stage,2021,0,Percentage,0.5
SYC,SEYCHELLES,Fundings of start-ups,"By sector (energy, green, digital)",Non-energy,Early stage,2011,43343.02344,USD,1
SYC,SEYCHELLES,Fundings of start-ups,"By sector (energy, green, digital)",Non-energy,Early stage,2015,506022.0938,USD,2
SYC,SEYCHELLES,Fundings of start-ups,"By sector (energy, green, digital)",Non-energy,Early stage,2016,735081.5,USD,2
SYC,SEYCHELLES,Fundings of start-ups,"By sector (energy, green, digital)",Non-energy,Early stage,2017,586883,USD,2
SYC,SEYCHELLES,Fundings of start-ups,"By sector (energy, green, digital)",Non-energy,Early stage,2018,22720000,USD,2
SYC,SEYCHELLES,Fundings of start-ups,"By sector (energy, green, digital)",Non-energy,Early stage,2020,10913561,USD,3
SYC,SEYCHELLES,Probability to receive funding,"By sector (energy, green, digital)",Non-energy,Early stage,2021,15.78947353,Percentage,76
SYC,SEYCHELLES,Fundings of start-ups,"By sector (energy, green, digital)",Non-energy,Early stage,2021,29840580,USD,3
SYC,SEYCHELLES,Fundings of start-ups,"By sector (energy, green, digital)",Non-energy,Early stage,2022,180000000,USD,2
SYC,SEYCHELLES,Fundings of start-ups,"By sector (energy, green, digital)",Non-energy,Early stage,2022,0.864383578,Years,77
SYC,SEYCHELLES,Probability to receive funding,"By sector (energy, green, digital)",Non-energy,Later stage,2021,3.947368383,Percentage,76
SYC,SEYCHELLES,Fundings of start-ups,"By sector (energy, green, digital)",Non-energy,Later stage,2022,2.20821929,Years,77
SYC,SEYCHELLES,Fundings of start-ups,"By sector (energy, green, digital)",Non-energy,Later stage,2022,10000000,USD,1
SLE,SIERRA LEONE,Fundings of start-ups,"By sector (energy, green, digital)",Energy,Early stage,2018,832031.25,USD,1
SLE,SIERRA LEONE,Fundings of start-ups,"By sector (energy, green, digital)",Energy,Early stage,2020,3227272.75,USD,1
SLE,SIERRA LEONE,Probability to receive funding,"By sector (energy, green, digital)",Energy,Early stage,2021,100,Percentage,1
SLE,SIERRA LEONE,Fundings of start-ups,"By sector (energy, green, digital)",Energy,Early stage,2022,1.70410955,Years,1
SLE,SIERRA LEONE,Fundings of start-ups,"By sector (energy, green, digital)",Energy and digital,Early stage,2018,832031.25,USD,1
SLE,SIERRA LEONE,Fundings of start-ups,"By sector (energy, green, digital)",Energy and digital,Early stage,2020,3227272.75,USD,1
SLE,SIERRA LEONE,Probability to receive funding,"By sector (energy, green, digital)",Energy and digital,Early stage,2021,100,Percentage,1
SLE,SIERRA LEONE,Fundings of start-ups,"By sector (energy, green, digital)",Energy and digital,Early stage,2022,1.70410955,Years,1
SLE,SIERRA LEONE,Fundings of start-ups,"By sector (energy, green, digital)",Non-energy,Early stage,2018,332812.5,USD,1
SLE,SIERRA LEONE,Probability to receive funding,"By sector (energy, green, digital)",Non-energy,Early stage,2021,3.846153736,Percentage,26
SLE,SIERRA LEONE,Fundings of start-ups,"By sector (energy, green, digital)",Non-energy,Early stage,2022,7.169863224,Years,26
SLE,SIERRA LEONE,Probability to receive funding,"By sector (energy, green, digital)",Energy,Later stage,2021,0,Percentage,1
SLE,SIERRA LEONE,Probability to receive funding,"By sector (energy, green, digital)",Energy and digital,Later stage,2021,0,Percentage,1
SLE,SIERRA LEONE,Probability to receive funding,"By sector (energy, green, digital)",Non-energy,Later stage,2021,3.846153736,Percentage,26
SLE,SIERRA LEONE,Fundings of start-ups,"By sector (energy, green, digital)",Non-energy,Later stage,2022,7.673972607,Years,26
SLE,SIERRA LEONE,Fundings of start-ups,By technology,Grid,all,2018,371640.625,USD,0.5
SLE,SIERRA LEONE,Fundings of start-ups,By technology,Grid,all,2019,383894.4688,USD,0.5
SLE,SIERRA LEONE,Fundings of start-ups,By technology,Grid,all,2020,1344697,USD,0.5
SLE,SIERRA LEONE,Fundings of start-ups,By technology,Other energy,all,2018,371640.625,USD,0.5
SLE,SIERRA LEONE,Fundings of start-ups,By technology,Other energy,all,2019,383894.4688,USD,0.5
SLE,SIERRA LEONE,Fundings of start-ups,By technology,Other energy,all,2020,1344697,USD,0.5
SLE,SIERRA LEONE,Fundings of start-ups,By technology,Other renewables,all,2018,371640.625,USD,0.5
SLE,SIERRA LEONE,Fundings of start-ups,By technology,Other renewables,all,2019,383894.4688,USD,0.5
SLE,SIERRA LEONE,Fundings of start-ups,By technology,Other renewables,all,2020,1344697,USD,0.5
SLE,SIERRA LEONE,Fundings of start-ups,By technology,Solar,all,2018,371640.625,USD,0.5
SLE,SIERRA LEONE,Fundings of start-ups,By technology,Solar,all,2019,383894.4688,USD,0.5
SLE,SIERRA LEONE,Fundings of start-ups,By technology,Solar,all,2020,1344697,USD,0.5
SLE,SIERRA LEONE,Fundings of start-ups,By technology,Clean energy,Early stage,2018,832031.25,USD,1
SLE,SIERRA LEONE,Fundings of start-ups,By technology,Clean energy,Early stage,2020,3227272.75,USD,1
SLE,SIERRA LEONE,Probability to receive funding,By technology,Clean energy,Early stage,2021,100,Percentage,1
SLE,SIERRA LEONE,Fundings of start-ups,By technology,Clean energy,Early stage,2022,1.70410955,Years,1
SLE,SIERRA LEONE,Probability to receive funding,By technology,Grid,Early stage,2016,100,Percentage,0.25
SLE,SIERRA LEONE,Probability to receive funding,By technology,Grid,Early stage,2017,100,Percentage,0.25
SLE,SIERRA LEONE,Probability to receive funding,By technology,Grid,Early stage,2018,100,Percentage,0.25
SLE,SIERRA LEONE,Probability to receive funding,By technology,Grid,Early stage,2019,100,Percentage,0.25
SLE,SIERRA LEONE,Probability to receive funding,By technology,Grid,Early stage,2020,100,Percentage,0.25
SLE,SIERRA LEONE,Probability to receive funding,By technology,Grid,Early stage,2021,100,Percentage,0.25
SLE,SIERRA LEONE,Probability to receive funding,By technology,Other energy,Early stage,2016,100,Percentage,0.25
SLE,SIERRA LEONE,Probability to receive funding,By technology,Other energy,Early stage,2017,100,Percentage,0.25
SLE,SIERRA LEONE,Probability to receive funding,By technology,Other energy,Early stage,2018,100,Percentage,0.25
SLE,SIERRA LEONE,Probability to receive funding,By technology,Other energy,Early stage,2019,100,Percentage,0.25
SLE,SIERRA LEONE,Probability to receive funding,By technology,Other energy,Early stage,2020,100,Percentage,0.25
SLE,SIERRA LEONE,Probability to receive funding,By technology,Other energy,Early stage,2021,100,Percentage,0.25
SLE,SIERRA LEONE,Probability to receive funding,By technology,Other renewables,Early stage,2016,100,Percentage,0.25
SLE,SIERRA LEONE,Probability to receive funding,By technology,Other renewables,Early stage,2017,100,Percentage,0.25
SLE,SIERRA LEONE,Probability to receive funding,By technology,Other renewables,Early stage,2018,100,Percentage,0.25
SLE,SIERRA LEONE,Probability to receive funding,By technology,Other renewables,Early stage,2019,100,Percentage,0.25
SLE,SIERRA LEONE,Probability to receive funding,By technology,Other renewables,Early stage,2020,100,Percentage,0.25
SLE,SIERRA LEONE,Probability to receive funding,By technology,Other renewables,Early stage,2021,100,Percentage,0.25
SLE,SIERRA LEONE,Probability to receive funding,By technology,Solar,Early stage,2016,100,Percentage,0.25
SLE,SIERRA LEONE,Probability to receive funding,By technology,Solar,Early stage,2017,100,Percentage,0.25
SLE,SIERRA LEONE,Probability to receive funding,By technology,Solar,Early stage,2018,100,Percentage,0.25
SLE,SIERRA LEONE,Probability to receive funding,By technology,Solar,Early stage,2019,100,Percentage,0.25
SLE,SIERRA LEONE,Probability to receive funding,By technology,Solar,Early stage,2020,100,Percentage,0.25
SLE,SIERRA LEONE,Probability to receive funding,By technology,Solar,Early stage,2021,100,Percentage,0.25
SLE,SIERRA LEONE,Probability to receive funding,By technology,Clean energy,Later stage,2021,0,Percentage,1
SLE,SIERRA LEONE,Probability to receive funding,By technology,Grid,Later stage,2016,0,Percentage,0.25
SLE,SIERRA LEONE,Probability to receive funding,By technology,Grid,Later stage,2017,0,Percentage,0.25
SLE,SIERRA LEONE,Probability to receive funding,By technology,Grid,Later stage,2018,0,Percentage,0.25
SLE,SIERRA LEONE,Probability to receive funding,By technology,Grid,Later stage,2019,0,Percentage,0.25
SLE,SIERRA LEONE,Probability to receive funding,By technology,Grid,Later stage,2020,0,Percentage,0.25
SLE,SIERRA LEONE,Probability to receive funding,By technology,Grid,Later stage,2021,0,Percentage,0.25
SLE,SIERRA LEONE,Probability to receive funding,By technology,Other energy,Later stage,2016,0,Percentage,0.25
SLE,SIERRA LEONE,Probability to receive funding,By technology,Other energy,Later stage,2017,0,Percentage,0.25
SLE,SIERRA LEONE,Probability to receive funding,By technology,Other energy,Later stage,2018,0,Percentage,0.25
SLE,SIERRA LEONE,Probability to receive funding,By technology,Other energy,Later stage,2019,0,Percentage,0.25
SLE,SIERRA LEONE,Probability to receive funding,By technology,Other energy,Later stage,2020,0,Percentage,0.25
SLE,SIERRA LEONE,Probability to receive funding,By technology,Other energy,Later stage,2021,0,Percentage,0.25
SLE,SIERRA LEONE,Probability to receive funding,By technology,Other renewables,Later stage,2016,0,Percentage,0.25
SLE,SIERRA LEONE,Probability to receive funding,By technology,Other renewables,Later stage,2017,0,Percentage,0.25
SLE,SIERRA LEONE,Probability to receive funding,By technology,Other renewables,Later stage,2018,0,Percentage,0.25
SLE,SIERRA LEONE,Probability to receive funding,By technology,Other renewables,Later stage,2019,0,Percentage,0.25
SLE,SIERRA LEONE,Probability to receive funding,By technology,Other renewables,Later stage,2020,0,Percentage,0.25
SLE,SIERRA LEONE,Probability to receive funding,By technology,Other renewables,Later stage,2021,0,Percentage,0.25
SLE,SIERRA LEONE,Probability to receive funding,By technology,Solar,Later stage,2016,0,Percentage,0.25
SLE,SIERRA LEONE,Probability to receive funding,By technology,Solar,Later stage,2017,0,Percentage,0.25
SLE,SIERRA LEONE,Probability to receive funding,By technology,Solar,Later stage,2018,0,Percentage,0.25
SLE,SIERRA LEONE,Probability to receive funding,By technology,Solar,Later stage,2019,0,Percentage,0.25
SLE,SIERRA LEONE,Probability to receive funding,By technology,Solar,Later stage,2020,0,Percentage,0.25
SLE,SIERRA LEONE,Probability to receive funding,By technology,Solar,Later stage,2021,0,Percentage,0.25
SGP,SINGAPORE,Fundings of start-ups,"By sector (energy, green, digital)",Energy,Early stage,2007,401886.7813,USD,1
SGP,SINGAPORE,Fundings of start-ups,"By sector (energy, green, digital)",Energy,Early stage,2010,1133735.25,USD,1
SGP,SINGAPORE,Fundings of start-ups,"By sector (energy, green, digital)",Energy,Early stage,2012,1167692.625,USD,2
SGP,SINGAPORE,Fundings of start-ups,"By sector (energy, green, digital)",Energy,Early stage,2013,568281.625,USD,1
SGP,SINGAPORE,Fundings of start-ups,"By sector (energy, green, digital)",Energy,Early stage,2014,3431346.5,USD,2
SGP,SINGAPORE,Fundings of start-ups,"By sector (energy, green, digital)",Energy,Early stage,2015,118382816,USD,9
SGP,SINGAPORE,Fundings of start-ups,"By sector (energy, green, digital)",Energy,Early stage,2016,11649606,USD,6
SGP,SINGAPORE,Fundings of start-ups,"By sector (energy, green, digital)",Energy,Early stage,2017,1404864.125,USD,2
SGP,SINGAPORE,Fundings of start-ups,"By sector (energy, green, digital)",Energy,Early stage,2018,56323012,USD,10
SGP,SINGAPORE,Fundings of start-ups,"By sector (energy, green, digital)",Energy,Early stage,2019,25762110,USD,10
SGP,SINGAPORE,Fundings of start-ups,"By sector (energy, green, digital)",Energy,Early stage,2020,80161640,USD,9
SGP,SINGAPORE,Probability to receive funding,"By sector (energy, green, digital)",Energy,Early stage,2021,21.81818199,Percentage,220
SGP,SINGAPORE,Fundings of start-ups,"By sector (energy, green, digital)",Energy,Early stage,2021,42618460,USD,8
SGP,SINGAPORE,Fundings of start-ups,"By sector (energy, green, digital)",Energy,Early stage,2022,276595424,USD,10
SGP,SINGAPORE,Fundings of start-ups,"By sector (energy, green, digital)",Energy,Early stage,2022,1.88451457,Years,222
SGP,SINGAPORE,Fundings of start-ups,"By sector (energy, green, digital)",Energy and digital,Early stage,2007,401886.7813,USD,1
SGP,SINGAPORE,Fundings of start-ups,"By sector (energy, green, digital)",Energy and digital,Early stage,2010,1133735.25,USD,1
SGP,SINGAPORE,Fundings of start-ups,"By sector (energy, green, digital)",Energy and digital,Early stage,2012,1167692.625,USD,2
SGP,SINGAPORE,Fundings of start-ups,"By sector (energy, green, digital)",Energy and digital,Early stage,2013,568281.625,USD,1
SGP,SINGAPORE,Fundings of start-ups,"By sector (energy, green, digital)",Energy and digital,Early stage,2014,3431346.5,USD,2
SGP,SINGAPORE,Fundings of start-ups,"By sector (energy, green, digital)",Energy and digital,Early stage,2015,22927044,USD,6
SGP,SINGAPORE,Fundings of start-ups,"By sector (energy, green, digital)",Energy and digital,Early stage,2016,10897160,USD,4
SGP,SINGAPORE,Fundings of start-ups,"By sector (energy, green, digital)",Energy and digital,Early stage,2017,566489.375,USD,1
SGP,SINGAPORE,Fundings of start-ups,"By sector (energy, green, digital)",Energy and digital,Early stage,2018,11158683,USD,7
SGP,SINGAPORE,Fundings of start-ups,"By sector (energy, green, digital)",Energy and digital,Early stage,2019,24675376,USD,9
SGP,SINGAPORE,Fundings of start-ups,"By sector (energy, green, digital)",Energy and digital,Early stage,2020,6364667,USD,3
SGP,SINGAPORE,Probability to receive funding,"By sector (energy, green, digital)",Energy and digital,Early stage,2021,35.10638428,Percentage,94
SGP,SINGAPORE,Fundings of start-ups,"By sector (energy, green, digital)",Energy and digital,Early stage,2021,39017008,USD,7
SGP,SINGAPORE,Fundings of start-ups,"By sector (energy, green, digital)",Energy and digital,Early stage,2022,31844688,USD,7
SGP,SINGAPORE,Fundings of start-ups,"By sector (energy, green, digital)",Energy and digital,Early stage,2022,1.648519635,Years,95
SGP,SINGAPORE,Fundings of start-ups,"By sector (energy, green, digital)",Energy and non-digital,Early stage,2015,95455776,USD,3
SGP,SINGAPORE,Fundings of start-ups,"By sector (energy, green, digital)",Energy and non-digital,Early stage,2016,752445.625,USD,2
SGP,SINGAPORE,Fundings of start-ups,"By sector (energy, green, digital)",Energy and non-digital,Early stage,2017,838374.8125,USD,1
SGP,SINGAPORE,Fundings of start-ups,"By sector (energy, green, digital)",Energy and non-digital,Early stage,2018,45164332,USD,3
SGP,SINGAPORE,Fundings of start-ups,"By sector (energy, green, digital)",Energy and non-digital,Early stage,2019,1086734.75,USD,1
SGP,SINGAPORE,Fundings of start-ups,"By sector (energy, green, digital)",Energy and non-digital,Early stage,2020,73796968,USD,6
SGP,SINGAPORE,Fundings of start-ups,"By sector (energy, green, digital)",Energy and non-digital,Early stage,2021,3601449.25,USD,1
SGP,SINGAPORE,Probability to receive funding,"By sector (energy, green, digital)",Energy and non-digital,Early stage,2021,11.90476227,Percentage,126
SGP,SINGAPORE,Fundings of start-ups,"By sector (energy, green, digital)",Energy and non-digital,Early stage,2022,2.372237444,Years,127
SGP,SINGAPORE,Fundings of start-ups,"By sector (energy, green, digital)",Energy and non-digital,Early stage,2022,244750752,USD,3
SGP,SINGAPORE,Fundings of start-ups,"By sector (energy, green, digital)",Non-energy,Early stage,2000,68181848,USD,2
SGP,SINGAPORE,Fundings of start-ups,"By sector (energy, green, digital)",Non-energy,Early stage,2002,29326086,USD,3
SGP,SINGAPORE,Fundings of start-ups,"By sector (energy, green, digital)",Non-energy,Early stage,2003,40031916,USD,3
SGP,SINGAPORE,Fundings of start-ups,"By sector (energy, green, digital)",Non-energy,Early stage,2005,14295302,USD,1
SGP,SINGAPORE,Fundings of start-ups,"By sector (energy, green, digital)",Non-energy,Early stage,2006,9100909,USD,3
SGP,SINGAPORE,Fundings of start-ups,"By sector (energy, green, digital)",Non-energy,Early stage,2007,61542264,USD,16
SGP,SINGAPORE,Fundings of start-ups,"By sector (energy, green, digital)",Non-energy,Early stage,2008,52427020,USD,11
SGP,SINGAPORE,Fundings of start-ups,"By sector (energy, green, digital)",Non-energy,Early stage,2009,13168335,USD,10
SGP,SINGAPORE,Fundings of start-ups,"By sector (energy, green, digital)",Non-energy,Early stage,2010,57803976,USD,24
SGP,SINGAPORE,Fundings of start-ups,"By sector (energy, green, digital)",Non-energy,Early stage,2011,86659912,USD,40
SGP,SINGAPORE,Fundings of start-ups,"By sector (energy, green, digital)",Non-energy,Early stage,2012,194548176,USD,64
SGP,SINGAPORE,Fundings of start-ups,"By sector (energy, green, digital)",Non-energy,Early stage,2013,251528352,USD,106
SGP,SINGAPORE,Fundings of start-ups,"By sector (energy, green, digital)",Non-energy,Early stage,2014,253955088,USD,110
SGP,SINGAPORE,Fundings of start-ups,"By sector (energy, green, digital)",Non-energy,Early stage,2015,425975648,USD,176
SGP,SINGAPORE,Fundings of start-ups,"By sector (energy, green, digital)",Non-energy,Early stage,2016,419942944,USD,177
SGP,SINGAPORE,Fundings of start-ups,"By sector (energy, green, digital)",Non-energy,Early stage,2017,676138944,USD,194
SGP,SINGAPORE,Fundings of start-ups,"By sector (energy, green, digital)",Non-energy,Early stage,2018,1087194496,USD,221
SGP,SINGAPORE,Fundings of start-ups,"By sector (energy, green, digital)",Non-energy,Early stage,2019,1189832320,USD,253
SGP,SINGAPORE,Fundings of start-ups,"By sector (energy, green, digital)",Non-energy,Early stage,2020,1217051904,USD,240
SGP,SINGAPORE,Fundings of start-ups,"By sector (energy, green, digital)",Non-energy,Early stage,2021,3325715712,USD,365
SGP,SINGAPORE,Probability to receive funding,"By sector (energy, green, digital)",Non-energy,Early stage,2021,18.32386398,Percentage,8448
SGP,SINGAPORE,Fundings of start-ups,"By sector (energy, green, digital)",Non-energy,Early stage,2022,2817915392,USD,238
SGP,SINGAPORE,Fundings of start-ups,"By sector (energy, green, digital)",Non-energy,Early stage,2022,1.705326438,Years,8548
SGP,SINGAPORE,Fundings of start-ups,"By sector (energy, green, digital)",Energy,Later stage,2013,6312361.5,USD,1
SGP,SINGAPORE,Fundings of start-ups,"By sector (energy, green, digital)",Energy,Later stage,2017,6146409.5,USD,2
SGP,SINGAPORE,Fundings of start-ups,"By sector (energy, green, digital)",Energy,Later stage,2020,1187370.625,USD,1
SGP,SINGAPORE,Fundings of start-ups,"By sector (energy, green, digital)",Energy,Later stage,2021,520444.4063,USD,1
SGP,SINGAPORE,Probability to receive funding,"By sector (energy, green, digital)",Energy,Later stage,2021,6.818181992,Percentage,220
SGP,SINGAPORE,Fundings of start-ups,"By sector (energy, green, digital)",Energy,Later stage,2022,4.045296669,Years,222
SGP,SINGAPORE,Fundings of start-ups,"By sector (energy, green, digital)",Energy,Later stage,2022,91750000,USD,2
SGP,SINGAPORE,Fundings of start-ups,"By sector (energy, green, digital)",Energy and digital,Later stage,2013,6312361.5,USD,1
SGP,SINGAPORE,Probability to receive funding,"By sector (energy, green, digital)",Energy and digital,Later stage,2021,4.255319118,Percentage,94
SGP,SINGAPORE,Fundings of start-ups,"By sector (energy, green, digital)",Energy and digital,Later stage,2021,520444.4063,USD,1
SGP,SINGAPORE,Fundings of start-ups,"By sector (energy, green, digital)",Energy and digital,Later stage,2022,4.091095924,Years,95
SGP,SINGAPORE,Fundings of start-ups,"By sector (energy, green, digital)",Energy and non-digital,Later stage,2017,6146409.5,USD,2
SGP,SINGAPORE,Fundings of start-ups,"By sector (energy, green, digital)",Energy and non-digital,Later stage,2020,1187370.625,USD,1
SGP,SINGAPORE,Probability to receive funding,"By sector (energy, green, digital)",Energy and non-digital,Later stage,2021,8.730158806,Percentage,126
SGP,SINGAPORE,Fundings of start-ups,"By sector (energy, green, digital)",Energy and non-digital,Later stage,2022,91750000,USD,2
SGP,SINGAPORE,Fundings of start-ups,"By sector (energy, green, digital)",Energy and non-digital,Later stage,2022,4.028642654,Years,127
SGP,SINGAPORE,Fundings of start-ups,"By sector (energy, green, digital)",Non-energy,Later stage,2000,8068182,USD,1
SGP,SINGAPORE,Fundings of start-ups,"By sector (energy, green, digital)",Non-energy,Later stage,2004,28644828,USD,2
SGP,SINGAPORE,Fundings of start-ups,"By sector (energy, green, digital)",Non-energy,Later stage,2009,7792683,USD,1
SGP,SINGAPORE,Fundings of start-ups,"By sector (energy, green, digital)",Non-energy,Later stage,2010,21699188,USD,4
SGP,SINGAPORE,Fundings of start-ups,"By sector (energy, green, digital)",Non-energy,Later stage,2011,18336696,USD,2
SGP,SINGAPORE,Fundings of start-ups,"By sector (energy, green, digital)",Non-energy,Later stage,2012,6051136.5,USD,1
SGP,SINGAPORE,Fundings of start-ups,"By sector (energy, green, digital)",Non-energy,Later stage,2013,566605056,USD,13
SGP,SINGAPORE,Fundings of start-ups,"By sector (energy, green, digital)",Non-energy,Later stage,2014,703261248,USD,14
SGP,SINGAPORE,Fundings of start-ups,"By sector (energy, green, digital)",Non-energy,Later stage,2015,735320704,USD,16
SGP,SINGAPORE,Fundings of start-ups,"By sector (energy, green, digital)",Non-energy,Later stage,2016,1591002752,USD,11
SGP,SINGAPORE,Fundings of start-ups,"By sector (energy, green, digital)",Non-energy,Later stage,2017,2716455168,USD,24
SGP,SINGAPORE,Fundings of start-ups,"By sector (energy, green, digital)",Non-energy,Later stage,2018,2720675328,USD,23
SGP,SINGAPORE,Fundings of start-ups,"By sector (energy, green, digital)",Non-energy,Later stage,2019,3956302336,USD,34
SGP,SINGAPORE,Fundings of start-ups,"By sector (energy, green, digital)",Non-energy,Later stage,2020,2055389312,USD,28
SGP,SINGAPORE,Fundings of start-ups,"By sector (energy, green, digital)",Non-energy,Later stage,2021,4695028736,USD,48
SGP,SINGAPORE,Probability to receive funding,"By sector (energy, green, digital)",Non-energy,Later stage,2021,3.018465996,Percentage,8448
SGP,SINGAPORE,Fundings of start-ups,"By sector (energy, green, digital)",Non-energy,Later stage,2022,4.57404232,Years,8548
SGP,SINGAPORE,Fundings of start-ups,"By sector (energy, green, digital)",Non-energy,Later stage,2022,2885079552,USD,34
SGP,SINGAPORE,Fundings of start-ups,By technology,Electric mobility,all,2013,284140.8125,USD,0.5
SGP,SINGAPORE,Fundings of start-ups,By technology,Electric mobility,all,2015,4589503,USD,1
SGP,SINGAPORE,Fundings of start-ups,By technology,Electric mobility,all,2018,9873438,USD,3
SGP,SINGAPORE,Fundings of start-ups,By technology,Electric mobility,all,2019,1086734.75,USD,1
SGP,SINGAPORE,Fundings of start-ups,By technology,Electric mobility,all,2020,71645456,USD,5
SGP,SINGAPORE,Fundings of start-ups,By technology,Electric mobility,all,2021,3601449.25,USD,1
SGP,SINGAPORE,Fundings of start-ups,By technology,Electric mobility,all,2022,93000000,USD,1
SGP,SINGAPORE,Fundings of start-ups,By technology,Energy efficiency,all,2007,401886.7813,USD,1
SGP,SINGAPORE,Fundings of start-ups,By technology,Energy efficiency,all,2010,1133735.25,USD,1
SGP,SINGAPORE,Fundings of start-ups,By technology,Energy efficiency,all,2013,6312361.5,USD,1
SGP,SINGAPORE,Fundings of start-ups,By technology,Energy efficiency,all,2015,38779828,USD,3.950000048
SGP,SINGAPORE,Fundings of start-ups,By technology,Energy efficiency,all,2016,6380757,USD,3.5
SGP,SINGAPORE,Fundings of start-ups,By technology,Energy efficiency,all,2017,17733762,USD,2.099999905
SGP,SINGAPORE,Fundings of start-ups,By technology,Energy efficiency,all,2018,14865710,USD,5.5
SGP,SINGAPORE,Fundings of start-ups,By technology,Energy efficiency,all,2019,28392312,USD,6.066666603
SGP,SINGAPORE,Fundings of start-ups,By technology,Energy efficiency,all,2020,5552643,USD,2.200000048
SGP,SINGAPORE,Fundings of start-ups,By technology,Energy efficiency,all,2021,28106592,USD,3.200000048
SGP,SINGAPORE,Fundings of start-ups,By technology,Energy efficiency,all,2022,22500000,USD,1.200000048
SGP,SINGAPORE,Fundings of start-ups,By technology,Energy storage and batteries,all,2018,1109375,USD,1
SGP,SINGAPORE,Fundings of start-ups,By technology,Fossil fuels,all,2012,1167692.625,USD,2
SGP,SINGAPORE,Fundings of start-ups,By technology,Fossil fuels,all,2014,3112873.25,USD,1.5
SGP,SINGAPORE,Fundings of start-ups,By technology,Fossil fuels,all,2015,63252.76172,USD,0.25
SGP,SINGAPORE,Fundings of start-ups,By technology,Fossil fuels,all,2016,173641.2969,USD,1
SGP,SINGAPORE,Fundings of start-ups,By technology,Fossil fuels,all,2017,419187.4063,USD,0.5
SGP,SINGAPORE,Fundings of start-ups,By technology,Fossil fuels,all,2020,37359.98438,USD,1
SGP,SINGAPORE,Fundings of start-ups,By technology,Grid,all,2014,218883.9844,USD,1
SGP,SINGAPORE,Fundings of start-ups,By technology,Grid,all,2015,2068343,USD,2
SGP,SINGAPORE,Fundings of start-ups,By technology,Grid,all,2022,50391324,USD,0.333333343
SGP,SINGAPORE,Fundings of start-ups,By technology,Hydrogen and fuel cells,all,2022,800000,USD,0.400000006
SGP,SINGAPORE,Fundings of start-ups,By technology,Other energy,all,2013,284140.8125,USD,0.5
SGP,SINGAPORE,Fundings of start-ups,By technology,Other energy,all,2014,318473.25,USD,0.5
SGP,SINGAPORE,Fundings of start-ups,By technology,Other energy,all,2015,18185904,USD,0.449999988
SGP,SINGAPORE,Fundings of start-ups,By technology,Other energy,all,2016,521788.3438,USD,0.5
SGP,SINGAPORE,Fundings of start-ups,By technology,Other energy,all,2017,17678514,USD,1.600000024
SGP,SINGAPORE,Fundings of start-ups,By technology,Other energy,all,2018,23352324,USD,3.75
SGP,SINGAPORE,Fundings of start-ups,By technology,Other energy,all,2019,11119079,USD,2.150000095
SGP,SINGAPORE,Fundings of start-ups,By technology,Other energy,all,2020,1819300.875,USD,0.699999988
SGP,SINGAPORE,Fundings of start-ups,By technology,Other energy,all,2021,15715352,USD,1.700000048
SGP,SINGAPORE,Fundings of start-ups,By technology,Other energy,all,2022,19851772,USD,1.899999976
SGP,SINGAPORE,Fundings of start-ups,By technology,Other renewables,all,2015,36573336,USD,1.149999976
SGP,SINGAPORE,Fundings of start-ups,By technology,Other renewables,all,2016,4428717.5,USD,0.75
SGP,SINGAPORE,Fundings of start-ups,By technology,Other renewables,all,2017,34419520,USD,1.700000048
SGP,SINGAPORE,Fundings of start-ups,By technology,Other renewables,all,2018,19103416,USD,0.75
SGP,SINGAPORE,Fundings of start-ups,By technology,Other renewables,all,2019,16762493,USD,3.133333445
SGP,SINGAPORE,Fundings of start-ups,By technology,Other renewables,all,2020,1895411.375,USD,1.649999976
SGP,SINGAPORE,Fundings of start-ups,By technology,Other renewables,all,2021,49644652,USD,4.900000095
SGP,SINGAPORE,Fundings of start-ups,By technology,Other renewables,all,2022,101116328,USD,3.633333445
SGP,SINGAPORE,Fundings of start-ups,By technology,Solar,all,2015,18122652,USD,0.200000003
SGP,SINGAPORE,Fundings of start-ups,By technology,Solar,all,2016,144701.0938,USD,0.25
SGP,SINGAPORE,Fundings of start-ups,By technology,Solar,all,2017,17259328,USD,1.100000024
SGP,SINGAPORE,Fundings of start-ups,By technology,Solar,all,2018,3938281.25,USD,1
SGP,SINGAPORE,Fundings of start-ups,By technology,Solar,all,2019,7967548,USD,0.649999976
SGP,SINGAPORE,Fundings of start-ups,By technology,Solar,all,2020,775352.9375,USD,0.449999988
SGP,SINGAPORE,Fundings of start-ups,By technology,Solar,all,2021,13094720,USD,0.200000003
SGP,SINGAPORE,Fundings of start-ups,By technology,Solar,all,2022,68391328,USD,0.533333361
SGP,SINGAPORE,Probability to receive funding,By technology,Bioenergy,Early stage,2015,0,Percentage,1
SGP,SINGAPORE,Probability to receive funding,By technology,Bioenergy,Early stage,2016,0,Percentage,1
SGP,SINGAPORE,Probability to receive funding,By technology,Bioenergy,Early stage,2017,0,Percentage,1
SGP,SINGAPORE,Probability to receive funding,By technology,Bioenergy,Early stage,2018,0,Percentage,1
SGP,SINGAPORE,Probability to receive funding,By technology,Bioenergy,Early stage,2019,0,Percentage,1
SGP,SINGAPORE,Probability to receive funding,By technology,Bioenergy,Early stage,2020,0,Percentage,1
SGP,SINGAPORE,Probability to receive funding,By technology,Bioenergy,Early stage,2021,0,Percentage,1
SGP,SINGAPORE,Fundings of start-ups,By technology,Clean energy,Early stage,2007,401886.7813,USD,1
SGP,SINGAPORE,Fundings of start-ups,By technology,Clean energy,Early stage,2010,1133735.25,USD,1
SGP,SINGAPORE,Fundings of start-ups,By technology,Clean energy,Early stage,2013,568281.625,USD,1
SGP,SINGAPORE,Fundings of start-ups,By technology,Clean energy,Early stage,2015,95985328,USD,4
SGP,SINGAPORE,Fundings of start-ups,By technology,Clean energy,Early stage,2016,10190414,USD,3
SGP,SINGAPORE,Fundings of start-ups,By technology,Clean energy,Early stage,2017,566489.375,USD,1
SGP,SINGAPORE,Fundings of start-ups,By technology,Clean energy,Early stage,2018,51685824,USD,8
SGP,SINGAPORE,Fundings of start-ups,By technology,Clean energy,Early stage,2019,6285761.5,USD,6
SGP,SINGAPORE,Fundings of start-ups,By technology,Clean energy,Early stage,2020,77972760,USD,7
SGP,SINGAPORE,Fundings of start-ups,By technology,Clean energy,Early stage,2021,42618460,USD,8
SGP,SINGAPORE,Probability to receive funding,By technology,Clean energy,Early stage,2021,30.18867874,Percentage,106
SGP,SINGAPORE,Fundings of start-ups,By technology,Clean energy,Early stage,2022,260095440,USD,8
SGP,SINGAPORE,Fundings of start-ups,By technology,Clean energy,Early stage,2022,1.678038001,Years,107
SGP,SINGAPORE,Probability to receive funding,By technology,Electric mobility,Early stage,2015,100,Percentage,1.5
SGP,SINGAPORE,Probability to receive funding,By technology,Electric mobility,Early stage,2016,42.8571434,Percentage,3.5
SGP,SINGAPORE,Probability to receive funding,By technology,Electric mobility,Early stage,2017,60,Percentage,5
SGP,SINGAPORE,Probability to receive funding,By technology,Electric mobility,Early stage,2018,53.22580719,Percentage,10.33333302
SGP,SINGAPORE,Probability to receive funding,By technology,Electric mobility,Early stage,2019,52.3255806,Percentage,14.33333302
SGP,SINGAPORE,Probability to receive funding,By technology,Electric mobility,Early stage,2020,52.3255806,Percentage,14.33333302
SGP,SINGAPORE,Probability to receive funding,By technology,Electric mobility,Early stage,2021,52.3255806,Percentage,14.33333302
SGP,SINGAPORE,Fundings of start-ups,By technology,Electric mobility,Early stage,2022,1.423092008,Years,15.33333302
SGP,SINGAPORE,Probability to receive funding,By technology,Energy efficiency,Early stage,2015,24.73525047,Percentage,22.03333282
SGP,SINGAPORE,Probability to receive funding,By technology,Energy efficiency,Early stage,2016,27.2193203,Percentage,25.53333282
SGP,SINGAPORE,Probability to receive funding,By technology,Energy efficiency,Early stage,2017,27.32884407,Percentage,29.70000076
SGP,SINGAPORE,Probability to receive funding,By technology,Energy efficiency,Early stage,2018,32.03650284,Percentage,34.70000076
SGP,SINGAPORE,Probability to receive funding,By technology,Energy efficiency,Early stage,2019,31.58143997,Percentage,35.20000076
SGP,SINGAPORE,Probability to receive funding,By technology,Energy efficiency,Early stage,2020,32.13969803,Percentage,37.70000076
SGP,SINGAPORE,Probability to receive funding,By technology,Energy efficiency,Early stage,2021,31.30921555,Percentage,38.70000076
SGP,SINGAPORE,Fundings of start-ups,By technology,Energy efficiency,Early stage,2022,1.57197845,Years,38.70000076
SGP,SINGAPORE,Probability to receive funding,By technology,Energy storage and batteries,Early stage,2015,0,Percentage,2.700000048
SGP,SINGAPORE,Probability to receive funding,By technology,Energy storage and batteries,Early stage,2016,0,Percentage,4.199999809
SGP,SINGAPORE,Probability to receive funding,By technology,Energy storage and batteries,Early stage,2017,9.615385056,Percentage,5.199999809
SGP,SINGAPORE,Probability to receive funding,By technology,Energy storage and batteries,Early stage,2018,15.30612278,Percentage,6.533333302
SGP,SINGAPORE,Probability to receive funding,By technology,Energy storage and batteries,Early stage,2019,15.30612278,Percentage,6.533333302
SGP,SINGAPORE,Probability to receive funding,By technology,Energy storage and batteries,Early stage,2020,15.30612278,Percentage,6.533333302
SGP,SINGAPORE,Probability to receive funding,By technology,Energy storage and batteries,Early stage,2021,15.30612278,Percentage,6.533333302
SGP,SINGAPORE,Fundings of start-ups,By technology,Energy storage and batteries,Early stage,2022,0.876712322,Years,6.533333302
SGP,SINGAPORE,Probability to receive funding,By technology,Fossil fuels,Early stage,2015,9.620991707,Percentage,28.58333397
SGP,SINGAPORE,Probability to receive funding,By technology,Fossil fuels,Early stage,2016,13.67292213,Percentage,31.08333397
SGP,SINGAPORE,Probability to receive funding,By technology,Fossil fuels,Early stage,2017,12.84634781,Percentage,33.08333206
SGP,SINGAPORE,Probability to receive funding,By technology,Fossil fuels,Early stage,2018,15.76470566,Percentage,35.41666794
SGP,SINGAPORE,Probability to receive funding,By technology,Fossil fuels,Early stage,2019,14.53362274,Percentage,38.41666794
SGP,SINGAPORE,Probability to receive funding,By technology,Fossil fuels,Early stage,2020,14.16490459,Percentage,39.41666794
SGP,SINGAPORE,Probability to receive funding,By technology,Fossil fuels,Early stage,2021,14.16490459,Percentage,39.41666794
SGP,SINGAPORE,Fundings of start-ups,By technology,Fossil fuels,Early stage,2022,2.221958637,Years,39.41666794
SGP,SINGAPORE,Probability to receive funding,By technology,Grid,Early stage,2015,20.6896553,Percentage,4.833333492
SGP,SINGAPORE,Probability to receive funding,By technology,Grid,Early stage,2016,20.6896553,Percentage,4.833333492
SGP,SINGAPORE,Probability to receive funding,By technology,Grid,Early stage,2017,18.75,Percentage,5.333333492
SGP,SINGAPORE,Probability to receive funding,By technology,Grid,Early stage,2018,23.52941132,Percentage,5.666666508
SGP,SINGAPORE,Probability to receive funding,By technology,Grid,Early stage,2019,29.72973061,Percentage,6.166666508
SGP,SINGAPORE,Probability to receive funding,By technology,Grid,Early stage,2020,29.72973061,Percentage,6.166666508
SGP,SINGAPORE,Probability to receive funding,By technology,Grid,Early stage,2021,29.72973061,Percentage,6.166666508
SGP,SINGAPORE,Fundings of start-ups,By technology,Grid,Early stage,2022,1.628891706,Years,6.166666508
SGP,SINGAPORE,Probability to receive funding,By technology,Hydrogen and fuel cells,Early stage,2015,0,Percentage,0.200000003
SGP,SINGAPORE,Probability to receive funding,By technology,Hydrogen and fuel cells,Early stage,2016,0,Percentage,0.200000003
SGP,SINGAPORE,Probability to receive funding,By technology,Hydrogen and fuel cells,Early stage,2017,0,Percentage,0.200000003
SGP,SINGAPORE,Probability to receive funding,By technology,Hydrogen and fuel cells,Early stage,2018,0,Percentage,0.200000003
SGP,SINGAPORE,Probability to receive funding,By technology,Hydrogen and fuel cells,Early stage,2019,0,Percentage,0.533333361
SGP,SINGAPORE,Probability to receive funding,By technology,Hydrogen and fuel cells,Early stage,2020,42.8571434,Percentage,0.933333337
SGP,SINGAPORE,Probability to receive funding,By technology,Hydrogen and fuel cells,Early stage,2021,42.8571434,Percentage,0.933333337
SGP,SINGAPORE,Fundings of start-ups,By technology,Non-clean energy,Early stage,2012,1167692.625,USD,2
SGP,SINGAPORE,Fundings of start-ups,By technology,Non-clean energy,Early stage,2014,3431346.5,USD,2
SGP,SINGAPORE,Fundings of start-ups,By technology,Non-clean energy,Early stage,2015,22397486,USD,5
SGP,SINGAPORE,Fundings of start-ups,By technology,Non-clean energy,Early stage,2016,1459191.25,USD,3
SGP,SINGAPORE,Fundings of start-ups,By technology,Non-clean energy,Early stage,2017,838374.8125,USD,1
SGP,SINGAPORE,Fundings of start-ups,By technology,Non-clean energy,Early stage,2018,4637187.5,USD,2
SGP,SINGAPORE,Fundings of start-ups,By technology,Non-clean energy,Early stage,2019,19476348,USD,4
SGP,SINGAPORE,Fundings of start-ups,By technology,Non-clean energy,Early stage,2020,2188875.25,USD,2
SGP,SINGAPORE,Probability to receive funding,By technology,Non-clean energy,Early stage,2021,14.03508759,Percentage,114
SGP,SINGAPORE,Fundings of start-ups,By technology,Non-clean energy,Early stage,2022,2.311232805,Years,115
SGP,SINGAPORE,Fundings of start-ups,By technology,Non-clean energy,Early stage,2022,16500000,USD,2
SGP,SINGAPORE,Probability to receive funding,By technology,Other energy,Early stage,2015,6.860706806,Percentage,32.06666565
SGP,SINGAPORE,Probability to receive funding,By technology,Other energy,Early stage,2016,8.513708115,Percentage,34.65000153
SGP,SINGAPORE,Probability to receive funding,By technology,Other energy,Early stage,2017,8.592777252,Percentage,40.15000153
SGP,SINGAPORE,Probability to receive funding,By technology,Other energy,Early stage,2018,10.47827721,Percentage,45.65000153
SGP,SINGAPORE,Probability to receive funding,By technology,Other energy,Early stage,2019,10.89721584,Percentage,48.48333359
SGP,SINGAPORE,Probability to receive funding,By technology,Other energy,Early stage,2020,10.81880951,Percentage,50.68333435
SGP,SINGAPORE,Probability to receive funding,By technology,Other energy,Early stage,2021,12.30623245,Percentage,52.68333435
SGP,SINGAPORE,Fundings of start-ups,By technology,Other energy,Early stage,2022,1.93954289,Years,52.68333435
SGP,SINGAPORE,Probability to receive funding,By technology,Other renewables,Early stage,2015,11.05722618,Percentage,17.18333244
SGP,SINGAPORE,Probability to receive funding,By technology,Other renewables,Early stage,2016,10.84681225,Percentage,17.51666641
SGP,SINGAPORE,Probability to receive funding,By technology,Other renewables,Early stage,2017,16.28883362,Percentage,19.85000038
SGP,SINGAPORE,Probability to receive funding,By technology,Other renewables,Early stage,2018,23.27416229,Percentage,25.35000038
SGP,SINGAPORE,Probability to receive funding,By technology,Other renewables,Early stage,2019,22.86029816,Percentage,30.18333244
SGP,SINGAPORE,Probability to receive funding,By technology,Other renewables,Early stage,2020,26.20347404,Percentage,33.58333206
SGP,SINGAPORE,Probability to receive funding,By technology,Other renewables,Early stage,2021,24.73067856,Percentage,35.58333206
SGP,SINGAPORE,Fundings of start-ups,By technology,Other renewables,Early stage,2022,1.800368428,Years,35.58333206
SGP,SINGAPORE,Probability to receive funding,By technology,Solar,Early stage,2015,5.128205299,Percentage,3.900000095
SGP,SINGAPORE,Probability to receive funding,By technology,Solar,Early stage,2016,8.206686974,Percentage,5.483333111
SGP,SINGAPORE,Probability to receive funding,By technology,Solar,Early stage,2017,8.206686974,Percentage,5.483333111
SGP,SINGAPORE,Probability to receive funding,By technology,Solar,Early stage,2018,12.7371273,Percentage,6.150000095
SGP,SINGAPORE,Probability to receive funding,By technology,Solar,Early stage,2019,12.7371273,Percentage,6.150000095
SGP,SINGAPORE,Probability to receive funding,By technology,Solar,Early stage,2020,19.29824638,Percentage,6.650000095
SGP,SINGAPORE,Probability to receive funding,By technology,Solar,Early stage,2021,19.29824638,Percentage,6.650000095
SGP,SINGAPORE,Fundings of start-ups,By technology,Solar,Early stage,2022,2.051271915,Years,6.650000095
SGP,SINGAPORE,Probability to receive funding,By technology,Bioenergy,Later stage,2015,0,Percentage,1
SGP,SINGAPORE,Probability to receive funding,By technology,Bioenergy,Later stage,2016,0,Percentage,1
SGP,SINGAPORE,Probability to receive funding,By technology,Bioenergy,Later stage,2017,0,Percentage,1
SGP,SINGAPORE,Probability to receive funding,By technology,Bioenergy,Later stage,2018,0,Percentage,1
SGP,SINGAPORE,Probability to receive funding,By technology,Bioenergy,Later stage,2019,0,Percentage,1
SGP,SINGAPORE,Probability to receive funding,By technology,Bioenergy,Later stage,2020,0,Percentage,1
SGP,SINGAPORE,Probability to receive funding,By technology,Bioenergy,Later stage,2021,0,Percentage,1
SGP,SINGAPORE,Fundings of start-ups,By technology,Clean energy,Later stage,2013,6312361.5,USD,1
SGP,SINGAPORE,Fundings of start-ups,By technology,Clean energy,Later stage,2017,6146409.5,USD,2
SGP,SINGAPORE,Fundings of start-ups,By technology,Clean energy,Later stage,2020,1187370.625,USD,1
SGP,SINGAPORE,Fundings of start-ups,By technology,Clean energy,Later stage,2021,520444.4063,USD,1
SGP,SINGAPORE,Probability to receive funding,By technology,Clean energy,Later stage,2021,11.320755,Percentage,106
SGP,SINGAPORE,Fundings of start-ups,By technology,Clean energy,Later stage,2022,4.223515987,Years,107
SGP,SINGAPORE,Fundings of start-ups,By technology,Clean energy,Later stage,2022,91750000,USD,2
SGP,SINGAPORE,Probability to receive funding,By technology,Electric mobility,Later stage,2015,0,Percentage,1.5
SGP,SINGAPORE,Probability to receive funding,By technology,Electric mobility,Later stage,2016,0,Percentage,3.5
SGP,SINGAPORE,Probability to receive funding,By technology,Electric mobility,Later stage,2017,0,Percentage,5
SGP,SINGAPORE,Probability to receive funding,By technology,Electric mobility,Later stage,2018,3.225806475,Percentage,10.33333302
SGP,SINGAPORE,Probability to receive funding,By technology,Electric mobility,Later stage,2019,2.325581312,Percentage,14.33333302
SGP,SINGAPORE,Probability to receive funding,By technology,Electric mobility,Later stage,2020,2.325581312,Percentage,14.33333302
SGP,SINGAPORE,Probability to receive funding,By technology,Electric mobility,Later stage,2021,2.325581312,Percentage,14.33333302
SGP,SINGAPORE,Fundings of start-ups,By technology,Electric mobility,Later stage,2022,2.920547962,Years,15.33333302
SGP,SINGAPORE,Probability to receive funding,By technology,Energy efficiency,Later stage,2015,11.11951542,Percentage,22.03333282
SGP,SINGAPORE,Probability to receive funding,By technology,Energy efficiency,Later stage,2016,11.55352497,Percentage,25.53333282
SGP,SINGAPORE,Probability to receive funding,By technology,Energy efficiency,Later stage,2017,12.17732906,Percentage,29.70000076
SGP,SINGAPORE,Probability to receive funding,By technology,Energy efficiency,Later stage,2018,10.42267036,Percentage,34.70000076
SGP,SINGAPORE,Probability to receive funding,By technology,Energy efficiency,Later stage,2019,10.27462101,Percentage,35.20000076
SGP,SINGAPORE,Probability to receive funding,By technology,Energy efficiency,Later stage,2020,9.593279839,Percentage,37.70000076
SGP,SINGAPORE,Probability to receive funding,By technology,Energy efficiency,Later stage,2021,9.345392227,Percentage,38.70000076
SGP,SINGAPORE,Fundings of start-ups,By technology,Energy efficiency,Later stage,2022,5.24109602,Years,38.70000076
SGP,SINGAPORE,Probability to receive funding,By technology,Energy storage and batteries,Later stage,2015,0,Percentage,2.700000048
SGP,SINGAPORE,Probability to receive funding,By technology,Energy storage and batteries,Later stage,2016,0,Percentage,4.199999809
SGP,SINGAPORE,Probability to receive funding,By technology,Energy storage and batteries,Later stage,2017,0,Percentage,5.199999809
SGP,SINGAPORE,Probability to receive funding,By technology,Energy storage and batteries,Later stage,2018,5.102040768,Percentage,6.533333302
SGP,SINGAPORE,Probability to receive funding,By technology,Energy storage and batteries,Later stage,2019,5.102040768,Percentage,6.533333302
SGP,SINGAPORE,Probability to receive funding,By technology,Energy storage and batteries,Later stage,2020,5.102040768,Percentage,6.533333302
SGP,SINGAPORE,Probability to receive funding,By technology,Energy storage and batteries,Later stage,2021,5.102040768,Percentage,6.533333302
SGP,SINGAPORE,Fundings of start-ups,By technology,Energy storage and batteries,Later stage,2022,2.920547962,Years,6.533333302
SGP,SINGAPORE,Probability to receive funding,By technology,Fossil fuels,Later stage,2015,3.498542309,Percentage,28.58333397
SGP,SINGAPORE,Probability to receive funding,By technology,Fossil fuels,Later stage,2016,3.217158079,Percentage,31.08333397
SGP,SINGAPORE,Probability to receive funding,By technology,Fossil fuels,Later stage,2017,3.022670031,Percentage,33.08333206
SGP,SINGAPORE,Probability to receive funding,By technology,Fossil fuels,Later stage,2018,2.823529482,Percentage,35.41666794
SGP,SINGAPORE,Probability to receive funding,By technology,Fossil fuels,Later stage,2019,2.60303688,Percentage,38.41666794
SGP,SINGAPORE,Probability to receive funding,By technology,Fossil fuels,Later stage,2020,2.536997795,Percentage,39.41666794
SGP,SINGAPORE,Probability to receive funding,By technology,Fossil fuels,Later stage,2021,2.536997795,Percentage,39.41666794
SGP,SINGAPORE,Fundings of start-ups,By technology,Fossil fuels,Later stage,2022,0.339726031,Years,39.41666794
SGP,SINGAPORE,Probability to receive funding,By technology,Grid,Later stage,2015,10.34482765,Percentage,4.833333492
SGP,SINGAPORE,Probability to receive funding,By technology,Grid,Later stage,2016,10.34482765,Percentage,4.833333492
SGP,SINGAPORE,Probability to receive funding,By technology,Grid,Later stage,2017,9.375,Percentage,5.333333492
SGP,SINGAPORE,Probability to receive funding,By technology,Grid,Later stage,2018,8.823529243,Percentage,5.666666508
SGP,SINGAPORE,Probability to receive funding,By technology,Grid,Later stage,2019,8.108108521,Percentage,6.166666508
SGP,SINGAPORE,Probability to receive funding,By technology,Grid,Later stage,2020,8.108108521,Percentage,6.166666508
SGP,SINGAPORE,Probability to receive funding,By technology,Grid,Later stage,2021,8.108108521,Percentage,6.166666508
SGP,SINGAPORE,Fundings of start-ups,By technology,Grid,Later stage,2022,0.435616434,Years,6.166666508
SGP,SINGAPORE,Probability to receive funding,By technology,Hydrogen and fuel cells,Later stage,2015,0,Percentage,0.200000003
SGP,SINGAPORE,Probability to receive funding,By technology,Hydrogen and fuel cells,Later stage,2016,0,Percentage,0.200000003
SGP,SINGAPORE,Probability to receive funding,By technology,Hydrogen and fuel cells,Later stage,2017,0,Percentage,0.200000003
SGP,SINGAPORE,Probability to receive funding,By technology,Hydrogen and fuel cells,Later stage,2018,0,Percentage,0.200000003
SGP,SINGAPORE,Probability to receive funding,By technology,Hydrogen and fuel cells,Later stage,2019,0,Percentage,0.533333361
SGP,SINGAPORE,Probability to receive funding,By technology,Hydrogen and fuel cells,Later stage,2020,0,Percentage,0.933333337
SGP,SINGAPORE,Probability to receive funding,By technology,Hydrogen and fuel cells,Later stage,2021,0,Percentage,0.933333337
SGP,SINGAPORE,Probability to receive funding,By technology,Non-clean energy,Later stage,2021,2.631578922,Percentage,114
SGP,SINGAPORE,Fundings of start-ups,By technology,Non-clean energy,Later stage,2022,3.332420111,Years,115
SGP,SINGAPORE,Probability to receive funding,By technology,Other energy,Later stage,2015,7.380457401,Percentage,32.06666565
SGP,SINGAPORE,Probability to receive funding,By technology,Other energy,Later stage,2016,7.551707745,Percentage,34.65000153
SGP,SINGAPORE,Probability to receive funding,By technology,Other energy,Later stage,2017,6.517227173,Percentage,40.15000153
SGP,SINGAPORE,Probability to receive funding,By technology,Other energy,Later stage,2018,6.462212563,Percentage,45.65000153
SGP,SINGAPORE,Probability to receive funding,By technology,Other energy,Later stage,2019,7.115847588,Percentage,48.48333359
SGP,SINGAPORE,Probability to receive funding,By technology,Other energy,Later stage,2020,6.80697155,Percentage,50.68333435
SGP,SINGAPORE,Probability to receive funding,By technology,Other energy,Later stage,2021,6.548560619,Percentage,52.68333435
SGP,SINGAPORE,Fundings of start-ups,By technology,Other energy,Later stage,2022,4.671113968,Years,52.68333435
SGP,SINGAPORE,Probability to receive funding,By technology,Other renewables,Later stage,2015,10.5722599,Percentage,17.18333244
SGP,SINGAPORE,Probability to receive funding,By technology,Other renewables,Later stage,2016,10.37107563,Percentage,17.51666641
SGP,SINGAPORE,Probability to receive funding,By technology,Other renewables,Later stage,2017,10.83123398,Percentage,19.85000038
SGP,SINGAPORE,Probability to receive funding,By technology,Other renewables,Later stage,2018,8.481262207,Percentage,25.35000038
SGP,SINGAPORE,Probability to receive funding,By technology,Other renewables,Later stage,2019,15.40585327,Percentage,30.18333244
SGP,SINGAPORE,Probability to receive funding,By technology,Other renewables,Later stage,2020,13.84615421,Percentage,33.58333206
SGP,SINGAPORE,Probability to receive funding,By technology,Other renewables,Later stage,2021,13.06791592,Percentage,35.58333206
SGP,SINGAPORE,Fundings of start-ups,By technology,Other renewables,Later stage,2022,3.768026829,Years,35.58333206
SGP,SINGAPORE,Probability to receive funding,By technology,Solar,Later stage,2015,22.22222137,Percentage,3.900000095
SGP,SINGAPORE,Probability to receive funding,By technology,Solar,Later stage,2016,20.36474228,Percentage,5.483333111
SGP,SINGAPORE,Probability to receive funding,By technology,Solar,Later stage,2017,20.36474228,Percentage,5.483333111
SGP,SINGAPORE,Probability to receive funding,By technology,Solar,Later stage,2018,18.15718079,Percentage,6.150000095
SGP,SINGAPORE,Probability to receive funding,By technology,Solar,Later stage,2019,18.15718079,Percentage,6.150000095
SGP,SINGAPORE,Probability to receive funding,By technology,Solar,Later stage,2020,16.79198074,Percentage,6.650000095
SGP,SINGAPORE,Probability to receive funding,By technology,Solar,Later stage,2021,16.79198074,Percentage,6.650000095
SGP,SINGAPORE,Fundings of start-ups,By technology,Solar,Later stage,2022,4.999631882,Years,6.650000095
SVK,SLOVAK REPUBLIC,Fundings of start-ups,"By sector (energy, green, digital)",Energy,Early stage,2011,297807.4375,USD,2
SVK,SLOVAK REPUBLIC,Fundings of start-ups,"By sector (energy, green, digital)",Energy,Early stage,2012,7251905.5,USD,2
SVK,SLOVAK REPUBLIC,Fundings of start-ups,"By sector (energy, green, digital)",Energy,Early stage,2013,109379.0938,USD,1
SVK,SLOVAK REPUBLIC,Fundings of start-ups,"By sector (energy, green, digital)",Energy,Early stage,2015,4548157,USD,2
SVK,SLOVAK REPUBLIC,Fundings of start-ups,"By sector (energy, green, digital)",Energy,Early stage,2019,5122080.5,USD,1
SVK,SLOVAK REPUBLIC,Probability to receive funding,"By sector (energy, green, digital)",Energy,Early stage,2021,6.349206448,Percentage,63
SVK,SLOVAK REPUBLIC,Fundings of start-ups,"By sector (energy, green, digital)",Energy,Early stage,2022,2.690410852,Years,63
SVK,SLOVAK REPUBLIC,Fundings of start-ups,"By sector (energy, green, digital)",Energy and digital,Early stage,2011,123743.0938,USD,1
SVK,SLOVAK REPUBLIC,Fundings of start-ups,"By sector (energy, green, digital)",Energy and digital,Early stage,2012,7251905.5,USD,2
SVK,SLOVAK REPUBLIC,Fundings of start-ups,"By sector (energy, green, digital)",Energy and digital,Early stage,2013,109379.0938,USD,1
SVK,SLOVAK REPUBLIC,Fundings of start-ups,"By sector (energy, green, digital)",Energy and digital,Early stage,2015,4548157,USD,2
SVK,SLOVAK REPUBLIC,Fundings of start-ups,"By sector (energy, green, digital)",Energy and digital,Early stage,2019,5122080.5,USD,1
SVK,SLOVAK REPUBLIC,Probability to receive funding,"By sector (energy, green, digital)",Energy and digital,Early stage,2021,23.07692337,Percentage,13
SVK,SLOVAK REPUBLIC,Fundings of start-ups,"By sector (energy, green, digital)",Energy and digital,Early stage,2022,3.587214708,Years,13
SVK,SLOVAK REPUBLIC,Fundings of start-ups,"By sector (energy, green, digital)",Energy and non-digital,Early stage,2011,174064.3438,USD,1
SVK,SLOVAK REPUBLIC,Probability to receive funding,"By sector (energy, green, digital)",Energy and non-digital,Early stage,2021,2,Percentage,50
SVK,SLOVAK REPUBLIC,Fundings of start-ups,"By sector (energy, green, digital)",Energy and non-digital,Early stage,2022,0,Years,50
SVK,SLOVAK REPUBLIC,Fundings of start-ups,"By sector (energy, green, digital)",Non-energy,Early stage,2005,714765.125,USD,1
SVK,SLOVAK REPUBLIC,Fundings of start-ups,"By sector (energy, green, digital)",Non-energy,Early stage,2011,1960995.625,USD,2
SVK,SLOVAK REPUBLIC,Fundings of start-ups,"By sector (energy, green, digital)",Non-energy,Early stage,2013,1457112.625,USD,9
SVK,SLOVAK REPUBLIC,Fundings of start-ups,"By sector (energy, green, digital)",Non-energy,Early stage,2014,2942665.5,USD,9
SVK,SLOVAK REPUBLIC,Fundings of start-ups,"By sector (energy, green, digital)",Non-energy,Early stage,2015,16557487,USD,17
SVK,SLOVAK REPUBLIC,Fundings of start-ups,"By sector (energy, green, digital)",Non-energy,Early stage,2016,6113152,USD,9
SVK,SLOVAK REPUBLIC,Fundings of start-ups,"By sector (energy, green, digital)",Non-energy,Early stage,2017,1737575.875,USD,3
SVK,SLOVAK REPUBLIC,Fundings of start-ups,"By sector (energy, green, digital)",Non-energy,Early stage,2018,11984126,USD,3
SVK,SLOVAK REPUBLIC,Fundings of start-ups,"By sector (energy, green, digital)",Non-energy,Early stage,2019,14865639,USD,4
SVK,SLOVAK REPUBLIC,Fundings of start-ups,"By sector (energy, green, digital)",Non-energy,Early stage,2020,15021234,USD,12
SVK,SLOVAK REPUBLIC,Fundings of start-ups,"By sector (energy, green, digital)",Non-energy,Early stage,2021,32263170,USD,6
SVK,SLOVAK REPUBLIC,Probability to receive funding,"By sector (energy, green, digital)",Non-energy,Early stage,2021,6.302131653,Percentage,1079
SVK,SLOVAK REPUBLIC,Fundings of start-ups,"By sector (energy, green, digital)",Non-energy,Early stage,2022,1.379471898,Years,1085
SVK,SLOVAK REPUBLIC,Fundings of start-ups,"By sector (energy, green, digital)",Non-energy,Early stage,2022,7005929,USD,2
SVK,SLOVAK REPUBLIC,Fundings of start-ups,"By sector (energy, green, digital)",Energy,Later stage,2021,4115942,USD,1
SVK,SLOVAK REPUBLIC,Probability to receive funding,"By sector (energy, green, digital)",Energy,Later stage,2021,3.174603224,Percentage,63
SVK,SLOVAK REPUBLIC,Fundings of start-ups,"By sector (energy, green, digital)",Energy,Later stage,2022,20000000,USD,2
SVK,SLOVAK REPUBLIC,Fundings of start-ups,"By sector (energy, green, digital)",Energy,Later stage,2022,7.367123127,Years,63
SVK,SLOVAK REPUBLIC,Probability to receive funding,"By sector (energy, green, digital)",Energy and digital,Later stage,2021,7.692307472,Percentage,13
SVK,SLOVAK REPUBLIC,Fundings of start-ups,"By sector (energy, green, digital)",Energy and digital,Later stage,2021,4115942,USD,1
SVK,SLOVAK REPUBLIC,Fundings of start-ups,"By sector (energy, green, digital)",Energy and digital,Later stage,2022,12.26027393,Years,13
SVK,SLOVAK REPUBLIC,Fundings of start-ups,"By sector (energy, green, digital)",Energy and digital,Later stage,2022,20000000,USD,2
SVK,SLOVAK REPUBLIC,Probability to receive funding,"By sector (energy, green, digital)",Energy and non-digital,Later stage,2021,2,Percentage,50
SVK,SLOVAK REPUBLIC,Fundings of start-ups,"By sector (energy, green, digital)",Energy and non-digital,Later stage,2022,2.473972559,Years,50
SVK,SLOVAK REPUBLIC,Fundings of start-ups,"By sector (energy, green, digital)",Non-energy,Later stage,2017,28777660,USD,1
SVK,SLOVAK REPUBLIC,Fundings of start-ups,"By sector (energy, green, digital)",Non-energy,Later stage,2018,4139969,USD,1
SVK,SLOVAK REPUBLIC,Probability to receive funding,"By sector (energy, green, digital)",Non-energy,Later stage,2021,0.741427243,Percentage,1079
SVK,SLOVAK REPUBLIC,Fundings of start-ups,"By sector (energy, green, digital)",Non-energy,Later stage,2022,4200000,USD,1
SVK,SLOVAK REPUBLIC,Fundings of start-ups,"By sector (energy, green, digital)",Non-energy,Later stage,2022,4.950685024,Years,1085
SVK,SLOVAK REPUBLIC,Fundings of start-ups,By technology,Electric mobility,all,2012,3625952.75,USD,1
SVK,SLOVAK REPUBLIC,Fundings of start-ups,By technology,Electric mobility,all,2015,2106944.75,USD,0.5
SVK,SLOVAK REPUBLIC,Fundings of start-ups,By technology,Energy efficiency,all,2011,123743.0938,USD,1
SVK,SLOVAK REPUBLIC,Fundings of start-ups,By technology,Energy efficiency,all,2013,109379.0938,USD,1
SVK,SLOVAK REPUBLIC,Fundings of start-ups,By technology,Energy efficiency,all,2015,334267.5938,USD,1
SVK,SLOVAK REPUBLIC,Fundings of start-ups,By technology,Other energy,all,2009,1509282.5,USD,0.333333343
SVK,SLOVAK REPUBLIC,Fundings of start-ups,By technology,Other energy,all,2011,58021.44922,USD,0.333333343
SVK,SLOVAK REPUBLIC,Fundings of start-ups,By technology,Other energy,all,2018,1727594.875,USD,0.333333343
SVK,SLOVAK REPUBLIC,Fundings of start-ups,By technology,Other energy,all,2019,1707360.125,USD,0.333333343
SVK,SLOVAK REPUBLIC,Fundings of start-ups,By technology,Other energy,all,2021,1371980.625,USD,0.333333343
SVK,SLOVAK REPUBLIC,Fundings of start-ups,By technology,Other energy,all,2022,6666666.5,USD,0.666666687
SVK,SLOVAK REPUBLIC,Fundings of start-ups,By technology,Other renewables,all,2009,1509282.5,USD,0.333333343
SVK,SLOVAK REPUBLIC,Fundings of start-ups,By technology,Other renewables,all,2011,58021.44922,USD,0.333333343
SVK,SLOVAK REPUBLIC,Fundings of start-ups,By technology,Other renewables,all,2012,3625952.75,USD,1
SVK,SLOVAK REPUBLIC,Fundings of start-ups,By technology,Other renewables,all,2015,2106944.75,USD,0.5
SVK,SLOVAK REPUBLIC,Fundings of start-ups,By technology,Other renewables,all,2018,1727594.875,USD,0.333333343
SVK,SLOVAK REPUBLIC,Fundings of start-ups,By technology,Other renewables,all,2019,1707360.125,USD,0.333333343
SVK,SLOVAK REPUBLIC,Fundings of start-ups,By technology,Other renewables,all,2021,1371980.625,USD,0.333333343
SVK,SLOVAK REPUBLIC,Fundings of start-ups,By technology,Other renewables,all,2022,6666666.5,USD,0.666666687
SVK,SLOVAK REPUBLIC,Fundings of start-ups,By technology,Solar,all,2009,1509282.5,USD,0.333333343
SVK,SLOVAK REPUBLIC,Fundings of start-ups,By technology,Solar,all,2011,58021.44922,USD,0.333333343
SVK,SLOVAK REPUBLIC,Fundings of start-ups,By technology,Solar,all,2018,1727594.875,USD,0.333333343
SVK,SLOVAK REPUBLIC,Fundings of start-ups,By technology,Solar,all,2019,1707360.125,USD,0.333333343
SVK,SLOVAK REPUBLIC,Fundings of start-ups,By technology,Solar,all,2021,1371980.625,USD,0.333333343
SVK,SLOVAK REPUBLIC,Fundings of start-ups,By technology,Solar,all,2022,6666666.5,USD,0.666666687
SVK,SLOVAK REPUBLIC,Probability to receive funding,By technology,Bioenergy,Early stage,2015,0,Percentage,1
SVK,SLOVAK REPUBLIC,Probability to receive funding,By technology,Bioenergy,Early stage,2016,0,Percentage,1
SVK,SLOVAK REPUBLIC,Probability to receive funding,By technology,Bioenergy,Early stage,2017,0,Percentage,1
SVK,SLOVAK REPUBLIC,Probability to receive funding,By technology,Bioenergy,Early stage,2018,0,Percentage,1
SVK,SLOVAK REPUBLIC,Probability to receive funding,By technology,Bioenergy,Early stage,2019,0,Percentage,1
SVK,SLOVAK REPUBLIC,Probability to receive funding,By technology,Bioenergy,Early stage,2020,0,Percentage,1
SVK,SLOVAK REPUBLIC,Probability to receive funding,By technology,Bioenergy,Early stage,2021,0,Percentage,1
SVK,SLOVAK REPUBLIC,Fundings of start-ups,By technology,Clean energy,Early stage,2011,297807.4375,USD,2
SVK,SLOVAK REPUBLIC,Fundings of start-ups,By technology,Clean energy,Early stage,2012,7251905.5,USD,2
SVK,SLOVAK REPUBLIC,Fundings of start-ups,By technology,Clean energy,Early stage,2013,109379.0938,USD,1
SVK,SLOVAK REPUBLIC,Fundings of start-ups,By technology,Clean energy,Early stage,2015,4548157,USD,2
SVK,SLOVAK REPUBLIC,Fundings of start-ups,By technology,Clean energy,Early stage,2019,5122080.5,USD,1
SVK,SLOVAK REPUBLIC,Probability to receive funding,By technology,Clean energy,Early stage,2021,8.571428299,Percentage,35
SVK,SLOVAK REPUBLIC,Fundings of start-ups,By technology,Clean energy,Early stage,2022,3.587214708,Years,35
SVK,SLOVAK REPUBLIC,Probability to receive funding,By technology,Electric mobility,Early stage,2015,100,Percentage,0.5
SVK,SLOVAK REPUBLIC,Probability to receive funding,By technology,Electric mobility,Early stage,2016,100,Percentage,0.5
SVK,SLOVAK REPUBLIC,Probability to receive funding,By technology,Electric mobility,Early stage,2017,100,Percentage,0.5
SVK,SLOVAK REPUBLIC,Probability to receive funding,By technology,Electric mobility,Early stage,2018,100,Percentage,0.5
SVK,SLOVAK REPUBLIC,Probability to receive funding,By technology,Electric mobility,Early stage,2019,100,Percentage,0.5
SVK,SLOVAK REPUBLIC,Probability to receive funding,By technology,Electric mobility,Early stage,2020,100,Percentage,0.5
SVK,SLOVAK REPUBLIC,Probability to receive funding,By technology,Electric mobility,Early stage,2021,100,Percentage,0.5
SVK,SLOVAK REPUBLIC,Probability to receive funding,By technology,Energy efficiency,Early stage,2015,7.594936848,Percentage,13.16666698
SVK,SLOVAK REPUBLIC,Probability to receive funding,By technology,Energy efficiency,Early stage,2016,7.594936848,Percentage,13.16666698
SVK,SLOVAK REPUBLIC,Probability to receive funding,By technology,Energy efficiency,Early stage,2017,7.594936848,Percentage,13.16666698
SVK,SLOVAK REPUBLIC,Probability to receive funding,By technology,Energy efficiency,Early stage,2018,7.371007442,Percentage,13.5666666
SVK,SLOVAK REPUBLIC,Probability to receive funding,By technology,Energy efficiency,Early stage,2019,6.224066257,Percentage,16.06666756
SVK,SLOVAK REPUBLIC,Probability to receive funding,By technology,Energy efficiency,Early stage,2020,6.224066257,Percentage,16.06666756
SVK,SLOVAK REPUBLIC,Probability to receive funding,By technology,Energy efficiency,Early stage,2021,6.224066257,Percentage,16.06666756
SVK,SLOVAK REPUBLIC,Probability to receive funding,By technology,Energy storage and batteries,Early stage,2015,0,Percentage,1.333333373
SVK,SLOVAK REPUBLIC,Probability to receive funding,By technology,Energy storage and batteries,Early stage,2016,0,Percentage,2.333333254
SVK,SLOVAK REPUBLIC,Probability to receive funding,By technology,Energy storage and batteries,Early stage,2017,0,Percentage,2.333333254
SVK,SLOVAK REPUBLIC,Probability to receive funding,By technology,Energy storage and batteries,Early stage,2018,0,Percentage,2.533333302
SVK,SLOVAK REPUBLIC,Probability to receive funding,By technology,Energy storage and batteries,Early stage,2019,0,Percentage,3.533333302
SVK,SLOVAK REPUBLIC,Probability to receive funding,By technology,Energy storage and batteries,Early stage,2020,0,Percentage,3.533333302
SVK,SLOVAK REPUBLIC,Probability to receive funding,By technology,Energy storage and batteries,Early stage,2021,0,Percentage,3.533333302
SVK,SLOVAK REPUBLIC,Probability to receive funding,By technology,Fossil fuels,Early stage,2015,0,Percentage,1
SVK,SLOVAK REPUBLIC,Probability to receive funding,By technology,Fossil fuels,Early stage,2016,0,Percentage,1
SVK,SLOVAK REPUBLIC,Probability to receive funding,By technology,Fossil fuels,Early stage,2017,0,Percentage,1
SVK,SLOVAK REPUBLIC,Probability to receive funding,By technology,Fossil fuels,Early stage,2018,0,Percentage,1
SVK,SLOVAK REPUBLIC,Probability to receive funding,By technology,Fossil fuels,Early stage,2019,0,Percentage,1
SVK,SLOVAK REPUBLIC,Probability to receive funding,By technology,Fossil fuels,Early stage,2020,0,Percentage,1
SVK,SLOVAK REPUBLIC,Probability to receive funding,By technology,Fossil fuels,Early stage,2021,0,Percentage,1
SVK,SLOVAK REPUBLIC,Probability to receive funding,By technology,Grid,Early stage,2015,0,Percentage,3.416666746
SVK,SLOVAK REPUBLIC,Probability to receive funding,By technology,Grid,Early stage,2016,0,Percentage,3.416666746
SVK,SLOVAK REPUBLIC,Probability to receive funding,By technology,Grid,Early stage,2017,0,Percentage,3.416666746
SVK,SLOVAK REPUBLIC,Probability to receive funding,By technology,Grid,Early stage,2018,0,Percentage,3.416666746
SVK,SLOVAK REPUBLIC,Probability to receive funding,By technology,Grid,Early stage,2019,0,Percentage,3.416666746
SVK,SLOVAK REPUBLIC,Probability to receive funding,By technology,Grid,Early stage,2020,0,Percentage,3.416666746
SVK,SLOVAK REPUBLIC,Probability to receive funding,By technology,Grid,Early stage,2021,0,Percentage,3.416666746
SVK,SLOVAK REPUBLIC,Probability to receive funding,By technology,Non-clean energy,Early stage,2021,3.571428537,Percentage,28
SVK,SLOVAK REPUBLIC,Fundings of start-ups,By technology,Non-clean energy,Early stage,2022,0,Years,28
SVK,SLOVAK REPUBLIC,Probability to receive funding,By technology,Other energy,Early stage,2015,11.1888113,Percentage,11.91666698
SVK,SLOVAK REPUBLIC,Probability to receive funding,By technology,Other energy,Early stage,2016,10.88435364,Percentage,12.25
SVK,SLOVAK REPUBLIC,Probability to receive funding,By technology,Other energy,Early stage,2017,10.88435364,Percentage,12.25
SVK,SLOVAK REPUBLIC,Probability to receive funding,By technology,Other energy,Early stage,2018,10.70950508,Percentage,12.44999981
SVK,SLOVAK REPUBLIC,Probability to receive funding,By technology,Other energy,Early stage,2019,10.29601002,Percentage,12.94999981
SVK,SLOVAK REPUBLIC,Probability to receive funding,By technology,Other energy,Early stage,2020,10.29601002,Percentage,12.94999981
SVK,SLOVAK REPUBLIC,Probability to receive funding,By technology,Other energy,Early stage,2021,10.29601002,Percentage,12.94999981
SVK,SLOVAK REPUBLIC,Probability to receive funding,By technology,Other renewables,Early stage,2015,8.264462471,Percentage,10.08333302
SVK,SLOVAK REPUBLIC,Probability to receive funding,By technology,Other renewables,Early stage,2016,7.299270153,Percentage,11.41666698
SVK,SLOVAK REPUBLIC,Probability to receive funding,By technology,Other renewables,Early stage,2017,7.299270153,Percentage,11.41666698
SVK,SLOVAK REPUBLIC,Probability to receive funding,By technology,Other renewables,Early stage,2018,7.173601151,Percentage,11.61666679
SVK,SLOVAK REPUBLIC,Probability to receive funding,By technology,Other renewables,Early stage,2019,7.173601151,Percentage,11.61666679
SVK,SLOVAK REPUBLIC,Probability to receive funding,By technology,Other renewables,Early stage,2020,7.173601151,Percentage,11.61666679
SVK,SLOVAK REPUBLIC,Probability to receive funding,By technology,Other renewables,Early stage,2021,7.173601151,Percentage,11.61666679
SVK,SLOVAK REPUBLIC,Probability to receive funding,By technology,Solar,Early stage,2015,2.877697945,Percentage,11.58333302
SVK,SLOVAK REPUBLIC,Probability to receive funding,By technology,Solar,Early stage,2016,2.797202826,Percentage,11.91666698
SVK,SLOVAK REPUBLIC,Probability to receive funding,By technology,Solar,Early stage,2017,2.797202826,Percentage,11.91666698
SVK,SLOVAK REPUBLIC,Probability to receive funding,By technology,Solar,Early stage,2018,2.797202826,Percentage,11.91666698
SVK,SLOVAK REPUBLIC,Probability to receive funding,By technology,Solar,Early stage,2019,2.797202826,Percentage,11.91666698
SVK,SLOVAK REPUBLIC,Probability to receive funding,By technology,Solar,Early stage,2020,2.797202826,Percentage,11.91666698
SVK,SLOVAK REPUBLIC,Probability to receive funding,By technology,Solar,Early stage,2021,2.797202826,Percentage,11.91666698
SVK,SLOVAK REPUBLIC,Probability to receive funding,By technology,Bioenergy,Later stage,2015,0,Percentage,1
SVK,SLOVAK REPUBLIC,Probability to receive funding,By technology,Bioenergy,Later stage,2016,0,Percentage,1
SVK,SLOVAK REPUBLIC,Probability to receive funding,By technology,Bioenergy,Later stage,2017,0,Percentage,1
SVK,SLOVAK REPUBLIC,Probability to receive funding,By technology,Bioenergy,Later stage,2018,0,Percentage,1
SVK,SLOVAK REPUBLIC,Probability to receive funding,By technology,Bioenergy,Later stage,2019,0,Percentage,1
SVK,SLOVAK REPUBLIC,Probability to receive funding,By technology,Bioenergy,Later stage,2020,0,Percentage,1
SVK,SLOVAK REPUBLIC,Probability to receive funding,By technology,Bioenergy,Later stage,2021,0,Percentage,1
SVK,SLOVAK REPUBLIC,Probability to receive funding,By technology,Clean energy,Later stage,2021,2.857142925,Percentage,35
SVK,SLOVAK REPUBLIC,Fundings of start-ups,By technology,Clean energy,Later stage,2021,4115942,USD,1
SVK,SLOVAK REPUBLIC,Fundings of start-ups,By technology,Clean energy,Later stage,2022,20000000,USD,2
SVK,SLOVAK REPUBLIC,Fundings of start-ups,By technology,Clean energy,Later stage,2022,12.26027393,Years,35
SVK,SLOVAK REPUBLIC,Probability to receive funding,By technology,Electric mobility,Later stage,2015,0,Percentage,0.5
SVK,SLOVAK REPUBLIC,Probability to receive funding,By technology,Electric mobility,Later stage,2016,0,Percentage,0.5
SVK,SLOVAK REPUBLIC,Probability to receive funding,By technology,Electric mobility,Later stage,2017,0,Percentage,0.5
SVK,SLOVAK REPUBLIC,Probability to receive funding,By technology,Electric mobility,Later stage,2018,0,Percentage,0.5
SVK,SLOVAK REPUBLIC,Probability to receive funding,By technology,Electric mobility,Later stage,2019,0,Percentage,0.5
SVK,SLOVAK REPUBLIC,Probability to receive funding,By technology,Electric mobility,Later stage,2020,0,Percentage,0.5
SVK,SLOVAK REPUBLIC,Probability to receive funding,By technology,Electric mobility,Later stage,2021,0,Percentage,0.5
SVK,SLOVAK REPUBLIC,Probability to receive funding,By technology,Energy efficiency,Later stage,2015,0,Percentage,13.16666698
SVK,SLOVAK REPUBLIC,Probability to receive funding,By technology,Energy efficiency,Later stage,2016,0,Percentage,13.16666698
SVK,SLOVAK REPUBLIC,Probability to receive funding,By technology,Energy efficiency,Later stage,2017,0,Percentage,13.16666698
SVK,SLOVAK REPUBLIC,Probability to receive funding,By technology,Energy efficiency,Later stage,2018,0,Percentage,13.5666666
SVK,SLOVAK REPUBLIC,Probability to receive funding,By technology,Energy efficiency,Later stage,2019,0,Percentage,16.06666756
SVK,SLOVAK REPUBLIC,Probability to receive funding,By technology,Energy efficiency,Later stage,2020,0,Percentage,16.06666756
SVK,SLOVAK REPUBLIC,Probability to receive funding,By technology,Energy efficiency,Later stage,2021,0,Percentage,16.06666756
SVK,SLOVAK REPUBLIC,Probability to receive funding,By technology,Energy storage and batteries,Later stage,2015,0,Percentage,1.333333373
SVK,SLOVAK REPUBLIC,Probability to receive funding,By technology,Energy storage and batteries,Later stage,2016,0,Percentage,2.333333254
SVK,SLOVAK REPUBLIC,Probability to receive funding,By technology,Energy storage and batteries,Later stage,2017,0,Percentage,2.333333254
SVK,SLOVAK REPUBLIC,Probability to receive funding,By technology,Energy storage and batteries,Later stage,2018,0,Percentage,2.533333302
SVK,SLOVAK REPUBLIC,Probability to receive funding,By technology,Energy storage and batteries,Later stage,2019,28.30188751,Percentage,3.533333302
SVK,SLOVAK REPUBLIC,Probability to receive funding,By technology,Energy storage and batteries,Later stage,2020,28.30188751,Percentage,3.533333302
SVK,SLOVAK REPUBLIC,Probability to receive funding,By technology,Energy storage and batteries,Later stage,2021,28.30188751,Percentage,3.533333302
SVK,SLOVAK REPUBLIC,Probability to receive funding,By technology,Fossil fuels,Later stage,2015,0,Percentage,1
SVK,SLOVAK REPUBLIC,Probability to receive funding,By technology,Fossil fuels,Later stage,2016,0,Percentage,1
SVK,SLOVAK REPUBLIC,Probability to receive funding,By technology,Fossil fuels,Later stage,2017,0,Percentage,1
SVK,SLOVAK REPUBLIC,Probability to receive funding,By technology,Fossil fuels,Later stage,2018,0,Percentage,1
SVK,SLOVAK REPUBLIC,Probability to receive funding,By technology,Fossil fuels,Later stage,2019,0,Percentage,1
SVK,SLOVAK REPUBLIC,Probability to receive funding,By technology,Fossil fuels,Later stage,2020,0,Percentage,1
SVK,SLOVAK REPUBLIC,Probability to receive funding,By technology,Fossil fuels,Later stage,2021,0,Percentage,1
SVK,SLOVAK REPUBLIC,Probability to receive funding,By technology,Grid,Later stage,2015,0,Percentage,3.416666746
SVK,SLOVAK REPUBLIC,Probability to receive funding,By technology,Grid,Later stage,2016,0,Percentage,3.416666746
SVK,SLOVAK REPUBLIC,Probability to receive funding,By technology,Grid,Later stage,2017,0,Percentage,3.416666746
SVK,SLOVAK REPUBLIC,Probability to receive funding,By technology,Grid,Later stage,2018,0,Percentage,3.416666746
SVK,SLOVAK REPUBLIC,Probability to receive funding,By technology,Grid,Later stage,2019,0,Percentage,3.416666746
SVK,SLOVAK REPUBLIC,Probability to receive funding,By technology,Grid,Later stage,2020,0,Percentage,3.416666746
SVK,SLOVAK REPUBLIC,Probability to receive funding,By technology,Grid,Later stage,2021,0,Percentage,3.416666746
SVK,SLOVAK REPUBLIC,Probability to receive funding,By technology,Non-clean energy,Later stage,2021,3.571428537,Percentage,28
SVK,SLOVAK REPUBLIC,Fundings of start-ups,By technology,Non-clean energy,Later stage,2022,2.473972559,Years,28
SVK,SLOVAK REPUBLIC,Probability to receive funding,By technology,Other energy,Later stage,2015,2.797202826,Percentage,11.91666698
SVK,SLOVAK REPUBLIC,Probability to receive funding,By technology,Other energy,Later stage,2016,2.721088409,Percentage,12.25
SVK,SLOVAK REPUBLIC,Probability to receive funding,By technology,Other energy,Later stage,2017,2.721088409,Percentage,12.25
SVK,SLOVAK REPUBLIC,Probability to receive funding,By technology,Other energy,Later stage,2018,2.67737627,Percentage,12.44999981
SVK,SLOVAK REPUBLIC,Probability to receive funding,By technology,Other energy,Later stage,2019,2.574002504,Percentage,12.94999981
SVK,SLOVAK REPUBLIC,Probability to receive funding,By technology,Other energy,Later stage,2020,2.574002504,Percentage,12.94999981
SVK,SLOVAK REPUBLIC,Probability to receive funding,By technology,Other energy,Later stage,2021,2.574002504,Percentage,12.94999981
SVK,SLOVAK REPUBLIC,Probability to receive funding,By technology,Other renewables,Later stage,2015,3.305785179,Percentage,10.08333302
SVK,SLOVAK REPUBLIC,Probability to receive funding,By technology,Other renewables,Later stage,2016,2.919708014,Percentage,11.41666698
SVK,SLOVAK REPUBLIC,Probability to receive funding,By technology,Other renewables,Later stage,2017,2.919708014,Percentage,11.41666698
SVK,SLOVAK REPUBLIC,Probability to receive funding,By technology,Other renewables,Later stage,2018,2.869440556,Percentage,11.61666679
SVK,SLOVAK REPUBLIC,Probability to receive funding,By technology,Other renewables,Later stage,2019,2.869440556,Percentage,11.61666679
SVK,SLOVAK REPUBLIC,Probability to receive funding,By technology,Other renewables,Later stage,2020,2.869440556,Percentage,11.61666679
SVK,SLOVAK REPUBLIC,Probability to receive funding,By technology,Other renewables,Later stage,2021,2.869440556,Percentage,11.61666679
SVK,SLOVAK REPUBLIC,Probability to receive funding,By technology,Solar,Later stage,2015,2.877697945,Percentage,11.58333302
SVK,SLOVAK REPUBLIC,Probability to receive funding,By technology,Solar,Later stage,2016,2.797202826,Percentage,11.91666698
SVK,SLOVAK REPUBLIC,Probability to receive funding,By technology,Solar,Later stage,2017,2.797202826,Percentage,11.91666698
SVK,SLOVAK REPUBLIC,Probability to receive funding,By technology,Solar,Later stage,2018,2.797202826,Percentage,11.91666698
SVK,SLOVAK REPUBLIC,Probability to receive funding,By technology,Solar,Later stage,2019,2.797202826,Percentage,11.91666698
SVK,SLOVAK REPUBLIC,Probability to receive funding,By technology,Solar,Later stage,2020,2.797202826,Percentage,11.91666698
SVK,SLOVAK REPUBLIC,Probability to receive funding,By technology,Solar,Later stage,2021,2.797202826,Percentage,11.91666698
SVN,SLOVENIA,Fundings of start-ups,"By sector (energy, green, digital)",Energy,Early stage,2014,73235.51563,USD,1
SVN,SLOVENIA,Fundings of start-ups,"By sector (energy, green, digital)",Energy,Early stage,2016,12926231,USD,1
SVN,SLOVENIA,Fundings of start-ups,"By sector (energy, green, digital)",Energy,Early stage,2019,3695810.75,USD,1
SVN,SLOVENIA,Fundings of start-ups,"By sector (energy, green, digital)",Energy,Early stage,2020,5275169,USD,1
SVN,SLOVENIA,Probability to receive funding,"By sector (energy, green, digital)",Energy,Early stage,2021,17.8571434,Percentage,28
SVN,SLOVENIA,Fundings of start-ups,"By sector (energy, green, digital)",Energy,Early stage,2022,3.935890436,Years,29
SVN,SLOVENIA,Fundings of start-ups,"By sector (energy, green, digital)",Energy and digital,Early stage,2014,73235.51563,USD,1
SVN,SLOVENIA,Probability to receive funding,"By sector (energy, green, digital)",Energy and digital,Early stage,2021,16.66666603,Percentage,12
SVN,SLOVENIA,Fundings of start-ups,"By sector (energy, green, digital)",Energy and digital,Early stage,2022,0.397260278,Years,12
SVN,SLOVENIA,Fundings of start-ups,"By sector (energy, green, digital)",Energy and non-digital,Early stage,2016,12926231,USD,1
SVN,SLOVENIA,Fundings of start-ups,"By sector (energy, green, digital)",Energy and non-digital,Early stage,2019,3695810.75,USD,1
SVN,SLOVENIA,Fundings of start-ups,"By sector (energy, green, digital)",Energy and non-digital,Early stage,2020,5275169,USD,1
SVN,SLOVENIA,Probability to receive funding,"By sector (energy, green, digital)",Energy and non-digital,Early stage,2021,18.75,Percentage,16
SVN,SLOVENIA,Fundings of start-ups,"By sector (energy, green, digital)",Energy and non-digital,Early stage,2022,6.294977188,Years,17
SVN,SLOVENIA,Fundings of start-ups,"By sector (energy, green, digital)",Non-energy,Early stage,2008,324065.9375,USD,1
SVN,SLOVENIA,Fundings of start-ups,"By sector (energy, green, digital)",Non-energy,Early stage,2010,1275449.125,USD,1
SVN,SLOVENIA,Fundings of start-ups,"By sector (energy, green, digital)",Non-energy,Early stage,2012,2594199.5,USD,4
SVN,SLOVENIA,Fundings of start-ups,"By sector (energy, green, digital)",Non-energy,Early stage,2013,155417,USD,3
SVN,SLOVENIA,Fundings of start-ups,"By sector (energy, green, digital)",Non-energy,Early stage,2014,1385895.625,USD,11
SVN,SLOVENIA,Fundings of start-ups,"By sector (energy, green, digital)",Non-energy,Early stage,2015,5612251,USD,14
SVN,SLOVENIA,Fundings of start-ups,"By sector (energy, green, digital)",Non-energy,Early stage,2016,5207293,USD,6
SVN,SLOVENIA,Fundings of start-ups,"By sector (energy, green, digital)",Non-energy,Early stage,2017,4655880,USD,5
SVN,SLOVENIA,Fundings of start-ups,"By sector (energy, green, digital)",Non-energy,Early stage,2018,188593.75,USD,1
SVN,SLOVENIA,Fundings of start-ups,"By sector (energy, green, digital)",Non-energy,Early stage,2019,1819872,USD,5
SVN,SLOVENIA,Fundings of start-ups,"By sector (energy, green, digital)",Non-energy,Early stage,2020,4887070,USD,3
SVN,SLOVENIA,Fundings of start-ups,"By sector (energy, green, digital)",Non-energy,Early stage,2021,6057567.5,USD,6
SVN,SLOVENIA,Probability to receive funding,"By sector (energy, green, digital)",Non-energy,Early stage,2021,7.078506947,Percentage,777
SVN,SLOVENIA,Fundings of start-ups,"By sector (energy, green, digital)",Non-energy,Early stage,2022,2.332521677,Years,779
SVN,SLOVENIA,Fundings of start-ups,"By sector (energy, green, digital)",Non-energy,Early stage,2022,29288332,USD,7
SVN,SLOVENIA,Probability to receive funding,"By sector (energy, green, digital)",Energy,Later stage,2021,0,Percentage,28
SVN,SLOVENIA,Probability to receive funding,"By sector (energy, green, digital)",Energy and digital,Later stage,2021,0,Percentage,12
SVN,SLOVENIA,Probability to receive funding,"By sector (energy, green, digital)",Energy and non-digital,Later stage,2021,0,Percentage,16
SVN,SLOVENIA,Fundings of start-ups,"By sector (energy, green, digital)",Non-energy,Later stage,2017,750980.1875,USD,1
SVN,SLOVENIA,Fundings of start-ups,"By sector (energy, green, digital)",Non-energy,Later stage,2019,4765768.5,USD,1
SVN,SLOVENIA,Probability to receive funding,"By sector (energy, green, digital)",Non-energy,Later stage,2021,1.029600978,Percentage,777
SVN,SLOVENIA,Fundings of start-ups,"By sector (energy, green, digital)",Non-energy,Later stage,2022,4.59006834,Years,779
SVN,SLOVENIA,Fundings of start-ups,By technology,Electric mobility,all,2016,1509331.875,USD,1
SVN,SLOVENIA,Fundings of start-ups,By technology,Electric mobility,all,2019,3695810.75,USD,1
SVN,SLOVENIA,Fundings of start-ups,By technology,Other renewables,all,2014,73235.51563,USD,1
SVN,SLOVENIA,Fundings of start-ups,By technology,Other renewables,all,2016,14330031,USD,2
SVN,SLOVENIA,Fundings of start-ups,By technology,Other renewables,all,2020,5275169,USD,1
SVN,SLOVENIA,Fundings of start-ups,By technology,Clean energy,Early stage,2014,73235.51563,USD,1
SVN,SLOVENIA,Fundings of start-ups,By technology,Clean energy,Early stage,2016,12926231,USD,1
SVN,SLOVENIA,Fundings of start-ups,By technology,Clean energy,Early stage,2019,3695810.75,USD,1
SVN,SLOVENIA,Fundings of start-ups,By technology,Clean energy,Early stage,2020,5275169,USD,1
SVN,SLOVENIA,Probability to receive funding,By technology,Clean energy,Early stage,2021,23.52941132,Percentage,17
SVN,SLOVENIA,Fundings of start-ups,By technology,Clean energy,Early stage,2022,4.89931488,Years,18
SVN,SLOVENIA,Probability to receive funding,By technology,Electric mobility,Early stage,2015,20,Percentage,5
SVN,SLOVENIA,Probability to receive funding,By technology,Electric mobility,Early stage,2016,16.66666603,Percentage,6
SVN,SLOVENIA,Probability to receive funding,By technology,Electric mobility,Early stage,2017,16.66666603,Percentage,6
SVN,SLOVENIA,Probability to receive funding,By technology,Electric mobility,Early stage,2018,28.5714283,Percentage,7
SVN,SLOVENIA,Probability to receive funding,By technology,Electric mobility,Early stage,2019,28.5714283,Percentage,7
SVN,SLOVENIA,Probability to receive funding,By technology,Electric mobility,Early stage,2020,28.5714283,Percentage,7
SVN,SLOVENIA,Probability to receive funding,By technology,Electric mobility,Early stage,2021,28.5714283,Percentage,7
SVN,SLOVENIA,Probability to receive funding,By technology,Energy efficiency,Early stage,2015,0,Percentage,5.466666698
SVN,SLOVENIA,Probability to receive funding,By technology,Energy efficiency,Early stage,2016,0,Percentage,5.466666698
SVN,SLOVENIA,Probability to receive funding,By technology,Energy efficiency,Early stage,2017,0,Percentage,5.466666698
SVN,SLOVENIA,Probability to receive funding,By technology,Energy efficiency,Early stage,2018,0,Percentage,5.466666698
SVN,SLOVENIA,Probability to receive funding,By technology,Energy efficiency,Early stage,2019,0,Percentage,6.466666698
SVN,SLOVENIA,Probability to receive funding,By technology,Energy efficiency,Early stage,2020,13.39285755,Percentage,7.466666698
SVN,SLOVENIA,Probability to receive funding,By technology,Energy efficiency,Early stage,2021,13.39285755,Percentage,7.466666698
SVN,SLOVENIA,Probability to receive funding,By technology,Energy storage and batteries,Early stage,2015,0,Percentage,1
SVN,SLOVENIA,Probability to receive funding,By technology,Energy storage and batteries,Early stage,2016,0,Percentage,1
SVN,SLOVENIA,Probability to receive funding,By technology,Energy storage and batteries,Early stage,2017,0,Percentage,1
SVN,SLOVENIA,Probability to receive funding,By technology,Energy storage and batteries,Early stage,2018,0,Percentage,1
SVN,SLOVENIA,Probability to receive funding,By technology,Energy storage and batteries,Early stage,2019,0,Percentage,1
SVN,SLOVENIA,Probability to receive funding,By technology,Energy storage and batteries,Early stage,2020,0,Percentage,1
SVN,SLOVENIA,Probability to receive funding,By technology,Energy storage and batteries,Early stage,2021,0,Percentage,1
SVN,SLOVENIA,Probability to receive funding,By technology,Fossil fuels,Early stage,2015,0,Percentage,1
SVN,SLOVENIA,Probability to receive funding,By technology,Fossil fuels,Early stage,2016,0,Percentage,1
SVN,SLOVENIA,Probability to receive funding,By technology,Fossil fuels,Early stage,2017,0,Percentage,1
SVN,SLOVENIA,Probability to receive funding,By technology,Fossil fuels,Early stage,2018,0,Percentage,1
SVN,SLOVENIA,Probability to receive funding,By technology,Fossil fuels,Early stage,2019,0,Percentage,1
SVN,SLOVENIA,Probability to receive funding,By technology,Fossil fuels,Early stage,2020,0,Percentage,1
SVN,SLOVENIA,Probability to receive funding,By technology,Fossil fuels,Early stage,2021,0,Percentage,1
SVN,SLOVENIA,Probability to receive funding,By technology,Grid,Early stage,2015,0,Percentage,1.333333373
SVN,SLOVENIA,Probability to receive funding,By technology,Grid,Early stage,2016,0,Percentage,1.333333373
SVN,SLOVENIA,Probability to receive funding,By technology,Grid,Early stage,2017,0,Percentage,1.333333373
SVN,SLOVENIA,Probability to receive funding,By technology,Grid,Early stage,2018,0,Percentage,1.333333373
SVN,SLOVENIA,Probability to receive funding,By technology,Grid,Early stage,2019,0,Percentage,1.333333373
SVN,SLOVENIA,Probability to receive funding,By technology,Grid,Early stage,2020,0,Percentage,1.333333373
SVN,SLOVENIA,Probability to receive funding,By technology,Grid,Early stage,2021,0,Percentage,1.333333373
SVN,SLOVENIA,Probability to receive funding,By technology,Non-clean energy,Early stage,2021,9.090909004,Percentage,11
SVN,SLOVENIA,Fundings of start-ups,By technology,Non-clean energy,Early stage,2022,0.08219178,Years,11
SVN,SLOVENIA,Probability to receive funding,By technology,Other energy,Early stage,2015,0,Percentage,2.566666603
SVN,SLOVENIA,Probability to receive funding,By technology,Other energy,Early stage,2016,0,Percentage,3.566666603
SVN,SLOVENIA,Probability to receive funding,By technology,Other energy,Early stage,2017,0,Percentage,3.566666603
SVN,SLOVENIA,Probability to receive funding,By technology,Other energy,Early stage,2018,0,Percentage,3.566666603
SVN,SLOVENIA,Probability to receive funding,By technology,Other energy,Early stage,2019,0,Percentage,3.566666603
SVN,SLOVENIA,Probability to receive funding,By technology,Other energy,Early stage,2020,0,Percentage,3.566666603
SVN,SLOVENIA,Probability to receive funding,By technology,Other energy,Early stage,2021,0,Percentage,3.566666603
SVN,SLOVENIA,Probability to receive funding,By technology,Other renewables,Early stage,2015,58.25242615,Percentage,3.433333397
SVN,SLOVENIA,Probability to receive funding,By technology,Other renewables,Early stage,2016,45.11278152,Percentage,4.433333397
SVN,SLOVENIA,Probability to receive funding,By technology,Other renewables,Early stage,2017,45.11278152,Percentage,4.433333397
SVN,SLOVENIA,Probability to receive funding,By technology,Other renewables,Early stage,2018,45.11278152,Percentage,4.433333397
SVN,SLOVENIA,Probability to receive funding,By technology,Other renewables,Early stage,2019,45.11278152,Percentage,4.433333397
SVN,SLOVENIA,Probability to receive funding,By technology,Other renewables,Early stage,2020,45.11278152,Percentage,4.433333397
SVN,SLOVENIA,Probability to receive funding,By technology,Other renewables,Early stage,2021,45.11278152,Percentage,4.433333397
SVN,SLOVENIA,Probability to receive funding,By technology,Solar,Early stage,2015,0,Percentage,0.200000003
SVN,SLOVENIA,Probability to receive funding,By technology,Solar,Early stage,2016,0,Percentage,0.200000003
SVN,SLOVENIA,Probability to receive funding,By technology,Solar,Early stage,2017,0,Percentage,0.200000003
SVN,SLOVENIA,Probability to receive funding,By technology,Solar,Early stage,2018,0,Percentage,0.200000003
SVN,SLOVENIA,Probability to receive funding,By technology,Solar,Early stage,2019,0,Percentage,0.200000003
SVN,SLOVENIA,Probability to receive funding,By technology,Solar,Early stage,2020,0,Percentage,0.200000003
SVN,SLOVENIA,Probability to receive funding,By technology,Solar,Early stage,2021,0,Percentage,0.200000003
SVN,SLOVENIA,Probability to receive funding,By technology,Clean energy,Later stage,2021,0,Percentage,17
SVN,SLOVENIA,Probability to receive funding,By technology,Electric mobility,Later stage,2015,0,Percentage,5
SVN,SLOVENIA,Probability to receive funding,By technology,Electric mobility,Later stage,2016,0,Percentage,6
SVN,SLOVENIA,Probability to receive funding,By technology,Electric mobility,Later stage,2017,0,Percentage,6
SVN,SLOVENIA,Probability to receive funding,By technology,Electric mobility,Later stage,2018,0,Percentage,7
SVN,SLOVENIA,Probability to receive funding,By technology,Electric mobility,Later stage,2019,0,Percentage,7
SVN,SLOVENIA,Probability to receive funding,By technology,Electric mobility,Later stage,2020,0,Percentage,7
SVN,SLOVENIA,Probability to receive funding,By technology,Electric mobility,Later stage,2021,0,Percentage,7
SVN,SLOVENIA,Probability to receive funding,By technology,Energy efficiency,Later stage,2015,0,Percentage,5.466666698
SVN,SLOVENIA,Probability to receive funding,By technology,Energy efficiency,Later stage,2016,0,Percentage,5.466666698
SVN,SLOVENIA,Probability to receive funding,By technology,Energy efficiency,Later stage,2017,0,Percentage,5.466666698
SVN,SLOVENIA,Probability to receive funding,By technology,Energy efficiency,Later stage,2018,0,Percentage,5.466666698
SVN,SLOVENIA,Probability to receive funding,By technology,Energy efficiency,Later stage,2019,0,Percentage,6.466666698
SVN,SLOVENIA,Probability to receive funding,By technology,Energy efficiency,Later stage,2020,0,Percentage,7.466666698
SVN,SLOVENIA,Probability to receive funding,By technology,Energy efficiency,Later stage,2021,0,Percentage,7.466666698
SVN,SLOVENIA,Probability to receive funding,By technology,Energy storage and batteries,Later stage,2015,0,Percentage,1
SVN,SLOVENIA,Probability to receive funding,By technology,Energy storage and batteries,Later stage,2016,0,Percentage,1
SVN,SLOVENIA,Probability to receive funding,By technology,Energy storage and batteries,Later stage,2017,0,Percentage,1
SVN,SLOVENIA,Probability to receive funding,By technology,Energy storage and batteries,Later stage,2018,0,Percentage,1
SVN,SLOVENIA,Probability to receive funding,By technology,Energy storage and batteries,Later stage,2019,0,Percentage,1
SVN,SLOVENIA,Probability to receive funding,By technology,Energy storage and batteries,Later stage,2020,0,Percentage,1
SVN,SLOVENIA,Probability to receive funding,By technology,Energy storage and batteries,Later stage,2021,0,Percentage,1
SVN,SLOVENIA,Probability to receive funding,By technology,Fossil fuels,Later stage,2015,0,Percentage,1
SVN,SLOVENIA,Probability to receive funding,By technology,Fossil fuels,Later stage,2016,0,Percentage,1
SVN,SLOVENIA,Probability to receive funding,By technology,Fossil fuels,Later stage,2017,0,Percentage,1
SVN,SLOVENIA,Probability to receive funding,By technology,Fossil fuels,Later stage,2018,0,Percentage,1
SVN,SLOVENIA,Probability to receive funding,By technology,Fossil fuels,Later stage,2019,0,Percentage,1
SVN,SLOVENIA,Probability to receive funding,By technology,Fossil fuels,Later stage,2020,0,Percentage,1
SVN,SLOVENIA,Probability to receive funding,By technology,Fossil fuels,Later stage,2021,0,Percentage,1
SVN,SLOVENIA,Probability to receive funding,By technology,Grid,Later stage,2015,0,Percentage,1.333333373
SVN,SLOVENIA,Probability to receive funding,By technology,Grid,Later stage,2016,0,Percentage,1.333333373
SVN,SLOVENIA,Probability to receive funding,By technology,Grid,Later stage,2017,0,Percentage,1.333333373
SVN,SLOVENIA,Probability to receive funding,By technology,Grid,Later stage,2018,0,Percentage,1.333333373
SVN,SLOVENIA,Probability to receive funding,By technology,Grid,Later stage,2019,0,Percentage,1.333333373
SVN,SLOVENIA,Probability to receive funding,By technology,Grid,Later stage,2020,0,Percentage,1.333333373
SVN,SLOVENIA,Probability to receive funding,By technology,Grid,Later stage,2021,0,Percentage,1.333333373
SVN,SLOVENIA,Probability to receive funding,By technology,Non-clean energy,Later stage,2021,0,Percentage,11
SVN,SLOVENIA,Probability to receive funding,By technology,Other energy,Later stage,2015,0,Percentage,2.566666603
SVN,SLOVENIA,Probability to receive funding,By technology,Other energy,Later stage,2016,0,Percentage,3.566666603
SVN,SLOVENIA,Probability to receive funding,By technology,Other energy,Later stage,2017,0,Percentage,3.566666603
SVN,SLOVENIA,Probability to receive funding,By technology,Other energy,Later stage,2018,0,Percentage,3.566666603
SVN,SLOVENIA,Probability to receive funding,By technology,Other energy,Later stage,2019,0,Percentage,3.566666603
SVN,SLOVENIA,Probability to receive funding,By technology,Other energy,Later stage,2020,0,Percentage,3.566666603
SVN,SLOVENIA,Probability to receive funding,By technology,Other energy,Later stage,2021,0,Percentage,3.566666603
SVN,SLOVENIA,Probability to receive funding,By technology,Other renewables,Later stage,2015,0,Percentage,3.433333397
SVN,SLOVENIA,Probability to receive funding,By technology,Other renewables,Later stage,2016,0,Percentage,4.433333397
SVN,SLOVENIA,Probability to receive funding,By technology,Other renewables,Later stage,2017,0,Percentage,4.433333397
SVN,SLOVENIA,Probability to receive funding,By technology,Other renewables,Later stage,2018,0,Percentage,4.433333397
SVN,SLOVENIA,Probability to receive funding,By technology,Other renewables,Later stage,2019,0,Percentage,4.433333397
SVN,SLOVENIA,Probability to receive funding,By technology,Other renewables,Later stage,2020,0,Percentage,4.433333397
SVN,SLOVENIA,Probability to receive funding,By technology,Other renewables,Later stage,2021,0,Percentage,4.433333397
SVN,SLOVENIA,Probability to receive funding,By technology,Solar,Later stage,2015,0,Percentage,0.200000003
SVN,SLOVENIA,Probability to receive funding,By technology,Solar,Later stage,2016,0,Percentage,0.200000003
SVN,SLOVENIA,Probability to receive funding,By technology,Solar,Later stage,2017,0,Percentage,0.200000003
SVN,SLOVENIA,Probability to receive funding,By technology,Solar,Later stage,2018,0,Percentage,0.200000003
SVN,SLOVENIA,Probability to receive funding,By technology,Solar,Later stage,2019,0,Percentage,0.200000003
SVN,SLOVENIA,Probability to receive funding,By technology,Solar,Later stage,2020,0,Percentage,0.200000003
SVN,SLOVENIA,Probability to receive funding,By technology,Solar,Later stage,2021,0,Percentage,0.200000003
SLB,SOLOMON ISLANDS,Probability to receive funding,"By sector (energy, green, digital)",Non-energy,Early stage,2021,0,Percentage,2
SLB,SOLOMON ISLANDS,Probability to receive funding,"By sector (energy, green, digital)",Non-energy,Later stage,2021,0,Percentage,2
SOM,SOMALIA,Probability to receive funding,"By sector (energy, green, digital)",Energy,Early stage,2021,0,Percentage,3
SOM,SOMALIA,Probability to receive funding,"By sector (energy, green, digital)",Energy and non-digital,Early stage,2021,0,Percentage,3
SOM,SOMALIA,Fundings of start-ups,"By sector (energy, green, digital)",Non-energy,Early stage,2010,2550898.25,USD,1
SOM,SOMALIA,Fundings of start-ups,"By sector (energy, green, digital)",Non-energy,Early stage,2021,514492.75,USD,1
SOM,SOMALIA,Probability to receive funding,"By sector (energy, green, digital)",Non-energy,Early stage,2021,7.142857075,Percentage,28
SOM,SOMALIA,Fundings of start-ups,"By sector (energy, green, digital)",Non-energy,Early stage,2022,0.183561638,Years,29
SOM,SOMALIA,Probability to receive funding,"By sector (energy, green, digital)",Energy,Later stage,2021,0,Percentage,3
SOM,SOMALIA,Probability to receive funding,"By sector (energy, green, digital)",Energy and non-digital,Later stage,2021,0,Percentage,3
SOM,SOMALIA,Probability to receive funding,"By sector (energy, green, digital)",Non-energy,Later stage,2021,0,Percentage,28
SOM,SOMALIA,Probability to receive funding,By technology,Clean energy,Early stage,2021,0,Percentage,3
SOM,SOMALIA,Probability to receive funding,By technology,Grid,Early stage,2017,0,Percentage,0.5
SOM,SOMALIA,Probability to receive funding,By technology,Grid,Early stage,2018,0,Percentage,0.5
SOM,SOMALIA,Probability to receive funding,By technology,Grid,Early stage,2019,0,Percentage,0.5
SOM,SOMALIA,Probability to receive funding,By technology,Grid,Early stage,2020,0,Percentage,0.5
SOM,SOMALIA,Probability to receive funding,By technology,Grid,Early stage,2021,0,Percentage,0.5
SOM,SOMALIA,Probability to receive funding,By technology,Other energy,Early stage,2016,0,Percentage,0.833333313
SOM,SOMALIA,Probability to receive funding,By technology,Other energy,Early stage,2017,0,Percentage,1.333333373
SOM,SOMALIA,Probability to receive funding,By technology,Other energy,Early stage,2018,0,Percentage,1.333333373
SOM,SOMALIA,Probability to receive funding,By technology,Other energy,Early stage,2019,0,Percentage,1.333333373
SOM,SOMALIA,Probability to receive funding,By technology,Other energy,Early stage,2020,0,Percentage,1.333333373
SOM,SOMALIA,Probability to receive funding,By technology,Other energy,Early stage,2021,0,Percentage,1.333333373
SOM,SOMALIA,Probability to receive funding,By technology,Other renewables,Early stage,2016,0,Percentage,0.833333313
SOM,SOMALIA,Probability to receive funding,By technology,Other renewables,Early stage,2017,0,Percentage,0.833333313
SOM,SOMALIA,Probability to receive funding,By technology,Other renewables,Early stage,2018,0,Percentage,0.833333313
SOM,SOMALIA,Probability to receive funding,By technology,Other renewables,Early stage,2019,0,Percentage,0.833333313
SOM,SOMALIA,Probability to receive funding,By technology,Other renewables,Early stage,2020,0,Percentage,0.833333313
SOM,SOMALIA,Probability to receive funding,By technology,Other renewables,Early stage,2021,0,Percentage,0.833333313
SOM,SOMALIA,Probability to receive funding,By technology,Solar,Early stage,2016,0,Percentage,0.333333343
SOM,SOMALIA,Probability to receive funding,By technology,Solar,Early stage,2017,0,Percentage,0.333333343
SOM,SOMALIA,Probability to receive funding,By technology,Solar,Early stage,2018,0,Percentage,0.333333343
SOM,SOMALIA,Probability to receive funding,By technology,Solar,Early stage,2019,0,Percentage,0.333333343
SOM,SOMALIA,Probability to receive funding,By technology,Solar,Early stage,2020,0,Percentage,0.333333343
SOM,SOMALIA,Probability to receive funding,By technology,Solar,Early stage,2021,0,Percentage,0.333333343
SOM,SOMALIA,Probability to receive funding,By technology,Clean energy,Later stage,2021,0,Percentage,3
SOM,SOMALIA,Probability to receive funding,By technology,Grid,Later stage,2017,0,Percentage,0.5
SOM,SOMALIA,Probability to receive funding,By technology,Grid,Later stage,2018,0,Percentage,0.5
SOM,SOMALIA,Probability to receive funding,By technology,Grid,Later stage,2019,0,Percentage,0.5
SOM,SOMALIA,Probability to receive funding,By technology,Grid,Later stage,2020,0,Percentage,0.5
SOM,SOMALIA,Probability to receive funding,By technology,Grid,Later stage,2021,0,Percentage,0.5
SOM,SOMALIA,Probability to receive funding,By technology,Other energy,Later stage,2016,0,Percentage,0.833333313
SOM,SOMALIA,Probability to receive funding,By technology,Other energy,Later stage,2017,0,Percentage,1.333333373
SOM,SOMALIA,Probability to receive funding,By technology,Other energy,Later stage,2018,0,Percentage,1.333333373
SOM,SOMALIA,Probability to receive funding,By technology,Other energy,Later stage,2019,0,Percentage,1.333333373
SOM,SOMALIA,Probability to receive funding,By technology,Other energy,Later stage,2020,0,Percentage,1.333333373
SOM,SOMALIA,Probability to receive funding,By technology,Other energy,Later stage,2021,0,Percentage,1.333333373
SOM,SOMALIA,Probability to receive funding,By technology,Other renewables,Later stage,2016,0,Percentage,0.833333313
SOM,SOMALIA,Probability to receive funding,By technology,Other renewables,Later stage,2017,0,Percentage,0.833333313
SOM,SOMALIA,Probability to receive funding,By technology,Other renewables,Later stage,2018,0,Percentage,0.833333313
SOM,SOMALIA,Probability to receive funding,By technology,Other renewables,Later stage,2019,0,Percentage,0.833333313
SOM,SOMALIA,Probability to receive funding,By technology,Other renewables,Later stage,2020,0,Percentage,0.833333313
SOM,SOMALIA,Probability to receive funding,By technology,Other renewables,Later stage,2021,0,Percentage,0.833333313
SOM,SOMALIA,Probability to receive funding,By technology,Solar,Later stage,2016,0,Percentage,0.333333343
SOM,SOMALIA,Probability to receive funding,By technology,Solar,Later stage,2017,0,Percentage,0.333333343
SOM,SOMALIA,Probability to receive funding,By technology,Solar,Later stage,2018,0,Percentage,0.333333343
SOM,SOMALIA,Probability to receive funding,By technology,Solar,Later stage,2019,0,Percentage,0.333333343
SOM,SOMALIA,Probability to receive funding,By technology,Solar,Later stage,2020,0,Percentage,0.333333343
SOM,SOMALIA,Probability to receive funding,By technology,Solar,Later stage,2021,0,Percentage,0.333333343
ZAF,SOUTH AFRICA,Fundings of start-ups,"By sector (energy, green, digital)",Energy,Early stage,2008,60401004,USD,1
ZAF,SOUTH AFRICA,Fundings of start-ups,"By sector (energy, green, digital)",Energy,Early stage,2015,1294475.125,USD,2
ZAF,SOUTH AFRICA,Fundings of start-ups,"By sector (energy, green, digital)",Energy,Early stage,2016,300978.25,USD,2
ZAF,SOUTH AFRICA,Fundings of start-ups,"By sector (energy, green, digital)",Energy,Early stage,2017,1812766,USD,1
ZAF,SOUTH AFRICA,Fundings of start-ups,"By sector (energy, green, digital)",Energy,Early stage,2018,554687.5,USD,1
ZAF,SOUTH AFRICA,Fundings of start-ups,"By sector (energy, green, digital)",Energy,Early stage,2019,282551.0313,USD,1
ZAF,SOUTH AFRICA,Fundings of start-ups,"By sector (energy, green, digital)",Energy,Early stage,2020,4087878.75,USD,1
ZAF,SOUTH AFRICA,Probability to receive funding,"By sector (energy, green, digital)",Energy,Early stage,2021,5.982905865,Percentage,117
ZAF,SOUTH AFRICA,Fundings of start-ups,"By sector (energy, green, digital)",Energy,Early stage,2021,1437478.375,USD,1
ZAF,SOUTH AFRICA,Fundings of start-ups,"By sector (energy, green, digital)",Energy,Early stage,2022,3.30176115,Years,118
ZAF,SOUTH AFRICA,Fundings of start-ups,"By sector (energy, green, digital)",Energy and digital,Early stage,2015,1294475.125,USD,2
ZAF,SOUTH AFRICA,Fundings of start-ups,"By sector (energy, green, digital)",Energy and digital,Early stage,2016,300978.25,USD,2
ZAF,SOUTH AFRICA,Fundings of start-ups,"By sector (energy, green, digital)",Energy and digital,Early stage,2017,1812766,USD,1
ZAF,SOUTH AFRICA,Fundings of start-ups,"By sector (energy, green, digital)",Energy and digital,Early stage,2018,554687.5,USD,1
ZAF,SOUTH AFRICA,Fundings of start-ups,"By sector (energy, green, digital)",Energy and digital,Early stage,2019,282551.0313,USD,1
ZAF,SOUTH AFRICA,Fundings of start-ups,"By sector (energy, green, digital)",Energy and digital,Early stage,2020,4087878.75,USD,1
ZAF,SOUTH AFRICA,Probability to receive funding,"By sector (energy, green, digital)",Energy and digital,Early stage,2021,10.71428585,Percentage,28
ZAF,SOUTH AFRICA,Fundings of start-ups,"By sector (energy, green, digital)",Energy and digital,Early stage,2022,3.666666746,Years,29
ZAF,SOUTH AFRICA,Fundings of start-ups,"By sector (energy, green, digital)",Energy and non-digital,Early stage,2008,60401004,USD,1
ZAF,SOUTH AFRICA,Probability to receive funding,"By sector (energy, green, digital)",Energy and non-digital,Early stage,2021,4.494381905,Percentage,89
ZAF,SOUTH AFRICA,Fundings of start-ups,"By sector (energy, green, digital)",Energy and non-digital,Early stage,2021,1437478.375,USD,1
ZAF,SOUTH AFRICA,Fundings of start-ups,"By sector (energy, green, digital)",Energy and non-digital,Early stage,2022,3.028082132,Years,89
ZAF,SOUTH AFRICA,Fundings of start-ups,"By sector (energy, green, digital)",Non-energy,Early stage,2005,4653356.5,USD,2
ZAF,SOUTH AFRICA,Fundings of start-ups,"By sector (energy, green, digital)",Non-energy,Early stage,2007,5201769.5,USD,3
ZAF,SOUTH AFRICA,Fundings of start-ups,"By sector (energy, green, digital)",Non-energy,Early stage,2008,8860650,USD,5
ZAF,SOUTH AFRICA,Fundings of start-ups,"By sector (energy, green, digital)",Non-energy,Early stage,2009,8965923,USD,5
ZAF,SOUTH AFRICA,Fundings of start-ups,"By sector (energy, green, digital)",Non-energy,Early stage,2010,8290419,USD,2
ZAF,SOUTH AFRICA,Fundings of start-ups,"By sector (energy, green, digital)",Non-energy,Early stage,2011,5139244,USD,8
ZAF,SOUTH AFRICA,Fundings of start-ups,"By sector (energy, green, digital)",Non-energy,Early stage,2012,8146040,USD,5
ZAF,SOUTH AFRICA,Fundings of start-ups,"By sector (energy, green, digital)",Non-energy,Early stage,2013,25996032,USD,6
ZAF,SOUTH AFRICA,Fundings of start-ups,"By sector (energy, green, digital)",Non-energy,Early stage,2014,8311554,USD,12
ZAF,SOUTH AFRICA,Fundings of start-ups,"By sector (energy, green, digital)",Non-energy,Early stage,2015,70982656,USD,19
ZAF,SOUTH AFRICA,Fundings of start-ups,"By sector (energy, green, digital)",Non-energy,Early stage,2016,71229040,USD,35
ZAF,SOUTH AFRICA,Fundings of start-ups,"By sector (energy, green, digital)",Non-energy,Early stage,2017,102257552,USD,45
ZAF,SOUTH AFRICA,Fundings of start-ups,"By sector (energy, green, digital)",Non-energy,Early stage,2018,68889000,USD,35
ZAF,SOUTH AFRICA,Fundings of start-ups,"By sector (energy, green, digital)",Non-energy,Early stage,2019,45431852,USD,32
ZAF,SOUTH AFRICA,Fundings of start-ups,"By sector (energy, green, digital)",Non-energy,Early stage,2020,164162000,USD,35
ZAF,SOUTH AFRICA,Fundings of start-ups,"By sector (energy, green, digital)",Non-energy,Early stage,2021,166646512,USD,41
ZAF,SOUTH AFRICA,Probability to receive funding,"By sector (energy, green, digital)",Non-energy,Early stage,2021,6.31018734,Percentage,3946
ZAF,SOUTH AFRICA,Fundings of start-ups,"By sector (energy, green, digital)",Non-energy,Early stage,2022,2.465312004,Years,3961
ZAF,SOUTH AFRICA,Fundings of start-ups,"By sector (energy, green, digital)",Non-energy,Early stage,2022,234008544,USD,29
ZAF,SOUTH AFRICA,Probability to receive funding,"By sector (energy, green, digital)",Energy,Later stage,2021,1.709401727,Percentage,117
ZAF,SOUTH AFRICA,Fundings of start-ups,"By sector (energy, green, digital)",Energy,Later stage,2022,7.835616589,Years,118
ZAF,SOUTH AFRICA,Probability to receive funding,"By sector (energy, green, digital)",Energy and digital,Later stage,2021,0,Percentage,28
ZAF,SOUTH AFRICA,Probability to receive funding,"By sector (energy, green, digital)",Energy and non-digital,Later stage,2021,2.247190952,Percentage,89
ZAF,SOUTH AFRICA,Fundings of start-ups,"By sector (energy, green, digital)",Energy and non-digital,Later stage,2022,7.835616589,Years,89
ZAF,SOUTH AFRICA,Fundings of start-ups,"By sector (energy, green, digital)",Non-energy,Later stage,2014,2854906,USD,1
ZAF,SOUTH AFRICA,Fundings of start-ups,"By sector (energy, green, digital)",Non-energy,Later stage,2015,11767956,USD,1
ZAF,SOUTH AFRICA,Fundings of start-ups,"By sector (energy, green, digital)",Non-energy,Later stage,2016,3421317.25,USD,3
ZAF,SOUTH AFRICA,Fundings of start-ups,"By sector (energy, green, digital)",Non-energy,Later stage,2017,76049448,USD,3
ZAF,SOUTH AFRICA,Fundings of start-ups,"By sector (energy, green, digital)",Non-energy,Later stage,2018,549685.3125,USD,1
ZAF,SOUTH AFRICA,Fundings of start-ups,"By sector (energy, green, digital)",Non-energy,Later stage,2019,31507914,USD,4
ZAF,SOUTH AFRICA,Fundings of start-ups,"By sector (energy, green, digital)",Non-energy,Later stage,2020,7075855.5,USD,2
ZAF,SOUTH AFRICA,Probability to receive funding,"By sector (energy, green, digital)",Non-energy,Later stage,2021,1.748606205,Percentage,3946
ZAF,SOUTH AFRICA,Fundings of start-ups,"By sector (energy, green, digital)",Non-energy,Later stage,2021,306491968,USD,6
ZAF,SOUTH AFRICA,Fundings of start-ups,"By sector (energy, green, digital)",Non-energy,Later stage,2022,5.782191753,Years,3961
ZAF,SOUTH AFRICA,Fundings of start-ups,"By sector (energy, green, digital)",Non-energy,Later stage,2022,100000000,USD,1
ZAF,SOUTH AFRICA,Fundings of start-ups,By technology,Energy storage and batteries,all,2021,718739.1875,USD,0.5
ZAF,SOUTH AFRICA,Fundings of start-ups,By technology,Fossil fuels,all,2015,353038.6875,USD,1
ZAF,SOUTH AFRICA,Fundings of start-ups,By technology,Fossil fuels,all,2016,231521.7344,USD,1
ZAF,SOUTH AFRICA,Fundings of start-ups,By technology,Other energy,all,2008,60401004,USD,1
ZAF,SOUTH AFRICA,Fundings of start-ups,By technology,Other energy,all,2014,37069060,USD,1
ZAF,SOUTH AFRICA,Fundings of start-ups,By technology,Other renewables,all,2015,941436.4375,USD,1
ZAF,SOUTH AFRICA,Fundings of start-ups,By technology,Other renewables,all,2021,718739.1875,USD,0.5
ZAF,SOUTH AFRICA,Fundings of start-ups,By technology,Solar,all,2016,69456.52344,USD,1
ZAF,SOUTH AFRICA,Fundings of start-ups,By technology,Solar,all,2017,1812766,USD,1
ZAF,SOUTH AFRICA,Fundings of start-ups,By technology,Solar,all,2018,554687.5,USD,1
ZAF,SOUTH AFRICA,Fundings of start-ups,By technology,Solar,all,2019,1698809.75,USD,3
ZAF,SOUTH AFRICA,Fundings of start-ups,By technology,Solar,all,2020,4087878.75,USD,1
ZAF,SOUTH AFRICA,Fundings of start-ups,By technology,Solar,all,2021,2572463.75,USD,1
ZAF,SOUTH AFRICA,Fundings of start-ups,By technology,Solar,all,2022,1400000,USD,1
ZAF,SOUTH AFRICA,Fundings of start-ups,By technology,Clean energy,Early stage,2015,941436.4375,USD,1
ZAF,SOUTH AFRICA,Fundings of start-ups,By technology,Clean energy,Early stage,2021,1437478.375,USD,1
ZAF,SOUTH AFRICA,Probability to receive funding,By technology,Clean energy,Early stage,2021,5.97014904,Percentage,67
ZAF,SOUTH AFRICA,Fundings of start-ups,By technology,Clean energy,Early stage,2022,4.658904076,Years,68
ZAF,SOUTH AFRICA,Probability to receive funding,By technology,Electric mobility,Early stage,2015,0,Percentage,1
ZAF,SOUTH AFRICA,Probability to receive funding,By technology,Electric mobility,Early stage,2016,0,Percentage,1
ZAF,SOUTH AFRICA,Probability to receive funding,By technology,Electric mobility,Early stage,2017,0,Percentage,1.5
ZAF,SOUTH AFRICA,Probability to receive funding,By technology,Electric mobility,Early stage,2018,0,Percentage,1.5
ZAF,SOUTH AFRICA,Probability to receive funding,By technology,Electric mobility,Early stage,2019,0,Percentage,1.5
ZAF,SOUTH AFRICA,Probability to receive funding,By technology,Electric mobility,Early stage,2020,0,Percentage,2.5
ZAF,SOUTH AFRICA,Probability to receive funding,By technology,Electric mobility,Early stage,2021,0,Percentage,2.5
ZAF,SOUTH AFRICA,Probability to receive funding,By technology,Energy efficiency,Early stage,2015,0,Percentage,14.91666698
ZAF,SOUTH AFRICA,Probability to receive funding,By technology,Energy efficiency,Early stage,2016,0,Percentage,14.91666698
ZAF,SOUTH AFRICA,Probability to receive funding,By technology,Energy efficiency,Early stage,2017,0,Percentage,15.41666698
ZAF,SOUTH AFRICA,Probability to receive funding,By technology,Energy efficiency,Early stage,2018,0,Percentage,16.41666603
ZAF,SOUTH AFRICA,Probability to receive funding,By technology,Energy efficiency,Early stage,2019,0,Percentage,16.41666603
ZAF,SOUTH AFRICA,Probability to receive funding,By technology,Energy efficiency,Early stage,2020,0,Percentage,17.41666603
ZAF,SOUTH AFRICA,Probability to receive funding,By technology,Energy efficiency,Early stage,2021,0,Percentage,17.41666603
ZAF,SOUTH AFRICA,Probability to receive funding,By technology,Energy storage and batteries,Early stage,2015,0,Percentage,0.833333313
ZAF,SOUTH AFRICA,Probability to receive funding,By technology,Energy storage and batteries,Early stage,2016,0,Percentage,0.833333313
ZAF,SOUTH AFRICA,Probability to receive funding,By technology,Energy storage and batteries,Early stage,2017,0,Percentage,1.833333373
ZAF,SOUTH AFRICA,Probability to receive funding,By technology,Energy storage and batteries,Early stage,2018,21.4285717,Percentage,2.333333254
ZAF,SOUTH AFRICA,Probability to receive funding,By technology,Energy storage and batteries,Early stage,2019,21.4285717,Percentage,2.333333254
ZAF,SOUTH AFRICA,Probability to receive funding,By technology,Energy storage and batteries,Early stage,2020,21.4285717,Percentage,2.333333254
ZAF,SOUTH AFRICA,Probability to receive funding,By technology,Energy storage and batteries,Early stage,2021,21.4285717,Percentage,2.333333254
ZAF,SOUTH AFRICA,Probability to receive funding,By technology,Fossil fuels,Early stage,2015,13.63636398,Percentage,7.333333492
ZAF,SOUTH AFRICA,Probability to receive funding,By technology,Fossil fuels,Early stage,2016,13.63636398,Percentage,7.333333492
ZAF,SOUTH AFRICA,Probability to receive funding,By technology,Fossil fuels,Early stage,2017,13.63636398,Percentage,7.333333492
ZAF,SOUTH AFRICA,Probability to receive funding,By technology,Fossil fuels,Early stage,2018,13.63636398,Percentage,7.333333492
ZAF,SOUTH AFRICA,Probability to receive funding,By technology,Fossil fuels,Early stage,2019,12,Percentage,8.333333015
ZAF,SOUTH AFRICA,Probability to receive funding,By technology,Fossil fuels,Early stage,2020,10.909091,Percentage,9.166666985
ZAF,SOUTH AFRICA,Probability to receive funding,By technology,Fossil fuels,Early stage,2021,10.909091,Percentage,9.166666985
ZAF,SOUTH AFRICA,Probability to receive funding,By technology,Grid,Early stage,2015,0,Percentage,9.083333015
ZAF,SOUTH AFRICA,Probability to receive funding,By technology,Grid,Early stage,2016,0,Percentage,9.083333015
ZAF,SOUTH AFRICA,Probability to receive funding,By technology,Grid,Early stage,2017,0,Percentage,9.083333015
ZAF,SOUTH AFRICA,Probability to receive funding,By technology,Grid,Early stage,2018,0,Percentage,9.083333015
ZAF,SOUTH AFRICA,Probability to receive funding,By technology,Grid,Early stage,2019,0,Percentage,9.083333015
ZAF,SOUTH AFRICA,Probability to receive funding,By technology,Grid,Early stage,2020,0,Percentage,9.083333015
ZAF,SOUTH AFRICA,Probability to receive funding,By technology,Grid,Early stage,2021,0,Percentage,9.083333015
ZAF,SOUTH AFRICA,Fundings of start-ups,By technology,Non-clean energy,Early stage,2008,60401004,USD,1
ZAF,SOUTH AFRICA,Fundings of start-ups,By technology,Non-clean energy,Early stage,2015,353038.6875,USD,1
ZAF,SOUTH AFRICA,Fundings of start-ups,By technology,Non-clean energy,Early stage,2016,300978.25,USD,2
ZAF,SOUTH AFRICA,Fundings of start-ups,By technology,Non-clean energy,Early stage,2017,1812766,USD,1
ZAF,SOUTH AFRICA,Fundings of start-ups,By technology,Non-clean energy,Early stage,2018,554687.5,USD,1
ZAF,SOUTH AFRICA,Fundings of start-ups,By technology,Non-clean energy,Early stage,2019,282551.0313,USD,1
ZAF,SOUTH AFRICA,Fundings of start-ups,By technology,Non-clean energy,Early stage,2020,4087878.75,USD,1
ZAF,SOUTH AFRICA,Probability to receive funding,By technology,Non-clean energy,Early stage,2021,6,Percentage,50
ZAF,SOUTH AFRICA,Fundings of start-ups,By technology,Non-clean energy,Early stage,2022,1.492237449,Years,50
ZAF,SOUTH AFRICA,Probability to receive funding,By technology,Other energy,Early stage,2015,4.316546917,Percentage,23.16666603
ZAF,SOUTH AFRICA,Probability to receive funding,By technology,Other energy,Early stage,2016,3.883495092,Percentage,25.75
ZAF,SOUTH AFRICA,Probability to receive funding,By technology,Other energy,Early stage,2017,3.809523821,Percentage,26.25
ZAF,SOUTH AFRICA,Probability to receive funding,By technology,Other energy,Early stage,2018,3.809523821,Percentage,26.25
ZAF,SOUTH AFRICA,Probability to receive funding,By technology,Other energy,Early stage,2019,3.809523821,Percentage,26.25
ZAF,SOUTH AFRICA,Probability to receive funding,By technology,Other energy,Early stage,2020,3.692307711,Percentage,27.08333397
ZAF,SOUTH AFRICA,Probability to receive funding,By technology,Other energy,Early stage,2021,3.647416353,Percentage,27.41666603
ZAF,SOUTH AFRICA,Fundings of start-ups,By technology,Other energy,Early stage,2022,2,Years,27.41666603
ZAF,SOUTH AFRICA,Probability to receive funding,By technology,Other renewables,Early stage,2015,5,Percentage,20
ZAF,SOUTH AFRICA,Probability to receive funding,By technology,Other renewables,Early stage,2016,4.347826004,Percentage,23
ZAF,SOUTH AFRICA,Probability to receive funding,By technology,Other renewables,Early stage,2017,6.122448921,Percentage,24.5
ZAF,SOUTH AFRICA,Probability to receive funding,By technology,Other renewables,Early stage,2018,7.692307472,Percentage,26
ZAF,SOUTH AFRICA,Probability to receive funding,By technology,Other renewables,Early stage,2019,7.692307472,Percentage,26
ZAF,SOUTH AFRICA,Probability to receive funding,By technology,Other renewables,Early stage,2020,7.594936848,Percentage,26.33333397
ZAF,SOUTH AFRICA,Probability to receive funding,By technology,Other renewables,Early stage,2021,7.5,Percentage,26.66666603
ZAF,SOUTH AFRICA,Fundings of start-ups,By technology,Other renewables,Early stage,2022,5.158904076,Years,26.66666603
ZAF,SOUTH AFRICA,Probability to receive funding,By technology,Solar,Early stage,2015,13.48314571,Percentage,7.416666508
ZAF,SOUTH AFRICA,Probability to receive funding,By technology,Solar,Early stage,2016,12.5,Percentage,8
ZAF,SOUTH AFRICA,Probability to receive funding,By technology,Solar,Early stage,2017,11.76470566,Percentage,8.5
ZAF,SOUTH AFRICA,Probability to receive funding,By technology,Solar,Early stage,2018,11.76470566,Percentage,8.5
ZAF,SOUTH AFRICA,Probability to receive funding,By technology,Solar,Early stage,2019,11.76470566,Percentage,8.5
ZAF,SOUTH AFRICA,Probability to receive funding,By technology,Solar,Early stage,2020,11.76470566,Percentage,8.5
ZAF,SOUTH AFRICA,Probability to receive funding,By technology,Solar,Early stage,2021,11.320755,Percentage,8.833333015
ZAF,SOUTH AFRICA,Probability to receive funding,By technology,Wind,Early stage,2015,0,Percentage,0.25
ZAF,SOUTH AFRICA,Probability to receive funding,By technology,Wind,Early stage,2016,0,Percentage,1.083333373
ZAF,SOUTH AFRICA,Probability to receive funding,By technology,Wind,Early stage,2017,31.57894707,Percentage,1.583333373
ZAF,SOUTH AFRICA,Probability to receive funding,By technology,Wind,Early stage,2018,31.57894707,Percentage,1.583333373
ZAF,SOUTH AFRICA,Probability to receive funding,By technology,Wind,Early stage,2019,31.57894707,Percentage,1.583333373
ZAF,SOUTH AFRICA,Probability to receive funding,By technology,Wind,Early stage,2020,31.57894707,Percentage,1.583333373
ZAF,SOUTH AFRICA,Probability to receive funding,By technology,Wind,Early stage,2021,31.57894707,Percentage,1.583333373
ZAF,SOUTH AFRICA,Probability to receive funding,By technology,Clean energy,Later stage,2021,2.98507452,Percentage,67
ZAF,SOUTH AFRICA,Fundings of start-ups,By technology,Clean energy,Later stage,2022,7.835616589,Years,68
ZAF,SOUTH AFRICA,Probability to receive funding,By technology,Electric mobility,Later stage,2015,0,Percentage,1
ZAF,SOUTH AFRICA,Probability to receive funding,By technology,Electric mobility,Later stage,2016,0,Percentage,1
ZAF,SOUTH AFRICA,Probability to receive funding,By technology,Electric mobility,Later stage,2017,0,Percentage,1.5
ZAF,SOUTH AFRICA,Probability to receive funding,By technology,Electric mobility,Later stage,2018,0,Percentage,1.5
ZAF,SOUTH AFRICA,Probability to receive funding,By technology,Electric mobility,Later stage,2019,0,Percentage,1.5
ZAF,SOUTH AFRICA,Probability to receive funding,By technology,Electric mobility,Later stage,2020,0,Percentage,2.5
ZAF,SOUTH AFRICA,Probability to receive funding,By technology,Electric mobility,Later stage,2021,0,Percentage,2.5
ZAF,SOUTH AFRICA,Probability to receive funding,By technology,Energy efficiency,Later stage,2015,0,Percentage,14.91666698
ZAF,SOUTH AFRICA,Probability to receive funding,By technology,Energy efficiency,Later stage,2016,0,Percentage,14.91666698
ZAF,SOUTH AFRICA,Probability to receive funding,By technology,Energy efficiency,Later stage,2017,0,Percentage,15.41666698
ZAF,SOUTH AFRICA,Probability to receive funding,By technology,Energy efficiency,Later stage,2018,0,Percentage,16.41666603
ZAF,SOUTH AFRICA,Probability to receive funding,By technology,Energy efficiency,Later stage,2019,0,Percentage,16.41666603
ZAF,SOUTH AFRICA,Probability to receive funding,By technology,Energy efficiency,Later stage,2020,0,Percentage,17.41666603
ZAF,SOUTH AFRICA,Probability to receive funding,By technology,Energy efficiency,Later stage,2021,0,Percentage,17.41666603
ZAF,SOUTH AFRICA,Probability to receive funding,By technology,Energy storage and batteries,Later stage,2015,0,Percentage,0.833333313
ZAF,SOUTH AFRICA,Probability to receive funding,By technology,Energy storage and batteries,Later stage,2016,0,Percentage,0.833333313
ZAF,SOUTH AFRICA,Probability to receive funding,By technology,Energy storage and batteries,Later stage,2017,0,Percentage,1.833333373
ZAF,SOUTH AFRICA,Probability to receive funding,By technology,Energy storage and batteries,Later stage,2018,0,Percentage,2.333333254
ZAF,SOUTH AFRICA,Probability to receive funding,By technology,Energy storage and batteries,Later stage,2019,0,Percentage,2.333333254
ZAF,SOUTH AFRICA,Probability to receive funding,By technology,Energy storage and batteries,Later stage,2020,0,Percentage,2.333333254
ZAF,SOUTH AFRICA,Probability to receive funding,By technology,Energy storage and batteries,Later stage,2021,0,Percentage,2.333333254
ZAF,SOUTH AFRICA,Probability to receive funding,By technology,Fossil fuels,Later stage,2015,0,Percentage,7.333333492
ZAF,SOUTH AFRICA,Probability to receive funding,By technology,Fossil fuels,Later stage,2016,0,Percentage,7.333333492
ZAF,SOUTH AFRICA,Probability to receive funding,By technology,Fossil fuels,Later stage,2017,0,Percentage,7.333333492
ZAF,SOUTH AFRICA,Probability to receive funding,By technology,Fossil fuels,Later stage,2018,0,Percentage,7.333333492
ZAF,SOUTH AFRICA,Probability to receive funding,By technology,Fossil fuels,Later stage,2019,0,Percentage,8.333333015
ZAF,SOUTH AFRICA,Probability to receive funding,By technology,Fossil fuels,Later stage,2020,0,Percentage,9.166666985
ZAF,SOUTH AFRICA,Probability to receive funding,By technology,Fossil fuels,Later stage,2021,0,Percentage,9.166666985
ZAF,SOUTH AFRICA,Probability to receive funding,By technology,Grid,Later stage,2015,0,Percentage,9.083333015
ZAF,SOUTH AFRICA,Probability to receive funding,By technology,Grid,Later stage,2016,0,Percentage,9.083333015
ZAF,SOUTH AFRICA,Probability to receive funding,By technology,Grid,Later stage,2017,0,Percentage,9.083333015
ZAF,SOUTH AFRICA,Probability to receive funding,By technology,Grid,Later stage,2018,0,Percentage,9.083333015
ZAF,SOUTH AFRICA,Probability to receive funding,By technology,Grid,Later stage,2019,0,Percentage,9.083333015
ZAF,SOUTH AFRICA,Probability to receive funding,By technology,Grid,Later stage,2020,0,Percentage,9.083333015
ZAF,SOUTH AFRICA,Probability to receive funding,By technology,Grid,Later stage,2021,0,Percentage,9.083333015
ZAF,SOUTH AFRICA,Probability to receive funding,By technology,Non-clean energy,Later stage,2021,0,Percentage,50
ZAF,SOUTH AFRICA,Probability to receive funding,By technology,Other energy,Later stage,2015,4.316546917,Percentage,23.16666603
ZAF,SOUTH AFRICA,Probability to receive funding,By technology,Other energy,Later stage,2016,3.883495092,Percentage,25.75
ZAF,SOUTH AFRICA,Probability to receive funding,By technology,Other energy,Later stage,2017,3.809523821,Percentage,26.25
ZAF,SOUTH AFRICA,Probability to receive funding,By technology,Other energy,Later stage,2018,3.809523821,Percentage,26.25
ZAF,SOUTH AFRICA,Probability to receive funding,By technology,Other energy,Later stage,2019,3.809523821,Percentage,26.25
ZAF,SOUTH AFRICA,Probability to receive funding,By technology,Other energy,Later stage,2020,3.692307711,Percentage,27.08333397
ZAF,SOUTH AFRICA,Probability to receive funding,By technology,Other energy,Later stage,2021,3.647416353,Percentage,27.41666603
ZAF,SOUTH AFRICA,Fundings of start-ups,By technology,Other energy,Later stage,2022,7.835616589,Years,27.41666603
ZAF,SOUTH AFRICA,Probability to receive funding,By technology,Other renewables,Later stage,2015,5,Percentage,20
ZAF,SOUTH AFRICA,Probability to receive funding,By technology,Other renewables,Later stage,2016,4.347826004,Percentage,23
ZAF,SOUTH AFRICA,Probability to receive funding,By technology,Other renewables,Later stage,2017,4.081632614,Percentage,24.5
ZAF,SOUTH AFRICA,Probability to receive funding,By technology,Other renewables,Later stage,2018,3.846153736,Percentage,26
ZAF,SOUTH AFRICA,Probability to receive funding,By technology,Other renewables,Later stage,2019,3.846153736,Percentage,26
ZAF,SOUTH AFRICA,Probability to receive funding,By technology,Other renewables,Later stage,2020,3.797468424,Percentage,26.33333397
ZAF,SOUTH AFRICA,Probability to receive funding,By technology,Other renewables,Later stage,2021,3.75,Percentage,26.66666603
ZAF,SOUTH AFRICA,Fundings of start-ups,By technology,Other renewables,Later stage,2022,7.835616589,Years,26.66666603
ZAF,SOUTH AFRICA,Probability to receive funding,By technology,Solar,Later stage,2015,0,Percentage,7.416666508
ZAF,SOUTH AFRICA,Probability to receive funding,By technology,Solar,Later stage,2016,0,Percentage,8
ZAF,SOUTH AFRICA,Probability to receive funding,By technology,Solar,Later stage,2017,0,Percentage,8.5
ZAF,SOUTH AFRICA,Probability to receive funding,By technology,Solar,Later stage,2018,0,Percentage,8.5
ZAF,SOUTH AFRICA,Probability to receive funding,By technology,Solar,Later stage,2019,0,Percentage,8.5
ZAF,SOUTH AFRICA,Probability to receive funding,By technology,Solar,Later stage,2020,0,Percentage,8.5
ZAF,SOUTH AFRICA,Probability to receive funding,By technology,Solar,Later stage,2021,0,Percentage,8.833333015
ZAF,SOUTH AFRICA,Probability to receive funding,By technology,Wind,Later stage,2015,0,Percentage,0.25
ZAF,SOUTH AFRICA,Probability to receive funding,By technology,Wind,Later stage,2016,0,Percentage,1.083333373
ZAF,SOUTH AFRICA,Probability to receive funding,By technology,Wind,Later stage,2017,0,Percentage,1.583333373
ZAF,SOUTH AFRICA,Probability to receive funding,By technology,Wind,Later stage,2018,0,Percentage,1.583333373
ZAF,SOUTH AFRICA,Probability to receive funding,By technology,Wind,Later stage,2019,0,Percentage,1.583333373
ZAF,SOUTH AFRICA,Probability to receive funding,By technology,Wind,Later stage,2020,0,Percentage,1.583333373
ZAF,SOUTH AFRICA,Probability to receive funding,By technology,Wind,Later stage,2021,0,Percentage,1.583333373
ESP,SPAIN,Fundings of start-ups,"By sector (energy, green, digital)",Energy,Early stage,2006,4283644.5,USD,1
ESP,SPAIN,Fundings of start-ups,"By sector (energy, green, digital)",Energy,Early stage,2008,828502.875,USD,1
ESP,SPAIN,Fundings of start-ups,"By sector (energy, green, digital)",Energy,Early stage,2009,3837384.5,USD,2
ESP,SPAIN,Fundings of start-ups,"By sector (energy, green, digital)",Energy,Early stage,2010,526481.125,USD,1
ESP,SPAIN,Fundings of start-ups,"By sector (energy, green, digital)",Energy,Early stage,2011,583912.25,USD,2
ESP,SPAIN,Fundings of start-ups,"By sector (energy, green, digital)",Energy,Early stage,2012,302679.0625,USD,1
ESP,SPAIN,Fundings of start-ups,"By sector (energy, green, digital)",Energy,Early stage,2013,7522753,USD,10
ESP,SPAIN,Fundings of start-ups,"By sector (energy, green, digital)",Energy,Early stage,2014,4114971.75,USD,6
ESP,SPAIN,Fundings of start-ups,"By sector (energy, green, digital)",Energy,Early stage,2015,2197841,USD,6
ESP,SPAIN,Fundings of start-ups,"By sector (energy, green, digital)",Energy,Early stage,2016,11636413,USD,9
ESP,SPAIN,Fundings of start-ups,"By sector (energy, green, digital)",Energy,Early stage,2017,13226321,USD,11
ESP,SPAIN,Fundings of start-ups,"By sector (energy, green, digital)",Energy,Early stage,2018,10142326,USD,16
ESP,SPAIN,Fundings of start-ups,"By sector (energy, green, digital)",Energy,Early stage,2019,38949512,USD,19
ESP,SPAIN,Fundings of start-ups,"By sector (energy, green, digital)",Energy,Early stage,2020,67602472,USD,20
ESP,SPAIN,Fundings of start-ups,"By sector (energy, green, digital)",Energy,Early stage,2021,38838152,USD,17
ESP,SPAIN,Probability to receive funding,"By sector (energy, green, digital)",Energy,Early stage,2021,8.910891533,Percentage,808
ESP,SPAIN,Fundings of start-ups,"By sector (energy, green, digital)",Energy,Early stage,2022,20522800,USD,5
ESP,SPAIN,Fundings of start-ups,"By sector (energy, green, digital)",Energy,Early stage,2022,2.495112896,Years,813
ESP,SPAIN,Fundings of start-ups,"By sector (energy, green, digital)",Energy and digital,Early stage,2006,4283644.5,USD,1
ESP,SPAIN,Fundings of start-ups,"By sector (energy, green, digital)",Energy and digital,Early stage,2008,828502.875,USD,1
ESP,SPAIN,Fundings of start-ups,"By sector (energy, green, digital)",Energy and digital,Early stage,2010,526481.125,USD,1
ESP,SPAIN,Fundings of start-ups,"By sector (energy, green, digital)",Energy and digital,Early stage,2011,516828.4063,USD,1
ESP,SPAIN,Fundings of start-ups,"By sector (energy, green, digital)",Energy and digital,Early stage,2012,302679.0625,USD,1
ESP,SPAIN,Fundings of start-ups,"By sector (energy, green, digital)",Energy and digital,Early stage,2013,7522753,USD,10
ESP,SPAIN,Fundings of start-ups,"By sector (energy, green, digital)",Energy and digital,Early stage,2014,3072552,USD,5
ESP,SPAIN,Fundings of start-ups,"By sector (energy, green, digital)",Energy and digital,Early stage,2015,2197841,USD,6
ESP,SPAIN,Fundings of start-ups,"By sector (energy, green, digital)",Energy and digital,Early stage,2016,11636413,USD,9
ESP,SPAIN,Fundings of start-ups,"By sector (energy, green, digital)",Energy and digital,Early stage,2017,13023551,USD,10
ESP,SPAIN,Fundings of start-ups,"By sector (energy, green, digital)",Energy and digital,Early stage,2018,9980469,USD,14
ESP,SPAIN,Fundings of start-ups,"By sector (energy, green, digital)",Energy and digital,Early stage,2019,38297284,USD,16
ESP,SPAIN,Fundings of start-ups,"By sector (energy, green, digital)",Energy and digital,Early stage,2020,52206776,USD,10
ESP,SPAIN,Probability to receive funding,"By sector (energy, green, digital)",Energy and digital,Early stage,2021,18.21561432,Percentage,269
ESP,SPAIN,Fundings of start-ups,"By sector (energy, green, digital)",Energy and digital,Early stage,2021,24310748,USD,11
ESP,SPAIN,Fundings of start-ups,"By sector (energy, green, digital)",Energy and digital,Early stage,2022,2.008931398,Years,272
ESP,SPAIN,Fundings of start-ups,"By sector (energy, green, digital)",Energy and digital,Early stage,2022,7016439,USD,3
ESP,SPAIN,Fundings of start-ups,"By sector (energy, green, digital)",Energy and non-digital,Early stage,2009,3837384.5,USD,2
ESP,SPAIN,Fundings of start-ups,"By sector (energy, green, digital)",Energy and non-digital,Early stage,2011,67083.85156,USD,1
ESP,SPAIN,Fundings of start-ups,"By sector (energy, green, digital)",Energy and non-digital,Early stage,2014,1042419.625,USD,1
ESP,SPAIN,Fundings of start-ups,"By sector (energy, green, digital)",Energy and non-digital,Early stage,2017,202770.3281,USD,1
ESP,SPAIN,Fundings of start-ups,"By sector (energy, green, digital)",Energy and non-digital,Early stage,2018,161856.7031,USD,2
ESP,SPAIN,Fundings of start-ups,"By sector (energy, green, digital)",Energy and non-digital,Early stage,2019,652231,USD,3
ESP,SPAIN,Fundings of start-ups,"By sector (energy, green, digital)",Energy and non-digital,Early stage,2020,15395692,USD,10
ESP,SPAIN,Probability to receive funding,"By sector (energy, green, digital)",Energy and non-digital,Early stage,2021,4.267161369,Percentage,539
ESP,SPAIN,Fundings of start-ups,"By sector (energy, green, digital)",Energy and non-digital,Early stage,2021,14527404,USD,6
ESP,SPAIN,Fundings of start-ups,"By sector (energy, green, digital)",Energy and non-digital,Early stage,2022,3.507990837,Years,541
ESP,SPAIN,Fundings of start-ups,"By sector (energy, green, digital)",Energy and non-digital,Early stage,2022,13506361,USD,2
ESP,SPAIN,Fundings of start-ups,"By sector (energy, green, digital)",Non-energy,Early stage,2000,18815290,USD,3
ESP,SPAIN,Fundings of start-ups,"By sector (energy, green, digital)",Non-energy,Early stage,2001,84934616,USD,4
ESP,SPAIN,Fundings of start-ups,"By sector (energy, green, digital)",Non-energy,Early stage,2003,2466454,USD,3
ESP,SPAIN,Fundings of start-ups,"By sector (energy, green, digital)",Non-energy,Early stage,2004,6669103.5,USD,2
ESP,SPAIN,Fundings of start-ups,"By sector (energy, green, digital)",Non-energy,Early stage,2005,12813162,USD,6
ESP,SPAIN,Fundings of start-ups,"By sector (energy, green, digital)",Non-energy,Early stage,2006,89782328,USD,12
ESP,SPAIN,Fundings of start-ups,"By sector (energy, green, digital)",Non-energy,Early stage,2007,155465168,USD,24
ESP,SPAIN,Fundings of start-ups,"By sector (energy, green, digital)",Non-energy,Early stage,2008,92533016,USD,30
ESP,SPAIN,Fundings of start-ups,"By sector (energy, green, digital)",Non-energy,Early stage,2009,114058888,USD,34
ESP,SPAIN,Fundings of start-ups,"By sector (energy, green, digital)",Non-energy,Early stage,2010,129892136,USD,41
ESP,SPAIN,Fundings of start-ups,"By sector (energy, green, digital)",Non-energy,Early stage,2011,69684480,USD,79
ESP,SPAIN,Fundings of start-ups,"By sector (energy, green, digital)",Non-energy,Early stage,2012,161650832,USD,146
ESP,SPAIN,Fundings of start-ups,"By sector (energy, green, digital)",Non-energy,Early stage,2013,183417424,USD,197
ESP,SPAIN,Fundings of start-ups,"By sector (energy, green, digital)",Non-energy,Early stage,2014,180387760,USD,179
ESP,SPAIN,Fundings of start-ups,"By sector (energy, green, digital)",Non-energy,Early stage,2015,294025600,USD,218
ESP,SPAIN,Fundings of start-ups,"By sector (energy, green, digital)",Non-energy,Early stage,2016,425363040,USD,217
ESP,SPAIN,Fundings of start-ups,"By sector (energy, green, digital)",Non-energy,Early stage,2017,467568096,USD,193
ESP,SPAIN,Fundings of start-ups,"By sector (energy, green, digital)",Non-energy,Early stage,2018,533109024,USD,203
ESP,SPAIN,Fundings of start-ups,"By sector (energy, green, digital)",Non-energy,Early stage,2019,578061632,USD,221
ESP,SPAIN,Fundings of start-ups,"By sector (energy, green, digital)",Non-energy,Early stage,2020,597492288,USD,205
ESP,SPAIN,Probability to receive funding,"By sector (energy, green, digital)",Non-energy,Early stage,2021,8.40746212,Percentage,19673
ESP,SPAIN,Fundings of start-ups,"By sector (energy, green, digital)",Non-energy,Early stage,2021,1102824064,USD,244
ESP,SPAIN,Fundings of start-ups,"By sector (energy, green, digital)",Non-energy,Early stage,2022,1.872269988,Years,19722
ESP,SPAIN,Fundings of start-ups,"By sector (energy, green, digital)",Non-energy,Early stage,2022,775544512,USD,124
ESP,SPAIN,Fundings of start-ups,"By sector (energy, green, digital)",Energy,Later stage,2012,4738426,USD,1
ESP,SPAIN,Fundings of start-ups,"By sector (energy, green, digital)",Energy,Later stage,2014,147391.2969,USD,1
ESP,SPAIN,Fundings of start-ups,"By sector (energy, green, digital)",Energy,Later stage,2016,3045491.25,USD,2
ESP,SPAIN,Fundings of start-ups,"By sector (energy, green, digital)",Energy,Later stage,2017,1213952.75,USD,1
ESP,SPAIN,Fundings of start-ups,"By sector (energy, green, digital)",Energy,Later stage,2018,12692845,USD,1
ESP,SPAIN,Fundings of start-ups,"By sector (energy, green, digital)",Energy,Later stage,2019,1399490.375,USD,1
ESP,SPAIN,Fundings of start-ups,"By sector (energy, green, digital)",Energy,Later stage,2021,6792984.5,USD,1
ESP,SPAIN,Probability to receive funding,"By sector (energy, green, digital)",Energy,Later stage,2021,2.846534729,Percentage,808
ESP,SPAIN,Fundings of start-ups,"By sector (energy, green, digital)",Energy,Later stage,2022,34559492,USD,2
ESP,SPAIN,Fundings of start-ups,"By sector (energy, green, digital)",Energy,Later stage,2022,5.356879234,Years,813
ESP,SPAIN,Fundings of start-ups,"By sector (energy, green, digital)",Energy and digital,Later stage,2014,147391.2969,USD,1
ESP,SPAIN,Fundings of start-ups,"By sector (energy, green, digital)",Energy and digital,Later stage,2017,1213952.75,USD,1
ESP,SPAIN,Probability to receive funding,"By sector (energy, green, digital)",Energy and digital,Later stage,2021,2.602230549,Percentage,269
ESP,SPAIN,Fundings of start-ups,"By sector (energy, green, digital)",Energy and digital,Later stage,2022,33909492,USD,1
ESP,SPAIN,Fundings of start-ups,"By sector (energy, green, digital)",Energy and digital,Later stage,2022,4.142074585,Years,272
ESP,SPAIN,Fundings of start-ups,"By sector (energy, green, digital)",Energy and non-digital,Later stage,2012,4738426,USD,1
ESP,SPAIN,Fundings of start-ups,"By sector (energy, green, digital)",Energy and non-digital,Later stage,2016,3045491.25,USD,2
ESP,SPAIN,Fundings of start-ups,"By sector (energy, green, digital)",Energy and non-digital,Later stage,2018,12692845,USD,1
ESP,SPAIN,Fundings of start-ups,"By sector (energy, green, digital)",Energy and non-digital,Later stage,2019,1399490.375,USD,1
ESP,SPAIN,Fundings of start-ups,"By sector (energy, green, digital)",Energy and non-digital,Later stage,2021,6792984.5,USD,1
ESP,SPAIN,Probability to receive funding,"By sector (energy, green, digital)",Energy and non-digital,Later stage,2021,2.968460083,Percentage,539
ESP,SPAIN,Fundings of start-ups,"By sector (energy, green, digital)",Energy and non-digital,Later stage,2022,650000,USD,1
ESP,SPAIN,Fundings of start-ups,"By sector (energy, green, digital)",Energy and non-digital,Later stage,2022,5.888356209,Years,541
ESP,SPAIN,Fundings of start-ups,"By sector (energy, green, digital)",Non-energy,Later stage,2002,15434783,USD,1
ESP,SPAIN,Fundings of start-ups,"By sector (energy, green, digital)",Non-energy,Later stage,2006,14759832,USD,3
ESP,SPAIN,Fundings of start-ups,"By sector (energy, green, digital)",Non-energy,Later stage,2007,5905642,USD,2
ESP,SPAIN,Fundings of start-ups,"By sector (energy, green, digital)",Non-energy,Later stage,2008,64079332,USD,3
ESP,SPAIN,Fundings of start-ups,"By sector (energy, green, digital)",Non-energy,Later stage,2009,65477064,USD,3
ESP,SPAIN,Fundings of start-ups,"By sector (energy, green, digital)",Non-energy,Later stage,2010,169252096,USD,2
ESP,SPAIN,Fundings of start-ups,"By sector (energy, green, digital)",Non-energy,Later stage,2011,201475840,USD,3
ESP,SPAIN,Fundings of start-ups,"By sector (energy, green, digital)",Non-energy,Later stage,2012,2684101.25,USD,4
ESP,SPAIN,Fundings of start-ups,"By sector (energy, green, digital)",Non-energy,Later stage,2013,109470600,USD,16
ESP,SPAIN,Fundings of start-ups,"By sector (energy, green, digital)",Non-energy,Later stage,2014,81141768,USD,11
ESP,SPAIN,Fundings of start-ups,"By sector (energy, green, digital)",Non-energy,Later stage,2015,120416904,USD,19
ESP,SPAIN,Fundings of start-ups,"By sector (energy, green, digital)",Non-energy,Later stage,2016,216211104,USD,19
ESP,SPAIN,Fundings of start-ups,"By sector (energy, green, digital)",Non-energy,Later stage,2017,188842400,USD,25
ESP,SPAIN,Fundings of start-ups,"By sector (energy, green, digital)",Non-energy,Later stage,2018,438912672,USD,22
ESP,SPAIN,Fundings of start-ups,"By sector (energy, green, digital)",Non-energy,Later stage,2019,702491520,USD,20
ESP,SPAIN,Fundings of start-ups,"By sector (energy, green, digital)",Non-energy,Later stage,2020,121119240,USD,17
ESP,SPAIN,Probability to receive funding,"By sector (energy, green, digital)",Non-energy,Later stage,2021,2.109490156,Percentage,19673
ESP,SPAIN,Fundings of start-ups,"By sector (energy, green, digital)",Non-energy,Later stage,2021,2285773312,USD,36
ESP,SPAIN,Fundings of start-ups,"By sector (energy, green, digital)",Non-energy,Later stage,2022,1165533824,USD,31
ESP,SPAIN,Fundings of start-ups,"By sector (energy, green, digital)",Non-energy,Later stage,2022,4.891724586,Years,19722
ESP,SPAIN,Fundings of start-ups,By technology,Bioenergy,all,2009,649390.25,USD,0.25
ESP,SPAIN,Fundings of start-ups,By technology,Bioenergy,all,2012,1184606.5,USD,0.25
ESP,SPAIN,Fundings of start-ups,By technology,Bioenergy,all,2016,533458.8125,USD,0.25
ESP,SPAIN,Fundings of start-ups,By technology,Bioenergy,all,2018,3173211.25,USD,0.25
ESP,SPAIN,Fundings of start-ups,By technology,Bioenergy,all,2021,1698246.125,USD,0.25
ESP,SPAIN,Fundings of start-ups,By technology,Electric mobility,all,2015,1027400.188,USD,1
ESP,SPAIN,Fundings of start-ups,By technology,Electric mobility,all,2016,525577.5,USD,1
ESP,SPAIN,Fundings of start-ups,By technology,Electric mobility,all,2017,639424.875,USD,1
ESP,SPAIN,Fundings of start-ups,By technology,Electric mobility,all,2018,2225472.75,USD,2
ESP,SPAIN,Fundings of start-ups,By technology,Electric mobility,all,2019,16170527,USD,4
ESP,SPAIN,Fundings of start-ups,By technology,Electric mobility,all,2020,37520992,USD,6
ESP,SPAIN,Fundings of start-ups,By technology,Electric mobility,all,2021,150251168,USD,6
ESP,SPAIN,Fundings of start-ups,By technology,Energy efficiency,all,2006,4283644.5,USD,1
ESP,SPAIN,Fundings of start-ups,By technology,Energy efficiency,all,2008,828502.875,USD,1
ESP,SPAIN,Fundings of start-ups,By technology,Energy efficiency,all,2011,205818.0625,USD,0.833333313
ESP,SPAIN,Fundings of start-ups,By technology,Energy efficiency,all,2012,378942.7188,USD,2
ESP,SPAIN,Fundings of start-ups,By technology,Energy efficiency,all,2013,5678897,USD,7
ESP,SPAIN,Fundings of start-ups,By technology,Energy efficiency,all,2014,1099165.5,USD,3.083333254
ESP,SPAIN,Fundings of start-ups,By technology,Energy efficiency,all,2015,544279.3125,USD,5.333333492
ESP,SPAIN,Fundings of start-ups,By technology,Energy efficiency,all,2016,5475189.5,USD,6
ESP,SPAIN,Fundings of start-ups,By technology,Energy efficiency,all,2017,15293764,USD,9
ESP,SPAIN,Fundings of start-ups,By technology,Energy efficiency,all,2018,11428173,USD,13.61904716
ESP,SPAIN,Fundings of start-ups,By technology,Energy efficiency,all,2019,7351751.5,USD,14
ESP,SPAIN,Fundings of start-ups,By technology,Energy efficiency,all,2020,31522024,USD,8
ESP,SPAIN,Fundings of start-ups,By technology,Energy efficiency,all,2021,11637174,USD,4.285714149
ESP,SPAIN,Fundings of start-ups,By technology,Energy efficiency,all,2022,34914044,USD,4
ESP,SPAIN,Fundings of start-ups,By technology,Energy storage and batteries,all,2018,170572.9063,USD,0.476190478
ESP,SPAIN,Fundings of start-ups,By technology,Energy storage and batteries,all,2020,490198,USD,2
ESP,SPAIN,Fundings of start-ups,By technology,Energy storage and batteries,all,2021,3062996.25,USD,2.142857075
ESP,SPAIN,Fundings of start-ups,By technology,Energy storage and batteries,all,2022,650000,USD,1
ESP,SPAIN,Fundings of start-ups,By technology,Fossil fuels,all,2013,1324668.5,USD,1
ESP,SPAIN,Fundings of start-ups,By technology,Fossil fuels,all,2014,81954.39844,USD,1
ESP,SPAIN,Fundings of start-ups,By technology,Fossil fuels,all,2015,269015.4688,USD,1.5
ESP,SPAIN,Fundings of start-ups,By technology,Fossil fuels,all,2016,152881.9063,USD,0.5
ESP,SPAIN,Fundings of start-ups,By technology,Fossil fuels,all,2017,369305.75,USD,2
ESP,SPAIN,Fundings of start-ups,By technology,Fossil fuels,all,2018,1109510.375,USD,1
ESP,SPAIN,Fundings of start-ups,By technology,Fossil fuels,all,2019,733379.625,USD,1.5
ESP,SPAIN,Fundings of start-ups,By technology,Fossil fuels,all,2020,2232587,USD,1.5
ESP,SPAIN,Fundings of start-ups,By technology,Fossil fuels,all,2021,6040931.5,USD,1.5
ESP,SPAIN,Fundings of start-ups,By technology,Grid,all,2018,118861.6094,USD,0.142857149
ESP,SPAIN,Fundings of start-ups,By technology,Grid,all,2021,412236.875,USD,0.142857149
ESP,SPAIN,Fundings of start-ups,By technology,Hydrogen and fuel cells,all,2022,4366019,USD,0.333333343
ESP,SPAIN,Fundings of start-ups,By technology,Other energy,all,2009,1650786.375,USD,1.25
ESP,SPAIN,Fundings of start-ups,By technology,Other energy,all,2010,526481.125,USD,1
ESP,SPAIN,Fundings of start-ups,By technology,Other energy,all,2011,205818.0625,USD,0.833333313
ESP,SPAIN,Fundings of start-ups,By technology,Other energy,all,2012,1260870.125,USD,1.25
ESP,SPAIN,Fundings of start-ups,By technology,Other energy,all,2014,1066840.125,USD,2.416666746
ESP,SPAIN,Fundings of start-ups,By technology,Other energy,all,2015,510654.9375,USD,3.666666746
ESP,SPAIN,Fundings of start-ups,By technology,Other energy,all,2016,7628026.5,USD,3.583333254
ESP,SPAIN,Fundings of start-ups,By technology,Other energy,all,2017,732697.3125,USD,1.666666627
ESP,SPAIN,Fundings of start-ups,By technology,Other energy,all,2018,4929737,USD,2.059523821
ESP,SPAIN,Fundings of start-ups,By technology,Other energy,all,2019,13936388,USD,3.333333254
ESP,SPAIN,Fundings of start-ups,By technology,Other energy,all,2020,712531.0625,USD,3.166666746
ESP,SPAIN,Fundings of start-ups,By technology,Other energy,all,2021,5133108,USD,2.726190567
ESP,SPAIN,Fundings of start-ups,By technology,Other energy,all,2022,7472229,USD,0.833333313
ESP,SPAIN,Fundings of start-ups,By technology,Other renewables,all,2009,2300176.5,USD,1.5
ESP,SPAIN,Fundings of start-ups,By technology,Other renewables,all,2011,172276.1406,USD,0.333333343
ESP,SPAIN,Fundings of start-ups,By technology,Other renewables,all,2012,2369213,USD,0.5
ESP,SPAIN,Fundings of start-ups,By technology,Other renewables,all,2013,519187.5,USD,2
ESP,SPAIN,Fundings of start-ups,By technology,Other renewables,all,2014,2594956.25,USD,4.25
ESP,SPAIN,Fundings of start-ups,By technology,Other renewables,all,2015,1394020.125,USD,3.166666746
ESP,SPAIN,Fundings of start-ups,By technology,Other renewables,all,2016,3674184.5,USD,2.333333254
ESP,SPAIN,Fundings of start-ups,By technology,Other renewables,all,2017,607421.25,USD,1.333333373
ESP,SPAIN,Fundings of start-ups,By technology,Other renewables,all,2018,7218413.5,USD,2.952380896
ESP,SPAIN,Fundings of start-ups,By technology,Other renewables,all,2019,6068422.5,USD,3.333333254
ESP,SPAIN,Fundings of start-ups,By technology,Other renewables,all,2020,9041823,USD,2.5
ESP,SPAIN,Fundings of start-ups,By technology,Other renewables,all,2021,9570049,USD,3.119047642
ESP,SPAIN,Fundings of start-ups,By technology,Other renewables,all,2022,8946310,USD,1.833333373
ESP,SPAIN,Fundings of start-ups,By technology,Solar,all,2014,64723.75781,USD,0.25
ESP,SPAIN,Fundings of start-ups,By technology,Solar,all,2018,11093.75,USD,0.5
ESP,SPAIN,Fundings of start-ups,By technology,Solar,all,2019,30423.13867,USD,0.5
ESP,SPAIN,Fundings of start-ups,By technology,Solar,all,2020,146541.8438,USD,0.5
ESP,SPAIN,Fundings of start-ups,By technology,Solar,all,2021,6744366.5,USD,2.833333254
ESP,SPAIN,Fundings of start-ups,By technology,Wind,all,2015,21950.375,USD,0.333333343
ESP,SPAIN,Fundings of start-ups,By technology,Wind,all,2016,303885.4063,USD,0.333333343
ESP,SPAIN,Fundings of start-ups,By technology,Wind,all,2019,466496.8125,USD,0.333333343
ESP,SPAIN,Fundings of start-ups,By technology,Wind,all,2020,108528.1641,USD,0.333333343
ESP,SPAIN,Probability to receive funding,By technology,Bioenergy,Early stage,2015,9.677419662,Percentage,2.583333254
ESP,SPAIN,Probability to receive funding,By technology,Bioenergy,Early stage,2016,9.677419662,Percentage,2.583333254
ESP,SPAIN,Probability to receive funding,By technology,Bioenergy,Early stage,2017,9.677419662,Percentage,2.583333254
ESP,SPAIN,Probability to receive funding,By technology,Bioenergy,Early stage,2018,9.677419662,Percentage,2.583333254
ESP,SPAIN,Probability to receive funding,By technology,Bioenergy,Early stage,2019,9.677419662,Percentage,2.583333254
ESP,SPAIN,Probability to receive funding,By technology,Bioenergy,Early stage,2020,9.677419662,Percentage,2.583333254
ESP,SPAIN,Probability to receive funding,By technology,Bioenergy,Early stage,2021,9.677419662,Percentage,2.583333254
ESP,SPAIN,Fundings of start-ups,By technology,Clean energy,Early stage,2006,4283644.5,USD,1
ESP,SPAIN,Fundings of start-ups,By technology,Clean energy,Early stage,2008,828502.875,USD,1
ESP,SPAIN,Fundings of start-ups,By technology,Clean energy,Early stage,2009,3837384.5,USD,2
ESP,SPAIN,Fundings of start-ups,By technology,Clean energy,Early stage,2011,583912.25,USD,2
ESP,SPAIN,Fundings of start-ups,By technology,Clean energy,Early stage,2012,302679.0625,USD,1
ESP,SPAIN,Fundings of start-ups,By technology,Clean energy,Early stage,2013,6198084.5,USD,9
ESP,SPAIN,Fundings of start-ups,By technology,Clean energy,Early stage,2014,4098454.25,USD,5
ESP,SPAIN,Fundings of start-ups,By technology,Clean energy,Early stage,2015,2154328,USD,4
ESP,SPAIN,Fundings of start-ups,By technology,Clean energy,Early stage,2016,6215892,USD,5
ESP,SPAIN,Fundings of start-ups,By technology,Clean energy,Early stage,2017,1104895.625,USD,4
ESP,SPAIN,Fundings of start-ups,By technology,Clean energy,Early stage,2018,5258316.5,USD,7
ESP,SPAIN,Fundings of start-ups,By technology,Clean energy,Early stage,2019,23387654,USD,12
ESP,SPAIN,Fundings of start-ups,By technology,Clean energy,Early stage,2020,59279244,USD,12
ESP,SPAIN,Probability to receive funding,By technology,Clean energy,Early stage,2021,11.29411793,Percentage,425
ESP,SPAIN,Fundings of start-ups,By technology,Clean energy,Early stage,2021,19671230,USD,11
ESP,SPAIN,Fundings of start-ups,By technology,Clean energy,Early stage,2022,2.642814875,Years,430
ESP,SPAIN,Fundings of start-ups,By technology,Clean energy,Early stage,2022,20522800,USD,5
ESP,SPAIN,Probability to receive funding,By technology,Electric mobility,Early stage,2015,13.95348835,Percentage,21.5
ESP,SPAIN,Probability to receive funding,By technology,Electric mobility,Early stage,2016,18.86792374,Percentage,26.5
ESP,SPAIN,Probability to receive funding,By technology,Electric mobility,Early stage,2017,17.82178307,Percentage,33.66666794
ESP,SPAIN,Probability to receive funding,By technology,Electric mobility,Early stage,2018,19.04761887,Percentage,42
ESP,SPAIN,Probability to receive funding,By technology,Electric mobility,Early stage,2019,24.17582512,Percentage,45.5
ESP,SPAIN,Probability to receive funding,By technology,Electric mobility,Early stage,2020,25.69593239,Percentage,46.70000076
ESP,SPAIN,Probability to receive funding,By technology,Electric mobility,Early stage,2021,27.25366783,Percentage,47.70000076
ESP,SPAIN,Fundings of start-ups,By technology,Electric mobility,Early stage,2022,2.760800838,Years,47.70000076
ESP,SPAIN,Probability to receive funding,By technology,Energy efficiency,Early stage,2015,10.41009426,Percentage,132.0833282
ESP,SPAIN,Probability to receive funding,By technology,Energy efficiency,Early stage,2016,11.51862431,Percentage,145.4166718
ESP,SPAIN,Probability to receive funding,By technology,Energy efficiency,Early stage,2017,13.37775517,Percentage,162.5833282
ESP,SPAIN,Probability to receive funding,By technology,Energy efficiency,Early stage,2018,12.8905468,Percentage,178.7023773
ESP,SPAIN,Probability to receive funding,By technology,Energy efficiency,Early stage,2019,13.4968338,Percentage,192.9023743
ESP,SPAIN,Probability to receive funding,By technology,Energy efficiency,Early stage,2020,13.29693413,Percentage,195.8023834
ESP,SPAIN,Probability to receive funding,By technology,Energy efficiency,Early stage,2021,13.16248798,Percentage,197.8023834
ESP,SPAIN,Fundings of start-ups,By technology,Energy efficiency,Early stage,2022,2.094781637,Years,197.8023834
ESP,SPAIN,Probability to receive funding,By technology,Energy storage and batteries,Early stage,2015,0,Percentage,9
ESP,SPAIN,Probability to receive funding,By technology,Energy storage and batteries,Early stage,2016,0,Percentage,10
ESP,SPAIN,Probability to receive funding,By technology,Energy storage and batteries,Early stage,2017,2.857142925,Percentage,11.66666698
ESP,SPAIN,Probability to receive funding,By technology,Energy storage and batteries,Early stage,2018,14.73087788,Percentage,16.80952454
ESP,SPAIN,Probability to receive funding,By technology,Energy storage and batteries,Early stage,2019,13.52405739,Percentage,18.30952454
ESP,SPAIN,Probability to receive funding,By technology,Energy storage and batteries,Early stage,2020,13.52405739,Percentage,18.30952454
ESP,SPAIN,Probability to receive funding,By technology,Energy storage and batteries,Early stage,2021,13.52405739,Percentage,18.30952454
ESP,SPAIN,Fundings of start-ups,By technology,Energy storage and batteries,Early stage,2022,2.382982016,Years,18.30952454
ESP,SPAIN,Probability to receive funding,By technology,Fossil fuels,Early stage,2015,5,Percentage,30
ESP,SPAIN,Probability to receive funding,By technology,Fossil fuels,Early stage,2016,4.347826004,Percentage,34.5
ESP,SPAIN,Probability to receive funding,By technology,Fossil fuels,Early stage,2017,6.666666508,Percentage,37.5
ESP,SPAIN,Probability to receive funding,By technology,Fossil fuels,Early stage,2018,6.410256386,Percentage,39
ESP,SPAIN,Probability to receive funding,By technology,Fossil fuels,Early stage,2019,6.410256386,Percentage,39
ESP,SPAIN,Probability to receive funding,By technology,Fossil fuels,Early stage,2020,6.377551079,Percentage,39.20000076
ESP,SPAIN,Probability to receive funding,By technology,Fossil fuels,Early stage,2021,6.377551079,Percentage,39.20000076
ESP,SPAIN,Fundings of start-ups,By technology,Fossil fuels,Early stage,2022,1.315068483,Years,39.20000076
ESP,SPAIN,Probability to receive funding,By technology,Grid,Early stage,2015,0,Percentage,35.75
ESP,SPAIN,Probability to receive funding,By technology,Grid,Early stage,2016,0,Percentage,38.75
ESP,SPAIN,Probability to receive funding,By technology,Grid,Early stage,2017,0,Percentage,43.25
ESP,SPAIN,Probability to receive funding,By technology,Grid,Early stage,2018,0.319403768,Percentage,44.72618866
ESP,SPAIN,Probability to receive funding,By technology,Grid,Early stage,2019,0.31587261,Percentage,45.22618866
ESP,SPAIN,Probability to receive funding,By technology,Grid,Early stage,2020,0.314481884,Percentage,45.42618942
ESP,SPAIN,Probability to receive funding,By technology,Grid,Early stage,2021,0.314481884,Percentage,45.42618942
ESP,SPAIN,Fundings of start-ups,By technology,Grid,Early stage,2022,0.353424668,Years,44.42618942
ESP,SPAIN,Probability to receive funding,By technology,Hydrogen and fuel cells,Early stage,2015,0,Percentage,0.75
ESP,SPAIN,Probability to receive funding,By technology,Hydrogen and fuel cells,Early stage,2016,0,Percentage,1.25
ESP,SPAIN,Probability to receive funding,By technology,Hydrogen and fuel cells,Early stage,2017,0,Percentage,1.25
ESP,SPAIN,Probability to receive funding,By technology,Hydrogen and fuel cells,Early stage,2018,0,Percentage,1.25
ESP,SPAIN,Probability to receive funding,By technology,Hydrogen and fuel cells,Early stage,2019,21.05263138,Percentage,1.583333373
ESP,SPAIN,Probability to receive funding,By technology,Hydrogen and fuel cells,Early stage,2020,18.69158936,Percentage,1.783333302
ESP,SPAIN,Probability to receive funding,By technology,Hydrogen and fuel cells,Early stage,2021,18.69158936,Percentage,1.783333302
ESP,SPAIN,Fundings of start-ups,By technology,Non-clean energy,Early stage,2010,526481.125,USD,1
ESP,SPAIN,Fundings of start-ups,By technology,Non-clean energy,Early stage,2013,1324668.5,USD,1
ESP,SPAIN,Fundings of start-ups,By technology,Non-clean energy,Early stage,2014,16517.50195,USD,1
ESP,SPAIN,Fundings of start-ups,By technology,Non-clean energy,Early stage,2015,43513.19531,USD,2
ESP,SPAIN,Fundings of start-ups,By technology,Non-clean energy,Early stage,2016,5420521,USD,4
ESP,SPAIN,Fundings of start-ups,By technology,Non-clean energy,Early stage,2017,12121426,USD,7
ESP,SPAIN,Fundings of start-ups,By technology,Non-clean energy,Early stage,2018,4884009,USD,9
ESP,SPAIN,Fundings of start-ups,By technology,Non-clean energy,Early stage,2019,15561859,USD,7
ESP,SPAIN,Fundings of start-ups,By technology,Non-clean energy,Early stage,2020,8323223.5,USD,8
ESP,SPAIN,Probability to receive funding,By technology,Non-clean energy,Early stage,2021,6.266318321,Percentage,383
ESP,SPAIN,Fundings of start-ups,By technology,Non-clean energy,Early stage,2021,19166922,USD,6
ESP,SPAIN,Fundings of start-ups,By technology,Non-clean energy,Early stage,2022,2.167599678,Years,383
ESP,SPAIN,Probability to receive funding,By technology,Nuclear,Early stage,2015,0,Percentage,0.333333343
ESP,SPAIN,Probability to receive funding,By technology,Nuclear,Early stage,2016,0,Percentage,0.333333343
ESP,SPAIN,Probability to receive funding,By technology,Nuclear,Early stage,2017,0,Percentage,0.333333343
ESP,SPAIN,Probability to receive funding,By technology,Nuclear,Early stage,2018,0,Percentage,0.333333343
ESP,SPAIN,Probability to receive funding,By technology,Nuclear,Early stage,2019,0,Percentage,0.333333343
ESP,SPAIN,Probability to receive funding,By technology,Nuclear,Early stage,2020,0,Percentage,0.333333343
ESP,SPAIN,Probability to receive funding,By technology,Nuclear,Early stage,2021,0,Percentage,0.333333343
ESP,SPAIN,Probability to receive funding,By technology,Other energy,Early stage,2015,3.569607258,Percentage,163.4166718
ESP,SPAIN,Probability to receive funding,By technology,Other energy,Early stage,2016,3.443187475,Percentage,169.4166718
ESP,SPAIN,Probability to receive funding,By technology,Other energy,Early stage,2017,4.245500565,Percentage,180.5833282
ESP,SPAIN,Probability to receive funding,By technology,Other energy,Early stage,2018,4.22571516,Percentage,184.8095245
ESP,SPAIN,Probability to receive funding,By technology,Other energy,Early stage,2019,4.687072754,Percentage,191.5095215
ESP,SPAIN,Probability to receive funding,By technology,Other energy,Early stage,2020,4.8869133,Percentage,193.9095306
ESP,SPAIN,Probability to receive funding,By technology,Other energy,Early stage,2021,4.84940052,Percentage,195.4095306
ESP,SPAIN,Fundings of start-ups,By technology,Other energy,Early stage,2022,3.296633959,Years,195.4095306
ESP,SPAIN,Probability to receive funding,By technology,Other renewables,Early stage,2015,5.874222755,Percentage,120.5833359
ESP,SPAIN,Probability to receive funding,By technology,Other renewables,Early stage,2016,6.286455154,Percentage,128.5833282
ESP,SPAIN,Probability to receive funding,By technology,Other renewables,Early stage,2017,7.562008381,Percentage,137.75
ESP,SPAIN,Probability to receive funding,By technology,Other renewables,Early stage,2018,7.451922894,Percentage,143.6190491
ESP,SPAIN,Probability to receive funding,By technology,Other renewables,Early stage,2019,8.318921089,Percentage,148.6857147
ESP,SPAIN,Probability to receive funding,By technology,Other renewables,Early stage,2020,9.089348793,Percentage,152.5857086
ESP,SPAIN,Probability to receive funding,By technology,Other renewables,Early stage,2021,9.089348793,Percentage,152.5857086
ESP,SPAIN,Fundings of start-ups,By technology,Other renewables,Early stage,2022,3.10948801,Years,152.5857086
ESP,SPAIN,Probability to receive funding,By technology,Solar,Early stage,2015,0.413223147,Percentage,60.5
ESP,SPAIN,Probability to receive funding,By technology,Solar,Early stage,2016,0.405405402,Percentage,61.66666794
ESP,SPAIN,Probability to receive funding,By technology,Solar,Early stage,2017,1.174934745,Percentage,63.83333206
ESP,SPAIN,Probability to receive funding,By technology,Solar,Early stage,2018,1.150895119,Percentage,65.16666412
ESP,SPAIN,Probability to receive funding,By technology,Solar,Early stage,2019,2.35732007,Percentage,67.16666412
ESP,SPAIN,Probability to receive funding,By technology,Solar,Early stage,2020,3.734939814,Percentage,69.16666412
ESP,SPAIN,Probability to receive funding,By technology,Solar,Early stage,2021,3.708133936,Percentage,69.66666412
ESP,SPAIN,Fundings of start-ups,By technology,Solar,Early stage,2022,1.729562521,Years,69.66666412
ESP,SPAIN,Probability to receive funding,By technology,Wind,Early stage,2015,4.444444656,Percentage,7.5
ESP,SPAIN,Probability to receive funding,By technology,Wind,Early stage,2016,4.166666508,Percentage,8
ESP,SPAIN,Probability to receive funding,By technology,Wind,Early stage,2017,4.166666508,Percentage,8
ESP,SPAIN,Probability to receive funding,By technology,Wind,Early stage,2018,4.166666508,Percentage,8
ESP,SPAIN,Probability to receive funding,By technology,Wind,Early stage,2019,3.623188496,Percentage,9.199999809
ESP,SPAIN,Probability to receive funding,By technology,Wind,Early stage,2020,3.623188496,Percentage,9.199999809
ESP,SPAIN,Probability to receive funding,By technology,Wind,Early stage,2021,3.623188496,Percentage,9.199999809
ESP,SPAIN,Fundings of start-ups,By technology,Wind,Early stage,2022,5.849315166,Years,9.199999809
ESP,SPAIN,Probability to receive funding,By technology,Bioenergy,Later stage,2015,48.38709641,Percentage,2.583333254
ESP,SPAIN,Probability to receive funding,By technology,Bioenergy,Later stage,2016,48.38709641,Percentage,2.583333254
ESP,SPAIN,Probability to receive funding,By technology,Bioenergy,Later stage,2017,48.38709641,Percentage,2.583333254
ESP,SPAIN,Probability to receive funding,By technology,Bioenergy,Later stage,2018,48.38709641,Percentage,2.583333254
ESP,SPAIN,Probability to receive funding,By technology,Bioenergy,Later stage,2019,48.38709641,Percentage,2.583333254
ESP,SPAIN,Probability to receive funding,By technology,Bioenergy,Later stage,2020,48.38709641,Percentage,2.583333254
ESP,SPAIN,Probability to receive funding,By technology,Bioenergy,Later stage,2021,48.38709641,Percentage,2.583333254
ESP,SPAIN,Fundings of start-ups,By technology,Clean energy,Later stage,2012,4738426,USD,1
ESP,SPAIN,Fundings of start-ups,By technology,Clean energy,Later stage,2016,3045491.25,USD,2
ESP,SPAIN,Fundings of start-ups,By technology,Clean energy,Later stage,2017,1213952.75,USD,1
ESP,SPAIN,Fundings of start-ups,By technology,Clean energy,Later stage,2018,12692845,USD,1
ESP,SPAIN,Fundings of start-ups,By technology,Clean energy,Later stage,2019,1399490.375,USD,1
ESP,SPAIN,Probability to receive funding,By technology,Clean energy,Later stage,2021,4.470588207,Percentage,425
ESP,SPAIN,Fundings of start-ups,By technology,Clean energy,Later stage,2021,6792984.5,USD,1
ESP,SPAIN,Fundings of start-ups,By technology,Clean energy,Later stage,2022,6.135976791,Years,430
ESP,SPAIN,Fundings of start-ups,By technology,Clean energy,Later stage,2022,33909492,USD,1
ESP,SPAIN,Probability to receive funding,By technology,Electric mobility,Later stage,2015,4.651162624,Percentage,21.5
ESP,SPAIN,Probability to receive funding,By technology,Electric mobility,Later stage,2016,3.773584843,Percentage,26.5
ESP,SPAIN,Probability to receive funding,By technology,Electric mobility,Later stage,2017,2.970297098,Percentage,33.66666794
ESP,SPAIN,Probability to receive funding,By technology,Electric mobility,Later stage,2018,2.380952358,Percentage,42
ESP,SPAIN,Probability to receive funding,By technology,Electric mobility,Later stage,2019,2.197802305,Percentage,45.5
ESP,SPAIN,Probability to receive funding,By technology,Electric mobility,Later stage,2020,2.569593191,Percentage,46.70000076
ESP,SPAIN,Probability to receive funding,By technology,Electric mobility,Later stage,2021,2.515723228,Percentage,47.70000076
ESP,SPAIN,Fundings of start-ups,By technology,Electric mobility,Later stage,2022,3.257077694,Years,47.70000076
ESP,SPAIN,Probability to receive funding,By technology,Energy efficiency,Later stage,2015,2.460567713,Percentage,132.0833282
ESP,SPAIN,Probability to receive funding,By technology,Energy efficiency,Later stage,2016,2.23495698,Percentage,145.4166718
ESP,SPAIN,Probability to receive funding,By technology,Energy efficiency,Later stage,2017,1.998974919,Percentage,162.5833282
ESP,SPAIN,Probability to receive funding,By technology,Energy efficiency,Later stage,2018,1.818666339,Percentage,178.7023773
ESP,SPAIN,Probability to receive funding,By technology,Energy efficiency,Later stage,2019,2.203186989,Percentage,192.9023743
ESP,SPAIN,Probability to receive funding,By technology,Energy efficiency,Later stage,2020,2.374843359,Percentage,195.8023834
ESP,SPAIN,Probability to receive funding,By technology,Energy efficiency,Later stage,2021,2.35083127,Percentage,197.8023834
ESP,SPAIN,Fundings of start-ups,By technology,Energy efficiency,Later stage,2022,5.447410107,Years,197.8023834
ESP,SPAIN,Probability to receive funding,By technology,Energy storage and batteries,Later stage,2015,0,Percentage,9
ESP,SPAIN,Probability to receive funding,By technology,Energy storage and batteries,Later stage,2016,0,Percentage,10
ESP,SPAIN,Probability to receive funding,By technology,Energy storage and batteries,Later stage,2017,0,Percentage,11.66666698
ESP,SPAIN,Probability to receive funding,By technology,Energy storage and batteries,Later stage,2018,5.949008465,Percentage,16.80952454
ESP,SPAIN,Probability to receive funding,By technology,Energy storage and batteries,Later stage,2019,5.461638451,Percentage,18.30952454
ESP,SPAIN,Probability to receive funding,By technology,Energy storage and batteries,Later stage,2020,5.461638451,Percentage,18.30952454
ESP,SPAIN,Probability to receive funding,By technology,Energy storage and batteries,Later stage,2021,5.461638451,Percentage,18.30952454
ESP,SPAIN,Fundings of start-ups,By technology,Energy storage and batteries,Later stage,2022,4.202739716,Years,18.30952454
ESP,SPAIN,Probability to receive funding,By technology,Fossil fuels,Later stage,2015,1.666666627,Percentage,30
ESP,SPAIN,Probability to receive funding,By technology,Fossil fuels,Later stage,2016,1.449275374,Percentage,34.5
ESP,SPAIN,Probability to receive funding,By technology,Fossil fuels,Later stage,2017,1.333333373,Percentage,37.5
ESP,SPAIN,Probability to receive funding,By technology,Fossil fuels,Later stage,2018,1.282051325,Percentage,39
ESP,SPAIN,Probability to receive funding,By technology,Fossil fuels,Later stage,2019,1.282051325,Percentage,39
ESP,SPAIN,Probability to receive funding,By technology,Fossil fuels,Later stage,2020,1.275510192,Percentage,39.20000076
ESP,SPAIN,Probability to receive funding,By technology,Fossil fuels,Later stage,2021,1.275510192,Percentage,39.20000076
ESP,SPAIN,Fundings of start-ups,By technology,Fossil fuels,Later stage,2022,0.04109589,Years,39.20000076
ESP,SPAIN,Probability to receive funding,By technology,Grid,Later stage,2015,2.797202826,Percentage,35.75
ESP,SPAIN,Probability to receive funding,By technology,Grid,Later stage,2016,2.580645084,Percentage,38.75
ESP,SPAIN,Probability to receive funding,By technology,Grid,Later stage,2017,2.312138796,Percentage,43.25
ESP,SPAIN,Probability to receive funding,By technology,Grid,Later stage,2018,2.235826492,Percentage,44.72618866
ESP,SPAIN,Probability to receive funding,By technology,Grid,Later stage,2019,2.211108208,Percentage,45.22618866
ESP,SPAIN,Probability to receive funding,By technology,Grid,Later stage,2020,2.641647816,Percentage,45.42618942
ESP,SPAIN,Probability to receive funding,By technology,Grid,Later stage,2021,2.641647816,Percentage,45.42618942
ESP,SPAIN,Fundings of start-ups,By technology,Grid,Later stage,2022,1.145205498,Years,44.42618942
ESP,SPAIN,Probability to receive funding,By technology,Hydrogen and fuel cells,Later stage,2015,0,Percentage,0.75
ESP,SPAIN,Probability to receive funding,By technology,Hydrogen and fuel cells,Later stage,2016,0,Percentage,1.25
ESP,SPAIN,Probability to receive funding,By technology,Hydrogen and fuel cells,Later stage,2017,0,Percentage,1.25
ESP,SPAIN,Probability to receive funding,By technology,Hydrogen and fuel cells,Later stage,2018,0,Percentage,1.25
ESP,SPAIN,Probability to receive funding,By technology,Hydrogen and fuel cells,Later stage,2019,0,Percentage,1.583333373
ESP,SPAIN,Probability to receive funding,By technology,Hydrogen and fuel cells,Later stage,2020,0,Percentage,1.783333302
ESP,SPAIN,Probability to receive funding,By technology,Hydrogen and fuel cells,Later stage,2021,0,Percentage,1.783333302
ESP,SPAIN,Fundings of start-ups,By technology,Non-clean energy,Later stage,2014,147391.2969,USD,1
ESP,SPAIN,Probability to receive funding,By technology,Non-clean energy,Later stage,2021,1.044386387,Percentage,383
ESP,SPAIN,Fundings of start-ups,By technology,Non-clean energy,Later stage,2022,1.656164408,Years,383
ESP,SPAIN,Fundings of start-ups,By technology,Non-clean energy,Later stage,2022,650000,USD,1
ESP,SPAIN,Probability to receive funding,By technology,Nuclear,Later stage,2015,0,Percentage,0.333333343
ESP,SPAIN,Probability to receive funding,By technology,Nuclear,Later stage,2016,0,Percentage,0.333333343
ESP,SPAIN,Probability to receive funding,By technology,Nuclear,Later stage,2017,0,Percentage,0.333333343
ESP,SPAIN,Probability to receive funding,By technology,Nuclear,Later stage,2018,0,Percentage,0.333333343
ESP,SPAIN,Probability to receive funding,By technology,Nuclear,Later stage,2019,0,Percentage,0.333333343
ESP,SPAIN,Probability to receive funding,By technology,Nuclear,Later stage,2020,0,Percentage,0.333333343
ESP,SPAIN,Probability to receive funding,By technology,Nuclear,Later stage,2021,0,Percentage,0.333333343
ESP,SPAIN,Probability to receive funding,By technology,Other energy,Later stage,2015,2.192758799,Percentage,163.4166718
ESP,SPAIN,Probability to receive funding,By technology,Other energy,Later stage,2016,2.115100861,Percentage,169.4166718
ESP,SPAIN,Probability to receive funding,By technology,Other energy,Later stage,2017,1.98431015,Percentage,180.5833282
ESP,SPAIN,Probability to receive funding,By technology,Other energy,Later stage,2018,2.209482193,Percentage,184.8095245
ESP,SPAIN,Probability to receive funding,By technology,Other energy,Later stage,2019,2.132182837,Percentage,191.5095215
ESP,SPAIN,Probability to receive funding,By technology,Other energy,Later stage,2020,2.208934069,Percentage,193.9095306
ESP,SPAIN,Probability to receive funding,By technology,Other energy,Later stage,2021,2.191977739,Percentage,195.4095306
ESP,SPAIN,Fundings of start-ups,By technology,Other energy,Later stage,2022,5.346420765,Years,195.4095306
ESP,SPAIN,Probability to receive funding,By technology,Other renewables,Later stage,2015,6.012439728,Percentage,120.5833359
ESP,SPAIN,Probability to receive funding,By technology,Other renewables,Later stage,2016,5.638366699,Percentage,128.5833282
ESP,SPAIN,Probability to receive funding,By technology,Other renewables,Later stage,2017,5.263157845,Percentage,137.75
ESP,SPAIN,Probability to receive funding,By technology,Other renewables,Later stage,2018,5.048077106,Percentage,143.6190491
ESP,SPAIN,Probability to receive funding,By technology,Other renewables,Later stage,2019,5.548616409,Percentage,148.6857147
ESP,SPAIN,Probability to receive funding,By technology,Other renewables,Later stage,2020,5.406796932,Percentage,152.5857086
ESP,SPAIN,Probability to receive funding,By technology,Other renewables,Later stage,2021,5.406796932,Percentage,152.5857086
ESP,SPAIN,Fundings of start-ups,By technology,Other renewables,Later stage,2022,6.498104095,Years,152.5857086
ESP,SPAIN,Probability to receive funding,By technology,Solar,Later stage,2015,1.377410412,Percentage,60.5
ESP,SPAIN,Probability to receive funding,By technology,Solar,Later stage,2016,1.35135138,Percentage,61.66666794
ESP,SPAIN,Probability to receive funding,By technology,Solar,Later stage,2017,1.305482984,Percentage,63.83333206
ESP,SPAIN,Probability to receive funding,By technology,Solar,Later stage,2018,2.046035767,Percentage,65.16666412
ESP,SPAIN,Probability to receive funding,By technology,Solar,Later stage,2019,1.985111713,Percentage,67.16666412
ESP,SPAIN,Probability to receive funding,By technology,Solar,Later stage,2020,1.927710891,Percentage,69.16666412
ESP,SPAIN,Probability to receive funding,By technology,Solar,Later stage,2021,1.91387558,Percentage,69.66666412
ESP,SPAIN,Fundings of start-ups,By technology,Solar,Later stage,2022,6.146233082,Years,69.66666412
ESP,SPAIN,Probability to receive funding,By technology,Wind,Later stage,2015,4.444444656,Percentage,7.5
ESP,SPAIN,Probability to receive funding,By technology,Wind,Later stage,2016,4.166666508,Percentage,8
ESP,SPAIN,Probability to receive funding,By technology,Wind,Later stage,2017,4.166666508,Percentage,8
ESP,SPAIN,Probability to receive funding,By technology,Wind,Later stage,2018,4.166666508,Percentage,8
ESP,SPAIN,Probability to receive funding,By technology,Wind,Later stage,2019,3.623188496,Percentage,9.199999809
ESP,SPAIN,Probability to receive funding,By technology,Wind,Later stage,2020,3.623188496,Percentage,9.199999809
ESP,SPAIN,Probability to receive funding,By technology,Wind,Later stage,2021,3.623188496,Percentage,9.199999809
ESP,SPAIN,Fundings of start-ups,By technology,Wind,Later stage,2022,1.68219173,Years,9.199999809
LKA,SRI LANKA,Probability to receive funding,"By sector (energy, green, digital)",Energy,Early stage,2021,0,Percentage,9
LKA,SRI LANKA,Probability to receive funding,"By sector (energy, green, digital)",Energy and digital,Early stage,2021,0,Percentage,4
LKA,SRI LANKA,Probability to receive funding,"By sector (energy, green, digital)",Energy and non-digital,Early stage,2021,0,Percentage,5
LKA,SRI LANKA,Fundings of start-ups,"By sector (energy, green, digital)",Non-energy,Early stage,2000,4034091,USD,1
LKA,SRI LANKA,Fundings of start-ups,"By sector (energy, green, digital)",Non-energy,Early stage,2012,365211.5,USD,6
LKA,SRI LANKA,Fundings of start-ups,"By sector (energy, green, digital)",Non-energy,Early stage,2013,35898.875,USD,1
LKA,SRI LANKA,Fundings of start-ups,"By sector (energy, green, digital)",Non-energy,Early stage,2014,344677.5313,USD,2
LKA,SRI LANKA,Fundings of start-ups,"By sector (energy, green, digital)",Non-energy,Early stage,2015,893976.3125,USD,3
LKA,SRI LANKA,Fundings of start-ups,"By sector (energy, green, digital)",Non-energy,Early stage,2016,4160035.75,USD,7
LKA,SRI LANKA,Fundings of start-ups,"By sector (energy, green, digital)",Non-energy,Early stage,2017,3761233.25,USD,9
LKA,SRI LANKA,Fundings of start-ups,"By sector (energy, green, digital)",Non-energy,Early stage,2018,7537806,USD,20
LKA,SRI LANKA,Fundings of start-ups,"By sector (energy, green, digital)",Non-energy,Early stage,2019,5163686,USD,9
LKA,SRI LANKA,Fundings of start-ups,"By sector (energy, green, digital)",Non-energy,Early stage,2020,225909.0938,USD,3
LKA,SRI LANKA,Fundings of start-ups,"By sector (energy, green, digital)",Non-energy,Early stage,2021,2305457.5,USD,4
LKA,SRI LANKA,Probability to receive funding,"By sector (energy, green, digital)",Non-energy,Early stage,2021,12.8544426,Percentage,529
LKA,SRI LANKA,Fundings of start-ups,"By sector (energy, green, digital)",Non-energy,Early stage,2022,1.913618088,Years,535
LKA,SRI LANKA,Fundings of start-ups,"By sector (energy, green, digital)",Non-energy,Early stage,2022,316473,USD,3
LKA,SRI LANKA,Probability to receive funding,"By sector (energy, green, digital)",Energy,Later stage,2021,0,Percentage,9
LKA,SRI LANKA,Probability to receive funding,"By sector (energy, green, digital)",Energy and digital,Later stage,2021,0,Percentage,4
LKA,SRI LANKA,Probability to receive funding,"By sector (energy, green, digital)",Energy and non-digital,Later stage,2021,0,Percentage,5
LKA,SRI LANKA,Fundings of start-ups,"By sector (energy, green, digital)",Non-energy,Later stage,2019,1727364.75,USD,1
LKA,SRI LANKA,Fundings of start-ups,"By sector (energy, green, digital)",Non-energy,Later stage,2020,585349.8125,USD,1
LKA,SRI LANKA,Probability to receive funding,"By sector (energy, green, digital)",Non-energy,Later stage,2021,0.945179582,Percentage,529
LKA,SRI LANKA,Fundings of start-ups,"By sector (energy, green, digital)",Non-energy,Later stage,2022,4.18424654,Years,535
LKA,SRI LANKA,Probability to receive funding,By technology,Clean energy,Early stage,2021,0,Percentage,6
LKA,SRI LANKA,Probability to receive funding,By technology,Energy efficiency,Early stage,2015,0,Percentage,0.25
LKA,SRI LANKA,Probability to receive funding,By technology,Energy efficiency,Early stage,2016,0,Percentage,0.25
LKA,SRI LANKA,Probability to receive funding,By technology,Energy efficiency,Early stage,2017,0,Percentage,0.25
LKA,SRI LANKA,Probability to receive funding,By technology,Energy efficiency,Early stage,2018,0,Percentage,0.25
LKA,SRI LANKA,Probability to receive funding,By technology,Energy efficiency,Early stage,2019,0,Percentage,0.25
LKA,SRI LANKA,Probability to receive funding,By technology,Energy efficiency,Early stage,2020,0,Percentage,1.25
LKA,SRI LANKA,Probability to receive funding,By technology,Energy efficiency,Early stage,2021,0,Percentage,1.25
LKA,SRI LANKA,Probability to receive funding,By technology,Grid,Early stage,2015,0,Percentage,2
LKA,SRI LANKA,Probability to receive funding,By technology,Grid,Early stage,2016,0,Percentage,2
LKA,SRI LANKA,Probability to receive funding,By technology,Grid,Early stage,2017,0,Percentage,2
LKA,SRI LANKA,Probability to receive funding,By technology,Grid,Early stage,2018,0,Percentage,2
LKA,SRI LANKA,Probability to receive funding,By technology,Grid,Early stage,2019,0,Percentage,2
LKA,SRI LANKA,Probability to receive funding,By technology,Grid,Early stage,2020,0,Percentage,2
LKA,SRI LANKA,Probability to receive funding,By technology,Grid,Early stage,2021,0,Percentage,2
LKA,SRI LANKA,Probability to receive funding,By technology,Non-clean energy,Early stage,2021,0,Percentage,3
LKA,SRI LANKA,Probability to receive funding,By technology,Other energy,Early stage,2015,0,Percentage,1.083333373
LKA,SRI LANKA,Probability to receive funding,By technology,Other energy,Early stage,2016,0,Percentage,1.083333373
LKA,SRI LANKA,Probability to receive funding,By technology,Other energy,Early stage,2017,0,Percentage,1.083333373
LKA,SRI LANKA,Probability to receive funding,By technology,Other energy,Early stage,2018,0,Percentage,1.083333373
LKA,SRI LANKA,Probability to receive funding,By technology,Other energy,Early stage,2019,0,Percentage,1.083333373
LKA,SRI LANKA,Probability to receive funding,By technology,Other energy,Early stage,2020,0,Percentage,1.083333373
LKA,SRI LANKA,Probability to receive funding,By technology,Other energy,Early stage,2021,0,Percentage,1.083333373
LKA,SRI LANKA,Probability to receive funding,By technology,Other renewables,Early stage,2015,0,Percentage,2.083333254
LKA,SRI LANKA,Probability to receive funding,By technology,Other renewables,Early stage,2016,0,Percentage,2.083333254
LKA,SRI LANKA,Probability to receive funding,By technology,Other renewables,Early stage,2017,0,Percentage,3.083333254
LKA,SRI LANKA,Probability to receive funding,By technology,Other renewables,Early stage,2018,0,Percentage,3.083333254
LKA,SRI LANKA,Probability to receive funding,By technology,Other renewables,Early stage,2019,0,Percentage,3.083333254
LKA,SRI LANKA,Probability to receive funding,By technology,Other renewables,Early stage,2020,0,Percentage,3.083333254
LKA,SRI LANKA,Probability to receive funding,By technology,Other renewables,Early stage,2021,0,Percentage,3.083333254
LKA,SRI LANKA,Probability to receive funding,By technology,Solar,Early stage,2015,0,Percentage,0.583333313
LKA,SRI LANKA,Probability to receive funding,By technology,Solar,Early stage,2016,0,Percentage,0.583333313
LKA,SRI LANKA,Probability to receive funding,By technology,Solar,Early stage,2017,0,Percentage,0.583333313
LKA,SRI LANKA,Probability to receive funding,By technology,Solar,Early stage,2018,0,Percentage,0.583333313
LKA,SRI LANKA,Probability to receive funding,By technology,Solar,Early stage,2019,0,Percentage,0.583333313
LKA,SRI LANKA,Probability to receive funding,By technology,Solar,Early stage,2020,0,Percentage,0.583333313
LKA,SRI LANKA,Probability to receive funding,By technology,Solar,Early stage,2021,0,Percentage,0.583333313
LKA,SRI LANKA,Probability to receive funding,By technology,Clean energy,Later stage,2021,0,Percentage,6
LKA,SRI LANKA,Probability to receive funding,By technology,Energy efficiency,Later stage,2015,0,Percentage,0.25
LKA,SRI LANKA,Probability to receive funding,By technology,Energy efficiency,Later stage,2016,0,Percentage,0.25
LKA,SRI LANKA,Probability to receive funding,By technology,Energy efficiency,Later stage,2017,0,Percentage,0.25
LKA,SRI LANKA,Probability to receive funding,By technology,Energy efficiency,Later stage,2018,0,Percentage,0.25
LKA,SRI LANKA,Probability to receive funding,By technology,Energy efficiency,Later stage,2019,0,Percentage,0.25
LKA,SRI LANKA,Probability to receive funding,By technology,Energy efficiency,Later stage,2020,0,Percentage,1.25
LKA,SRI LANKA,Probability to receive funding,By technology,Energy efficiency,Later stage,2021,0,Percentage,1.25
LKA,SRI LANKA,Probability to receive funding,By technology,Grid,Later stage,2015,0,Percentage,2
LKA,SRI LANKA,Probability to receive funding,By technology,Grid,Later stage,2016,0,Percentage,2
LKA,SRI LANKA,Probability to receive funding,By technology,Grid,Later stage,2017,0,Percentage,2
LKA,SRI LANKA,Probability to receive funding,By technology,Grid,Later stage,2018,0,Percentage,2
LKA,SRI LANKA,Probability to receive funding,By technology,Grid,Later stage,2019,0,Percentage,2
LKA,SRI LANKA,Probability to receive funding,By technology,Grid,Later stage,2020,0,Percentage,2
LKA,SRI LANKA,Probability to receive funding,By technology,Grid,Later stage,2021,0,Percentage,2
LKA,SRI LANKA,Probability to receive funding,By technology,Non-clean energy,Later stage,2021,0,Percentage,3
LKA,SRI LANKA,Probability to receive funding,By technology,Other energy,Later stage,2015,0,Percentage,1.083333373
LKA,SRI LANKA,Probability to receive funding,By technology,Other energy,Later stage,2016,0,Percentage,1.083333373
LKA,SRI LANKA,Probability to receive funding,By technology,Other energy,Later stage,2017,0,Percentage,1.083333373
LKA,SRI LANKA,Probability to receive funding,By technology,Other energy,Later stage,2018,0,Percentage,1.083333373
LKA,SRI LANKA,Probability to receive funding,By technology,Other energy,Later stage,2019,0,Percentage,1.083333373
LKA,SRI LANKA,Probability to receive funding,By technology,Other energy,Later stage,2020,0,Percentage,1.083333373
LKA,SRI LANKA,Probability to receive funding,By technology,Other energy,Later stage,2021,0,Percentage,1.083333373
LKA,SRI LANKA,Probability to receive funding,By technology,Other renewables,Later stage,2015,0,Percentage,2.083333254
LKA,SRI LANKA,Probability to receive funding,By technology,Other renewables,Later stage,2016,0,Percentage,2.083333254
LKA,SRI LANKA,Probability to receive funding,By technology,Other renewables,Later stage,2017,0,Percentage,3.083333254
LKA,SRI LANKA,Probability to receive funding,By technology,Other renewables,Later stage,2018,0,Percentage,3.083333254
LKA,SRI LANKA,Probability to receive funding,By technology,Other renewables,Later stage,2019,0,Percentage,3.083333254
LKA,SRI LANKA,Probability to receive funding,By technology,Other renewables,Later stage,2020,0,Percentage,3.083333254
LKA,SRI LANKA,Probability to receive funding,By technology,Other renewables,Later stage,2021,0,Percentage,3.083333254
LKA,SRI LANKA,Probability to receive funding,By technology,Solar,Later stage,2015,0,Percentage,0.583333313
LKA,SRI LANKA,Probability to receive funding,By technology,Solar,Later stage,2016,0,Percentage,0.583333313
LKA,SRI LANKA,Probability to receive funding,By technology,Solar,Later stage,2017,0,Percentage,0.583333313
LKA,SRI LANKA,Probability to receive funding,By technology,Solar,Later stage,2018,0,Percentage,0.583333313
LKA,SRI LANKA,Probability to receive funding,By technology,Solar,Later stage,2019,0,Percentage,0.583333313
LKA,SRI LANKA,Probability to receive funding,By technology,Solar,Later stage,2020,0,Percentage,0.583333313
LKA,SRI LANKA,Probability to receive funding,By technology,Solar,Later stage,2021,0,Percentage,0.583333313
PSE,STATE OF PALESTINE,Probability to receive funding,"By sector (energy, green, digital)",Energy,Early stage,2021,100,Percentage,1
PSE,STATE OF PALESTINE,Fundings of start-ups,"By sector (energy, green, digital)",Energy,Early stage,2022,0.476712316,Years,1
PSE,STATE OF PALESTINE,Probability to receive funding,"By sector (energy, green, digital)",Energy and digital,Early stage,2021,100,Percentage,1
PSE,STATE OF PALESTINE,Fundings of start-ups,"By sector (energy, green, digital)",Energy and digital,Early stage,2022,0.476712316,Years,1
PSE,STATE OF PALESTINE,Fundings of start-ups,"By sector (energy, green, digital)",Non-energy,Early stage,2012,1210227.25,USD,1
PSE,STATE OF PALESTINE,Fundings of start-ups,"By sector (energy, green, digital)",Non-energy,Early stage,2014,141215.4688,USD,2
PSE,STATE OF PALESTINE,Fundings of start-ups,"By sector (energy, green, digital)",Non-energy,Early stage,2015,7060773.5,USD,2
PSE,STATE OF PALESTINE,Fundings of start-ups,"By sector (energy, green, digital)",Non-energy,Early stage,2016,7929619.5,USD,3
PSE,STATE OF PALESTINE,Fundings of start-ups,"By sector (energy, green, digital)",Non-energy,Early stage,2017,169946.8125,USD,1
PSE,STATE OF PALESTINE,Fundings of start-ups,"By sector (energy, green, digital)",Non-energy,Early stage,2018,6656.25,USD,1
PSE,STATE OF PALESTINE,Fundings of start-ups,"By sector (energy, green, digital)",Non-energy,Early stage,2019,54336.73438,USD,1
PSE,STATE OF PALESTINE,Probability to receive funding,"By sector (energy, green, digital)",Non-energy,Early stage,2021,15.38461494,Percentage,65
PSE,STATE OF PALESTINE,Fundings of start-ups,"By sector (energy, green, digital)",Non-energy,Early stage,2022,1.417534232,Years,65
PSE,STATE OF PALESTINE,Probability to receive funding,"By sector (energy, green, digital)",Energy,Later stage,2021,0,Percentage,1
PSE,STATE OF PALESTINE,Probability to receive funding,"By sector (energy, green, digital)",Energy and digital,Later stage,2021,0,Percentage,1
PSE,STATE OF PALESTINE,Probability to receive funding,"By sector (energy, green, digital)",Non-energy,Later stage,2021,1.538461566,Percentage,65
PSE,STATE OF PALESTINE,Fundings of start-ups,"By sector (energy, green, digital)",Non-energy,Later stage,2022,2.589040995,Years,65
PSE,STATE OF PALESTINE,Probability to receive funding,By technology,Energy efficiency,Early stage,2020,100,Percentage,1
PSE,STATE OF PALESTINE,Probability to receive funding,By technology,Energy efficiency,Early stage,2021,100,Percentage,1
PSE,STATE OF PALESTINE,Probability to receive funding,By technology,Non-clean energy,Early stage,2021,100,Percentage,1
PSE,STATE OF PALESTINE,Fundings of start-ups,By technology,Non-clean energy,Early stage,2022,0.476712316,Years,1
PSE,STATE OF PALESTINE,Probability to receive funding,By technology,Energy efficiency,Later stage,2020,0,Percentage,1
PSE,STATE OF PALESTINE,Probability to receive funding,By technology,Energy efficiency,Later stage,2021,0,Percentage,1
PSE,STATE OF PALESTINE,Probability to receive funding,By technology,Non-clean energy,Later stage,2021,0,Percentage,1
SDN,SUDAN,Probability to receive funding,"By sector (energy, green, digital)",Energy,Early stage,2021,0,Percentage,1
SDN,SUDAN,Probability to receive funding,"By sector (energy, green, digital)",Energy and non-digital,Early stage,2021,0,Percentage,1
SDN,SUDAN,Probability to receive funding,"By sector (energy, green, digital)",Non-energy,Early stage,2021,0,Percentage,23
SDN,SUDAN,Probability to receive funding,"By sector (energy, green, digital)",Energy,Later stage,2021,0,Percentage,1
SDN,SUDAN,Probability to receive funding,"By sector (energy, green, digital)",Energy and non-digital,Later stage,2021,0,Percentage,1
SDN,SUDAN,Probability to receive funding,"By sector (energy, green, digital)",Non-energy,Later stage,2021,0,Percentage,23
SDN,SUDAN,Probability to receive funding,By technology,Non-clean energy,Early stage,2021,0,Percentage,1
SDN,SUDAN,Probability to receive funding,By technology,Other energy,Early stage,2015,0,Percentage,1
SDN,SUDAN,Probability to receive funding,By technology,Other energy,Early stage,2016,0,Percentage,1
SDN,SUDAN,Probability to receive funding,By technology,Other energy,Early stage,2017,0,Percentage,1
SDN,SUDAN,Probability to receive funding,By technology,Other energy,Early stage,2018,0,Percentage,1
SDN,SUDAN,Probability to receive funding,By technology,Other energy,Early stage,2019,0,Percentage,1
SDN,SUDAN,Probability to receive funding,By technology,Other energy,Early stage,2020,0,Percentage,1
SDN,SUDAN,Probability to receive funding,By technology,Other energy,Early stage,2021,0,Percentage,1
SDN,SUDAN,Probability to receive funding,By technology,Non-clean energy,Later stage,2021,0,Percentage,1
SDN,SUDAN,Probability to receive funding,By technology,Other energy,Later stage,2015,0,Percentage,1
SDN,SUDAN,Probability to receive funding,By technology,Other energy,Later stage,2016,0,Percentage,1
SDN,SUDAN,Probability to receive funding,By technology,Other energy,Later stage,2017,0,Percentage,1
SDN,SUDAN,Probability to receive funding,By technology,Other energy,Later stage,2018,0,Percentage,1
SDN,SUDAN,Probability to receive funding,By technology,Other energy,Later stage,2019,0,Percentage,1
SDN,SUDAN,Probability to receive funding,By technology,Other energy,Later stage,2020,0,Percentage,1
SDN,SUDAN,Probability to receive funding,By technology,Other energy,Later stage,2021,0,Percentage,1
SUR,SURINAME,Probability to receive funding,"By sector (energy, green, digital)",Energy,Early stage,2021,0,Percentage,1
SUR,SURINAME,Probability to receive funding,"By sector (energy, green, digital)",Energy and non-digital,Early stage,2021,0,Percentage,1
SUR,SURINAME,Probability to receive funding,"By sector (energy, green, digital)",Non-energy,Early stage,2021,0,Percentage,11
SUR,SURINAME,Probability to receive funding,"By sector (energy, green, digital)",Energy,Later stage,2021,0,Percentage,1
SUR,SURINAME,Probability to receive funding,"By sector (energy, green, digital)",Energy and non-digital,Later stage,2021,0,Percentage,1
SUR,SURINAME,Probability to receive funding,"By sector (energy, green, digital)",Non-energy,Later stage,2021,0,Percentage,11
SUR,SURINAME,Probability to receive funding,By technology,Clean energy,Early stage,2021,0,Percentage,1
SUR,SURINAME,Probability to receive funding,By technology,Other energy,Early stage,2016,0,Percentage,0.5
SUR,SURINAME,Probability to receive funding,By technology,Other energy,Early stage,2017,0,Percentage,0.5
SUR,SURINAME,Probability to receive funding,By technology,Other energy,Early stage,2018,0,Percentage,0.5
SUR,SURINAME,Probability to receive funding,By technology,Other energy,Early stage,2019,0,Percentage,0.5
SUR,SURINAME,Probability to receive funding,By technology,Other energy,Early stage,2020,0,Percentage,0.5
SUR,SURINAME,Probability to receive funding,By technology,Other energy,Early stage,2021,0,Percentage,0.5
SUR,SURINAME,Probability to receive funding,By technology,Other renewables,Early stage,2016,0,Percentage,0.5
SUR,SURINAME,Probability to receive funding,By technology,Other renewables,Early stage,2017,0,Percentage,0.5
SUR,SURINAME,Probability to receive funding,By technology,Other renewables,Early stage,2018,0,Percentage,0.5
SUR,SURINAME,Probability to receive funding,By technology,Other renewables,Early stage,2019,0,Percentage,0.5
SUR,SURINAME,Probability to receive funding,By technology,Other renewables,Early stage,2020,0,Percentage,0.5
SUR,SURINAME,Probability to receive funding,By technology,Other renewables,Early stage,2021,0,Percentage,0.5
SUR,SURINAME,Probability to receive funding,By technology,Clean energy,Later stage,2021,0,Percentage,1
SUR,SURINAME,Probability to receive funding,By technology,Other energy,Later stage,2016,0,Percentage,0.5
SUR,SURINAME,Probability to receive funding,By technology,Other energy,Later stage,2017,0,Percentage,0.5
SUR,SURINAME,Probability to receive funding,By technology,Other energy,Later stage,2018,0,Percentage,0.5
SUR,SURINAME,Probability to receive funding,By technology,Other energy,Later stage,2019,0,Percentage,0.5
SUR,SURINAME,Probability to receive funding,By technology,Other energy,Later stage,2020,0,Percentage,0.5
SUR,SURINAME,Probability to receive funding,By technology,Other energy,Later stage,2021,0,Percentage,0.5
SUR,SURINAME,Probability to receive funding,By technology,Other renewables,Later stage,2016,0,Percentage,0.5
SUR,SURINAME,Probability to receive funding,By technology,Other renewables,Later stage,2017,0,Percentage,0.5
SUR,SURINAME,Probability to receive funding,By technology,Other renewables,Later stage,2018,0,Percentage,0.5
SUR,SURINAME,Probability to receive funding,By technology,Other renewables,Later stage,2019,0,Percentage,0.5
SUR,SURINAME,Probability to receive funding,By technology,Other renewables,Later stage,2020,0,Percentage,0.5
SUR,SURINAME,Probability to receive funding,By technology,Other renewables,Later stage,2021,0,Percentage,0.5
SWE,SWEDEN,Fundings of start-ups,"By sector (energy, green, digital)",Energy,Early stage,2006,781461.0625,USD,1
SWE,SWEDEN,Fundings of start-ups,"By sector (energy, green, digital)",Energy,Early stage,2008,4247091,USD,2
SWE,SWEDEN,Fundings of start-ups,"By sector (energy, green, digital)",Energy,Early stage,2010,8290419,USD,2
SWE,SWEDEN,Fundings of start-ups,"By sector (energy, green, digital)",Energy,Early stage,2011,1238372.125,USD,1
SWE,SWEDEN,Fundings of start-ups,"By sector (energy, green, digital)",Energy,Early stage,2012,304219.6563,USD,1
SWE,SWEDEN,Fundings of start-ups,"By sector (energy, green, digital)",Energy,Early stage,2013,14361880,USD,3
SWE,SWEDEN,Fundings of start-ups,"By sector (energy, green, digital)",Energy,Early stage,2014,1412825.5,USD,3
SWE,SWEDEN,Fundings of start-ups,"By sector (energy, green, digital)",Energy,Early stage,2015,16267295,USD,6
SWE,SWEDEN,Fundings of start-ups,"By sector (energy, green, digital)",Energy,Early stage,2016,6920910.5,USD,5
SWE,SWEDEN,Fundings of start-ups,"By sector (energy, green, digital)",Energy,Early stage,2017,50236768,USD,11
SWE,SWEDEN,Fundings of start-ups,"By sector (energy, green, digital)",Energy,Early stage,2018,69453168,USD,11
SWE,SWEDEN,Fundings of start-ups,"By sector (energy, green, digital)",Energy,Early stage,2019,196363760,USD,16
SWE,SWEDEN,Fundings of start-ups,"By sector (energy, green, digital)",Energy,Early stage,2020,713899648,USD,18
SWE,SWEDEN,Fundings of start-ups,"By sector (energy, green, digital)",Energy,Early stage,2021,253992672,USD,18
SWE,SWEDEN,Probability to receive funding,"By sector (energy, green, digital)",Energy,Early stage,2021,15.83333302,Percentage,360
SWE,SWEDEN,Fundings of start-ups,"By sector (energy, green, digital)",Energy,Early stage,2022,2.841912985,Years,363
SWE,SWEDEN,Fundings of start-ups,"By sector (energy, green, digital)",Energy,Early stage,2022,137741040,USD,9
SWE,SWEDEN,Fundings of start-ups,"By sector (energy, green, digital)",Energy and digital,Early stage,2006,781461.0625,USD,1
SWE,SWEDEN,Fundings of start-ups,"By sector (energy, green, digital)",Energy and digital,Early stage,2008,4247091,USD,2
SWE,SWEDEN,Fundings of start-ups,"By sector (energy, green, digital)",Energy and digital,Early stage,2010,8290419,USD,2
SWE,SWEDEN,Fundings of start-ups,"By sector (energy, green, digital)",Energy and digital,Early stage,2011,1238372.125,USD,1
SWE,SWEDEN,Fundings of start-ups,"By sector (energy, green, digital)",Energy and digital,Early stage,2013,12194848,USD,2
SWE,SWEDEN,Fundings of start-ups,"By sector (energy, green, digital)",Energy and digital,Early stage,2014,29419.88867,USD,1
SWE,SWEDEN,Fundings of start-ups,"By sector (energy, green, digital)",Energy and digital,Early stage,2015,13089654,USD,5
SWE,SWEDEN,Fundings of start-ups,"By sector (energy, green, digital)",Energy and digital,Early stage,2016,4222305,USD,3
SWE,SWEDEN,Fundings of start-ups,"By sector (energy, green, digital)",Energy and digital,Early stage,2017,33341224,USD,6
SWE,SWEDEN,Fundings of start-ups,"By sector (energy, green, digital)",Energy and digital,Early stage,2018,4495253,USD,6
SWE,SWEDEN,Fundings of start-ups,"By sector (energy, green, digital)",Energy and digital,Early stage,2019,33078792,USD,9
SWE,SWEDEN,Fundings of start-ups,"By sector (energy, green, digital)",Energy and digital,Early stage,2020,674631808,USD,11
SWE,SWEDEN,Fundings of start-ups,"By sector (energy, green, digital)",Energy and digital,Early stage,2021,56151128,USD,8
SWE,SWEDEN,Probability to receive funding,"By sector (energy, green, digital)",Energy and digital,Early stage,2021,26.98412704,Percentage,126
SWE,SWEDEN,Fundings of start-ups,"By sector (energy, green, digital)",Energy and digital,Early stage,2022,121790424,USD,6
SWE,SWEDEN,Fundings of start-ups,"By sector (energy, green, digital)",Energy and digital,Early stage,2022,2.658501148,Years,127
SWE,SWEDEN,Fundings of start-ups,"By sector (energy, green, digital)",Energy and non-digital,Early stage,2012,304219.6563,USD,1
SWE,SWEDEN,Fundings of start-ups,"By sector (energy, green, digital)",Energy and non-digital,Early stage,2013,2167032,USD,1
SWE,SWEDEN,Fundings of start-ups,"By sector (energy, green, digital)",Energy and non-digital,Early stage,2014,1383405.625,USD,2
SWE,SWEDEN,Fundings of start-ups,"By sector (energy, green, digital)",Energy and non-digital,Early stage,2015,3177641,USD,1
SWE,SWEDEN,Fundings of start-ups,"By sector (energy, green, digital)",Energy and non-digital,Early stage,2016,2698605.75,USD,2
SWE,SWEDEN,Fundings of start-ups,"By sector (energy, green, digital)",Energy and non-digital,Early stage,2017,16895546,USD,5
SWE,SWEDEN,Fundings of start-ups,"By sector (energy, green, digital)",Energy and non-digital,Early stage,2018,64957920,USD,5
SWE,SWEDEN,Fundings of start-ups,"By sector (energy, green, digital)",Energy and non-digital,Early stage,2019,163284976,USD,7
SWE,SWEDEN,Fundings of start-ups,"By sector (energy, green, digital)",Energy and non-digital,Early stage,2020,39267832,USD,7
SWE,SWEDEN,Probability to receive funding,"By sector (energy, green, digital)",Energy and non-digital,Early stage,2021,9.829059601,Percentage,234
SWE,SWEDEN,Fundings of start-ups,"By sector (energy, green, digital)",Energy and non-digital,Early stage,2021,197841536,USD,10
SWE,SWEDEN,Fundings of start-ups,"By sector (energy, green, digital)",Energy and non-digital,Early stage,2022,3.113043547,Years,236
SWE,SWEDEN,Fundings of start-ups,"By sector (energy, green, digital)",Energy and non-digital,Early stage,2022,15950607,USD,3
SWE,SWEDEN,Fundings of start-ups,"By sector (energy, green, digital)",Non-energy,Early stage,2000,151554880,USD,5
SWE,SWEDEN,Fundings of start-ups,"By sector (energy, green, digital)",Non-energy,Early stage,2001,29945294,USD,3
SWE,SWEDEN,Fundings of start-ups,"By sector (energy, green, digital)",Non-energy,Early stage,2002,49565832,USD,3
SWE,SWEDEN,Fundings of start-ups,"By sector (energy, green, digital)",Non-energy,Early stage,2003,77617992,USD,3
SWE,SWEDEN,Fundings of start-ups,"By sector (energy, green, digital)",Non-energy,Early stage,2004,46668760,USD,3
SWE,SWEDEN,Fundings of start-ups,"By sector (energy, green, digital)",Non-energy,Early stage,2005,91103320,USD,7
SWE,SWEDEN,Fundings of start-ups,"By sector (energy, green, digital)",Non-energy,Early stage,2006,147194144,USD,19
SWE,SWEDEN,Fundings of start-ups,"By sector (energy, green, digital)",Non-energy,Early stage,2007,97092656,USD,18
SWE,SWEDEN,Fundings of start-ups,"By sector (energy, green, digital)",Non-energy,Early stage,2008,151655952,USD,21
SWE,SWEDEN,Fundings of start-ups,"By sector (energy, green, digital)",Non-energy,Early stage,2009,184850992,USD,10
SWE,SWEDEN,Fundings of start-ups,"By sector (energy, green, digital)",Non-energy,Early stage,2010,74246624,USD,19
SWE,SWEDEN,Fundings of start-ups,"By sector (energy, green, digital)",Non-energy,Early stage,2011,47563572,USD,17
SWE,SWEDEN,Fundings of start-ups,"By sector (energy, green, digital)",Non-energy,Early stage,2012,82355496,USD,33
SWE,SWEDEN,Fundings of start-ups,"By sector (energy, green, digital)",Non-energy,Early stage,2013,102493256,USD,33
SWE,SWEDEN,Fundings of start-ups,"By sector (energy, green, digital)",Non-energy,Early stage,2014,252444512,USD,72
SWE,SWEDEN,Fundings of start-ups,"By sector (energy, green, digital)",Non-energy,Early stage,2015,263700704,USD,101
SWE,SWEDEN,Fundings of start-ups,"By sector (energy, green, digital)",Non-energy,Early stage,2016,266117056,USD,123
SWE,SWEDEN,Fundings of start-ups,"By sector (energy, green, digital)",Non-energy,Early stage,2017,310584576,USD,130
SWE,SWEDEN,Fundings of start-ups,"By sector (energy, green, digital)",Non-energy,Early stage,2018,441621056,USD,133
SWE,SWEDEN,Fundings of start-ups,"By sector (energy, green, digital)",Non-energy,Early stage,2019,367620480,USD,149
SWE,SWEDEN,Fundings of start-ups,"By sector (energy, green, digital)",Non-energy,Early stage,2020,439047296,USD,143
SWE,SWEDEN,Fundings of start-ups,"By sector (energy, green, digital)",Non-energy,Early stage,2021,1197822464,USD,168
SWE,SWEDEN,Probability to receive funding,"By sector (energy, green, digital)",Non-energy,Early stage,2021,9.372653961,Percentage,9325
SWE,SWEDEN,Fundings of start-ups,"By sector (energy, green, digital)",Non-energy,Early stage,2022,2.600851536,Years,9351
SWE,SWEDEN,Fundings of start-ups,"By sector (energy, green, digital)",Non-energy,Early stage,2022,1004908416,USD,76
SWE,SWEDEN,Fundings of start-ups,"By sector (energy, green, digital)",Energy,Later stage,2011,9791469,USD,2
SWE,SWEDEN,Fundings of start-ups,"By sector (energy, green, digital)",Energy,Later stage,2014,961323.125,USD,1
SWE,SWEDEN,Fundings of start-ups,"By sector (energy, green, digital)",Energy,Later stage,2016,39558836,USD,6
SWE,SWEDEN,Fundings of start-ups,"By sector (energy, green, digital)",Energy,Later stage,2017,32881190,USD,3
SWE,SWEDEN,Fundings of start-ups,"By sector (energy, green, digital)",Energy,Later stage,2018,21335036,USD,4
SWE,SWEDEN,Fundings of start-ups,"By sector (energy, green, digital)",Energy,Later stage,2019,672817152,USD,3
SWE,SWEDEN,Fundings of start-ups,"By sector (energy, green, digital)",Energy,Later stage,2020,182878784,USD,2
SWE,SWEDEN,Probability to receive funding,"By sector (energy, green, digital)",Energy,Later stage,2021,13.33333302,Percentage,360
SWE,SWEDEN,Fundings of start-ups,"By sector (energy, green, digital)",Energy,Later stage,2021,2996723456,USD,5
SWE,SWEDEN,Fundings of start-ups,"By sector (energy, green, digital)",Energy,Later stage,2022,277601344,USD,3
SWE,SWEDEN,Fundings of start-ups,"By sector (energy, green, digital)",Energy,Later stage,2022,5.170490742,Years,363
SWE,SWEDEN,Fundings of start-ups,"By sector (energy, green, digital)",Energy and digital,Later stage,2011,7826002.5,USD,1
SWE,SWEDEN,Fundings of start-ups,"By sector (energy, green, digital)",Energy and digital,Later stage,2016,18721878,USD,5
SWE,SWEDEN,Fundings of start-ups,"By sector (energy, green, digital)",Energy and digital,Later stage,2017,32881190,USD,3
SWE,SWEDEN,Fundings of start-ups,"By sector (energy, green, digital)",Energy and digital,Later stage,2018,18590106,USD,3
SWE,SWEDEN,Fundings of start-ups,"By sector (energy, green, digital)",Energy and digital,Later stage,2019,672817152,USD,3
SWE,SWEDEN,Probability to receive funding,"By sector (energy, green, digital)",Energy and digital,Later stage,2021,18.25396919,Percentage,126
SWE,SWEDEN,Fundings of start-ups,"By sector (energy, green, digital)",Energy and digital,Later stage,2021,2832395776,USD,3
SWE,SWEDEN,Fundings of start-ups,"By sector (energy, green, digital)",Energy and digital,Later stage,2022,5.397022247,Years,127
SWE,SWEDEN,Fundings of start-ups,"By sector (energy, green, digital)",Energy and digital,Later stage,2022,2000000,USD,1
SWE,SWEDEN,Fundings of start-ups,"By sector (energy, green, digital)",Energy and non-digital,Later stage,2011,1965466.125,USD,1
SWE,SWEDEN,Fundings of start-ups,"By sector (energy, green, digital)",Energy and non-digital,Later stage,2014,961323.125,USD,1
SWE,SWEDEN,Fundings of start-ups,"By sector (energy, green, digital)",Energy and non-digital,Later stage,2016,20836956,USD,1
SWE,SWEDEN,Fundings of start-ups,"By sector (energy, green, digital)",Energy and non-digital,Later stage,2018,2744930,USD,1
SWE,SWEDEN,Fundings of start-ups,"By sector (energy, green, digital)",Energy and non-digital,Later stage,2020,182878784,USD,2
SWE,SWEDEN,Probability to receive funding,"By sector (energy, green, digital)",Energy and non-digital,Later stage,2021,10.68376064,Percentage,234
SWE,SWEDEN,Fundings of start-ups,"By sector (energy, green, digital)",Energy and non-digital,Later stage,2021,164327568,USD,2
SWE,SWEDEN,Fundings of start-ups,"By sector (energy, green, digital)",Energy and non-digital,Later stage,2022,4.962082386,Years,236
SWE,SWEDEN,Fundings of start-ups,"By sector (energy, green, digital)",Energy and non-digital,Later stage,2022,275601344,USD,2
SWE,SWEDEN,Fundings of start-ups,"By sector (energy, green, digital)",Non-energy,Later stage,2002,30333094,USD,2
SWE,SWEDEN,Fundings of start-ups,"By sector (energy, green, digital)",Non-energy,Later stage,2005,133637744,USD,4
SWE,SWEDEN,Fundings of start-ups,"By sector (energy, green, digital)",Non-energy,Later stage,2006,3222662.25,USD,1
SWE,SWEDEN,Fundings of start-ups,"By sector (energy, green, digital)",Non-energy,Later stage,2007,37887012,USD,3
SWE,SWEDEN,Fundings of start-ups,"By sector (energy, green, digital)",Non-energy,Later stage,2008,62283820,USD,3
SWE,SWEDEN,Fundings of start-ups,"By sector (energy, green, digital)",Non-energy,Later stage,2009,23848368,USD,2
SWE,SWEDEN,Fundings of start-ups,"By sector (energy, green, digital)",Non-energy,Later stage,2010,70665872,USD,5
SWE,SWEDEN,Fundings of start-ups,"By sector (energy, green, digital)",Non-energy,Later stage,2011,320808416,USD,4
SWE,SWEDEN,Fundings of start-ups,"By sector (energy, green, digital)",Non-energy,Later stage,2012,175599536,USD,9
SWE,SWEDEN,Fundings of start-ups,"By sector (energy, green, digital)",Non-energy,Later stage,2013,326016416,USD,4
SWE,SWEDEN,Fundings of start-ups,"By sector (energy, green, digital)",Non-energy,Later stage,2014,349392416,USD,9
SWE,SWEDEN,Fundings of start-ups,"By sector (energy, green, digital)",Non-energy,Later stage,2015,773172096,USD,15
SWE,SWEDEN,Fundings of start-ups,"By sector (energy, green, digital)",Non-energy,Later stage,2016,132155816,USD,29
SWE,SWEDEN,Fundings of start-ups,"By sector (energy, green, digital)",Non-energy,Later stage,2017,586965504,USD,68
SWE,SWEDEN,Fundings of start-ups,"By sector (energy, green, digital)",Non-energy,Later stage,2018,337671328,USD,51
SWE,SWEDEN,Fundings of start-ups,"By sector (energy, green, digital)",Non-energy,Later stage,2019,873014144,USD,45
SWE,SWEDEN,Fundings of start-ups,"By sector (energy, green, digital)",Non-energy,Later stage,2020,1493995904,USD,31
SWE,SWEDEN,Probability to receive funding,"By sector (energy, green, digital)",Non-energy,Later stage,2021,6.563002586,Percentage,9325
SWE,SWEDEN,Fundings of start-ups,"By sector (energy, green, digital)",Non-energy,Later stage,2021,2827469568,USD,25
SWE,SWEDEN,Fundings of start-ups,"By sector (energy, green, digital)",Non-energy,Later stage,2022,1408710272,USD,17
SWE,SWEDEN,Fundings of start-ups,"By sector (energy, green, digital)",Non-energy,Later stage,2022,4.459461689,Years,9351
SWE,SWEDEN,Fundings of start-ups,By technology,Bioenergy,all,2010,2869760.5,USD,0.5
SWE,SWEDEN,Fundings of start-ups,By technology,Bioenergy,all,2012,101406.5547,USD,0.333333343
SWE,SWEDEN,Fundings of start-ups,By technology,Bioenergy,all,2014,320441.0313,USD,0.333333343
SWE,SWEDEN,Fundings of start-ups,By technology,Bioenergy,all,2016,21580.14063,USD,0.333333343
SWE,SWEDEN,Fundings of start-ups,By technology,Electric mobility,all,2017,4039157.5,USD,3
SWE,SWEDEN,Fundings of start-ups,By technology,Electric mobility,all,2018,64514264,USD,5
SWE,SWEDEN,Fundings of start-ups,By technology,Electric mobility,all,2019,177935072,USD,7
SWE,SWEDEN,Fundings of start-ups,By technology,Electric mobility,all,2020,215190384,USD,4
SWE,SWEDEN,Fundings of start-ups,By technology,Electric mobility,all,2021,415773376,USD,10
SWE,SWEDEN,Fundings of start-ups,By technology,Electric mobility,all,2022,260916448,USD,2
SWE,SWEDEN,Fundings of start-ups,By technology,Energy efficiency,all,2011,3203838.25,USD,2
SWE,SWEDEN,Fundings of start-ups,By technology,Energy efficiency,all,2013,1776210.625,USD,2
SWE,SWEDEN,Fundings of start-ups,By technology,Energy efficiency,all,2014,390947.9688,USD,3
SWE,SWEDEN,Fundings of start-ups,By technology,Energy efficiency,all,2015,6025743,USD,2.5
SWE,SWEDEN,Fundings of start-ups,By technology,Energy efficiency,all,2016,4880428.5,USD,4.5
SWE,SWEDEN,Fundings of start-ups,By technology,Energy efficiency,all,2017,9370395,USD,3.5
SWE,SWEDEN,Fundings of start-ups,By technology,Energy efficiency,all,2018,3127676.5,USD,7
SWE,SWEDEN,Fundings of start-ups,By technology,Energy efficiency,all,2019,19299210,USD,5.785714149
SWE,SWEDEN,Fundings of start-ups,By technology,Energy efficiency,all,2020,14834648,USD,5.452381134
SWE,SWEDEN,Fundings of start-ups,By technology,Energy efficiency,all,2021,6289318,USD,3.333333254
SWE,SWEDEN,Fundings of start-ups,By technology,Energy efficiency,all,2022,38404288,USD,1.952380896
SWE,SWEDEN,Fundings of start-ups,By technology,Energy storage and batteries,all,2015,19613.25977,USD,0.333333343
SWE,SWEDEN,Fundings of start-ups,By technology,Energy storage and batteries,all,2016,674854.25,USD,0.333333343
SWE,SWEDEN,Fundings of start-ups,By technology,Energy storage and batteries,all,2018,43242384,USD,2.666666746
SWE,SWEDEN,Fundings of start-ups,By technology,Energy storage and batteries,all,2019,551078272,USD,3.642857075
SWE,SWEDEN,Fundings of start-ups,By technology,Energy storage and batteries,all,2020,1187150336,USD,3.976190567
SWE,SWEDEN,Fundings of start-ups,By technology,Energy storage and batteries,all,2021,1418270208,USD,4.5
SWE,SWEDEN,Fundings of start-ups,By technology,Energy storage and batteries,all,2022,545037056,USD,3.476190567
SWE,SWEDEN,Fundings of start-ups,By technology,Fossil fuels,all,2010,4145209.5,USD,1
SWE,SWEDEN,Fundings of start-ups,By technology,Fossil fuels,all,2012,101406.5547,USD,0.333333343
SWE,SWEDEN,Fundings of start-ups,By technology,Fossil fuels,all,2014,320441.0313,USD,0.333333343
SWE,SWEDEN,Fundings of start-ups,By technology,Fossil fuels,all,2016,21580.14063,USD,0.333333343
SWE,SWEDEN,Fundings of start-ups,By technology,Grid,all,2008,2672181.75,USD,1
SWE,SWEDEN,Fundings of start-ups,By technology,Grid,all,2015,19613.25977,USD,0.333333343
SWE,SWEDEN,Fundings of start-ups,By technology,Grid,all,2016,837253.5625,USD,0.533333361
SWE,SWEDEN,Fundings of start-ups,By technology,Grid,all,2017,865353.3125,USD,2
SWE,SWEDEN,Fundings of start-ups,By technology,Grid,all,2018,1028302.563,USD,1.200000048
SWE,SWEDEN,Fundings of start-ups,By technology,Grid,all,2019,624321.6875,USD,3.200000048
SWE,SWEDEN,Fundings of start-ups,By technology,Grid,all,2020,2524182.25,USD,2.416666746
SWE,SWEDEN,Fundings of start-ups,By technology,Grid,all,2021,3200231,USD,1.333333373
SWE,SWEDEN,Fundings of start-ups,By technology,Grid,all,2022,7077283,USD,1.416666627
SWE,SWEDEN,Fundings of start-ups,By technology,Nuclear,all,2015,80610.5,USD,0.5
SWE,SWEDEN,Fundings of start-ups,By technology,Nuclear,all,2016,10418478,USD,0.5
SWE,SWEDEN,Fundings of start-ups,By technology,Nuclear,all,2020,349597.5313,USD,0.5
SWE,SWEDEN,Fundings of start-ups,By technology,Other energy,all,2006,781461.0625,USD,1
SWE,SWEDEN,Fundings of start-ups,By technology,Other energy,all,2008,524969.6875,USD,0.333333343
SWE,SWEDEN,Fundings of start-ups,By technology,Other energy,all,2010,1275449.125,USD,0.5
SWE,SWEDEN,Fundings of start-ups,By technology,Other energy,all,2011,2608667.5,USD,0.333333343
SWE,SWEDEN,Fundings of start-ups,By technology,Other energy,all,2013,6865040.5,USD,1
SWE,SWEDEN,Fundings of start-ups,By technology,Other energy,all,2014,132918.6719,USD,0.333333343
SWE,SWEDEN,Fundings of start-ups,By technology,Other energy,all,2015,2258759.75,USD,2.166666746
SWE,SWEDEN,Fundings of start-ups,By technology,Other energy,all,2016,13639590,USD,3.533333302
SWE,SWEDEN,Fundings of start-ups,By technology,Other energy,all,2017,14874508,USD,2.666666746
SWE,SWEDEN,Fundings of start-ups,By technology,Other energy,all,2018,4062577.75,USD,2.533333302
SWE,SWEDEN,Fundings of start-ups,By technology,Other energy,all,2019,2350242.5,USD,1.342857122
SWE,SWEDEN,Fundings of start-ups,By technology,Other energy,all,2020,12237954,USD,3.559523821
SWE,SWEDEN,Fundings of start-ups,By technology,Other energy,all,2021,4034046,USD,3.166666746
SWE,SWEDEN,Fundings of start-ups,By technology,Other energy,all,2022,21419052,USD,1.392857194
SWE,SWEDEN,Fundings of start-ups,By technology,Other renewables,all,2008,524969.6875,USD,0.333333343
SWE,SWEDEN,Fundings of start-ups,By technology,Other renewables,all,2011,2608667.5,USD,0.333333343
SWE,SWEDEN,Fundings of start-ups,By technology,Other renewables,all,2012,101406.5547,USD,0.333333343
SWE,SWEDEN,Fundings of start-ups,By technology,Other renewables,all,2013,6865040.5,USD,1
SWE,SWEDEN,Fundings of start-ups,By technology,Other renewables,all,2014,453359.7188,USD,0.666666687
SWE,SWEDEN,Fundings of start-ups,By technology,Other renewables,all,2015,7023802,USD,1.833333373
SWE,SWEDEN,Fundings of start-ups,By technology,Other renewables,all,2016,25544752,USD,3.733333349
SWE,SWEDEN,Fundings of start-ups,By technology,Other renewables,all,2017,34160680,USD,2.166666746
SWE,SWEDEN,Fundings of start-ups,By technology,Other renewables,all,2018,66832704,USD,4.400000095
SWE,SWEDEN,Fundings of start-ups,By technology,Other renewables,all,2019,552249856,USD,2.685714245
SWE,SWEDEN,Fundings of start-ups,By technology,Other renewables,all,2020,1188186880,USD,3.785714388
SWE,SWEDEN,Fundings of start-ups,By technology,Other renewables,all,2021,1417775616,USD,2.333333254
SWE,SWEDEN,Fundings of start-ups,By technology,Other renewables,all,2022,570688320,USD,2.452380896
SWE,SWEDEN,Fundings of start-ups,By technology,Solar,all,2008,524969.6875,USD,0.333333343
SWE,SWEDEN,Fundings of start-ups,By technology,Solar,all,2011,2608667.5,USD,0.333333343
SWE,SWEDEN,Fundings of start-ups,By technology,Solar,all,2013,6865040.5,USD,1
SWE,SWEDEN,Fundings of start-ups,By technology,Solar,all,2015,1059213.75,USD,0.333333343
SWE,SWEDEN,Fundings of start-ups,By technology,Solar,all,2016,12961067,USD,2.200000048
SWE,SWEDEN,Fundings of start-ups,By technology,Solar,all,2017,20051934,USD,1.666666627
SWE,SWEDEN,Fundings of start-ups,By technology,Solar,all,2018,251619.125,USD,0.200000003
SWE,SWEDEN,Fundings of start-ups,By technology,Solar,all,2019,573225.9375,USD,0.342857152
SWE,SWEDEN,Fundings of start-ups,By technology,Solar,all,2020,4609495,USD,1.309523821
SWE,SWEDEN,Fundings of start-ups,By technology,Solar,all,2021,936462.875,USD,0.333333343
SWE,SWEDEN,Fundings of start-ups,By technology,Solar,all,2022,17675208,USD,0.309523821
SWE,SWEDEN,Fundings of start-ups,By technology,Wind,all,2014,1117568.25,USD,1.333333373
SWE,SWEDEN,Probability to receive funding,By technology,Bioenergy,Early stage,2015,22.72727203,Percentage,3.666666746
SWE,SWEDEN,Probability to receive funding,By technology,Bioenergy,Early stage,2016,22.72727203,Percentage,3.666666746
SWE,SWEDEN,Probability to receive funding,By technology,Bioenergy,Early stage,2017,22.72727203,Percentage,3.666666746
SWE,SWEDEN,Probability to receive funding,By technology,Bioenergy,Early stage,2018,22.72727203,Percentage,3.666666746
SWE,SWEDEN,Probability to receive funding,By technology,Bioenergy,Early stage,2019,20.83333397,Percentage,4
SWE,SWEDEN,Probability to receive funding,By technology,Bioenergy,Early stage,2020,20.83333397,Percentage,4
SWE,SWEDEN,Probability to receive funding,By technology,Bioenergy,Early stage,2021,20.83333397,Percentage,4
SWE,SWEDEN,Fundings of start-ups,By technology,Bioenergy,Early stage,2022,3.965479374,Years,4
SWE,SWEDEN,Fundings of start-ups,By technology,Clean energy,Early stage,2006,781461.0625,USD,1
SWE,SWEDEN,Fundings of start-ups,By technology,Clean energy,Early stage,2008,1574909.125,USD,1
SWE,SWEDEN,Fundings of start-ups,By technology,Clean energy,Early stage,2010,8290419,USD,2
SWE,SWEDEN,Fundings of start-ups,By technology,Clean energy,Early stage,2012,304219.6563,USD,1
SWE,SWEDEN,Fundings of start-ups,By technology,Clean energy,Early stage,2013,13415347,USD,2
SWE,SWEDEN,Fundings of start-ups,By technology,Clean energy,Early stage,2014,1383405.625,USD,2
SWE,SWEDEN,Fundings of start-ups,By technology,Clean energy,Early stage,2015,10992663,USD,3
SWE,SWEDEN,Fundings of start-ups,By technology,Clean energy,Early stage,2016,63234.375,USD,1
SWE,SWEDEN,Fundings of start-ups,By technology,Clean energy,Early stage,2017,39218048,USD,6
SWE,SWEDEN,Fundings of start-ups,By technology,Clean energy,Early stage,2018,66533372,USD,7
SWE,SWEDEN,Fundings of start-ups,By technology,Clean energy,Early stage,2019,184623616,USD,11
SWE,SWEDEN,Fundings of start-ups,By technology,Clean energy,Early stage,2020,701850880,USD,12
SWE,SWEDEN,Fundings of start-ups,By technology,Clean energy,Early stage,2021,243354864,USD,11
SWE,SWEDEN,Probability to receive funding,By technology,Clean energy,Early stage,2021,18.78453064,Percentage,181
SWE,SWEDEN,Fundings of start-ups,By technology,Clean energy,Early stage,2022,116438008,USD,4
SWE,SWEDEN,Fundings of start-ups,By technology,Clean energy,Early stage,2022,3.284367561,Years,183
SWE,SWEDEN,Probability to receive funding,By technology,Electric mobility,Early stage,2015,5.405405521,Percentage,18.5
SWE,SWEDEN,Probability to receive funding,By technology,Electric mobility,Early stage,2016,17.02127647,Percentage,23.5
SWE,SWEDEN,Probability to receive funding,By technology,Electric mobility,Early stage,2017,15.68627453,Percentage,25.5
SWE,SWEDEN,Probability to receive funding,By technology,Electric mobility,Early stage,2018,21.81818199,Percentage,27.5
SWE,SWEDEN,Probability to receive funding,By technology,Electric mobility,Early stage,2019,25.53191566,Percentage,31.33333397
SWE,SWEDEN,Probability to receive funding,By technology,Electric mobility,Early stage,2020,24.74226761,Percentage,32.33333206
SWE,SWEDEN,Probability to receive funding,By technology,Electric mobility,Early stage,2021,24.74226761,Percentage,32.33333206
SWE,SWEDEN,Fundings of start-ups,By technology,Electric mobility,Early stage,2022,1.657191753,Years,32.33333206
SWE,SWEDEN,Probability to receive funding,By technology,Energy efficiency,Early stage,2015,13.47851658,Percentage,40.45238113
SWE,SWEDEN,Probability to receive funding,By technology,Energy efficiency,Early stage,2016,14.73626995,Percentage,43.7857132
SWE,SWEDEN,Probability to receive funding,By technology,Energy efficiency,Early stage,2017,14.09256363,Percentage,45.7857132
SWE,SWEDEN,Probability to receive funding,By technology,Energy efficiency,Early stage,2018,13.95291233,Percentage,48.0357132
SWE,SWEDEN,Probability to receive funding,By technology,Energy efficiency,Early stage,2019,13.39519405,Percentage,50.0357132
SWE,SWEDEN,Probability to receive funding,By technology,Energy efficiency,Early stage,2020,15.61296177,Percentage,52.5357132
SWE,SWEDEN,Probability to receive funding,By technology,Energy efficiency,Early stage,2021,15.61296177,Percentage,52.5357132
SWE,SWEDEN,Fundings of start-ups,By technology,Energy efficiency,Early stage,2022,2.517191887,Years,51.5357132
SWE,SWEDEN,Probability to receive funding,By technology,Energy storage and batteries,Early stage,2015,12.91866016,Percentage,4.976190567
SWE,SWEDEN,Probability to receive funding,By technology,Energy storage and batteries,Early stage,2016,18.35564041,Percentage,6.226190567
SWE,SWEDEN,Probability to receive funding,By technology,Energy storage and batteries,Early stage,2017,35.5957756,Percentage,7.892857075
SWE,SWEDEN,Probability to receive funding,By technology,Energy storage and batteries,Early stage,2018,44.40104294,Percentage,9.142857552
SWE,SWEDEN,Probability to receive funding,By technology,Energy storage and batteries,Early stage,2019,44.40961456,Percentage,11.39285755
SWE,SWEDEN,Probability to receive funding,By technology,Energy storage and batteries,Early stage,2020,44.40961456,Percentage,11.39285755
SWE,SWEDEN,Probability to receive funding,By technology,Energy storage and batteries,Early stage,2021,44.40961456,Percentage,11.39285755
SWE,SWEDEN,Fundings of start-ups,By technology,Energy storage and batteries,Early stage,2022,2.407452106,Years,11.39285755
SWE,SWEDEN,Probability to receive funding,By technology,Fossil fuels,Early stage,2015,9.356724739,Percentage,14.25
SWE,SWEDEN,Probability to receive funding,By technology,Fossil fuels,Early stage,2016,8.938547134,Percentage,14.91666698
SWE,SWEDEN,Probability to receive funding,By technology,Fossil fuels,Early stage,2017,11.89189148,Percentage,15.41666698
SWE,SWEDEN,Probability to receive funding,By technology,Fossil fuels,Early stage,2018,11.89189148,Percentage,15.41666698
SWE,SWEDEN,Probability to receive funding,By technology,Fossil fuels,Early stage,2019,11.89189148,Percentage,15.41666698
SWE,SWEDEN,Probability to receive funding,By technology,Fossil fuels,Early stage,2020,11.89189148,Percentage,15.41666698
SWE,SWEDEN,Probability to receive funding,By technology,Fossil fuels,Early stage,2021,11.89189148,Percentage,15.41666698
SWE,SWEDEN,Fundings of start-ups,By technology,Fossil fuels,Early stage,2022,2.622166872,Years,15.41666698
SWE,SWEDEN,Probability to receive funding,By technology,Grid,Early stage,2015,7.799711227,Percentage,34.61666489
SWE,SWEDEN,Probability to receive funding,By technology,Grid,Early stage,2016,7.373691559,Percentage,36.61666489
SWE,SWEDEN,Probability to receive funding,By technology,Grid,Early stage,2017,7.27436018,Percentage,37.11666489
SWE,SWEDEN,Probability to receive funding,By technology,Grid,Early stage,2018,6.566679955,Percentage,41.11666489
SWE,SWEDEN,Probability to receive funding,By technology,Grid,Early stage,2019,10.9006567,Percentage,43.11666489
SWE,SWEDEN,Probability to receive funding,By technology,Grid,Early stage,2020,11.4142971,Percentage,43.36666489
SWE,SWEDEN,Probability to receive funding,By technology,Grid,Early stage,2021,11.4142971,Percentage,43.36666489
SWE,SWEDEN,Fundings of start-ups,By technology,Grid,Early stage,2022,3.645634413,Years,43.36666489
SWE,SWEDEN,Probability to receive funding,By technology,Hydrogen and fuel cells,Early stage,2015,0,Percentage,1
SWE,SWEDEN,Probability to receive funding,By technology,Hydrogen and fuel cells,Early stage,2016,0,Percentage,1
SWE,SWEDEN,Probability to receive funding,By technology,Hydrogen and fuel cells,Early stage,2017,0,Percentage,1
SWE,SWEDEN,Probability to receive funding,By technology,Hydrogen and fuel cells,Early stage,2018,0,Percentage,1
SWE,SWEDEN,Probability to receive funding,By technology,Hydrogen and fuel cells,Early stage,2019,0,Percentage,1
SWE,SWEDEN,Probability to receive funding,By technology,Hydrogen and fuel cells,Early stage,2020,0,Percentage,1
SWE,SWEDEN,Probability to receive funding,By technology,Hydrogen and fuel cells,Early stage,2021,0,Percentage,1
SWE,SWEDEN,Fundings of start-ups,By technology,Non-clean energy,Early stage,2008,2672181.75,USD,1
SWE,SWEDEN,Fundings of start-ups,By technology,Non-clean energy,Early stage,2011,1238372.125,USD,1
SWE,SWEDEN,Fundings of start-ups,By technology,Non-clean energy,Early stage,2013,946533.6875,USD,1
SWE,SWEDEN,Fundings of start-ups,By technology,Non-clean energy,Early stage,2014,29419.88867,USD,1
SWE,SWEDEN,Fundings of start-ups,By technology,Non-clean energy,Early stage,2015,5274632,USD,3
SWE,SWEDEN,Fundings of start-ups,By technology,Non-clean energy,Early stage,2016,6857676,USD,4
SWE,SWEDEN,Fundings of start-ups,By technology,Non-clean energy,Early stage,2017,11018721,USD,5
SWE,SWEDEN,Fundings of start-ups,By technology,Non-clean energy,Early stage,2018,2919798.5,USD,4
SWE,SWEDEN,Fundings of start-ups,By technology,Non-clean energy,Early stage,2019,11740154,USD,5
SWE,SWEDEN,Fundings of start-ups,By technology,Non-clean energy,Early stage,2020,12048802,USD,6
SWE,SWEDEN,Fundings of start-ups,By technology,Non-clean energy,Early stage,2021,10637796,USD,7
SWE,SWEDEN,Probability to receive funding,By technology,Non-clean energy,Early stage,2021,12.8491621,Percentage,179
SWE,SWEDEN,Fundings of start-ups,By technology,Non-clean energy,Early stage,2022,21303024,USD,5
SWE,SWEDEN,Fundings of start-ups,By technology,Non-clean energy,Early stage,2022,2.187849998,Years,180
SWE,SWEDEN,Probability to receive funding,By technology,Nuclear,Early stage,2015,33.33333206,Percentage,1.5
SWE,SWEDEN,Probability to receive funding,By technology,Nuclear,Early stage,2016,33.33333206,Percentage,1.5
SWE,SWEDEN,Probability to receive funding,By technology,Nuclear,Early stage,2017,33.33333206,Percentage,1.5
SWE,SWEDEN,Probability to receive funding,By technology,Nuclear,Early stage,2018,33.33333206,Percentage,1.5
SWE,SWEDEN,Probability to receive funding,By technology,Nuclear,Early stage,2019,25,Percentage,2
SWE,SWEDEN,Probability to receive funding,By technology,Nuclear,Early stage,2020,25,Percentage,2
SWE,SWEDEN,Probability to receive funding,By technology,Nuclear,Early stage,2021,25,Percentage,2
SWE,SWEDEN,Probability to receive funding,By technology,Other energy,Early stage,2015,10.28681087,Percentage,84.34285736
SWE,SWEDEN,Probability to receive funding,By technology,Other energy,Early stage,2016,9.47256279,Percentage,91.59285736
SWE,SWEDEN,Probability to receive funding,By technology,Other energy,Early stage,2017,9.408488274,Percentage,95.75952148
SWE,SWEDEN,Probability to receive funding,By technology,Other energy,Early stage,2018,9.957730293,Percentage,98.00952148
SWE,SWEDEN,Probability to receive funding,By technology,Other energy,Early stage,2019,11.07334709,Percentage,100.1761932
SWE,SWEDEN,Probability to receive funding,By technology,Other energy,Early stage,2020,12.16930008,Percentage,101.4261932
SWE,SWEDEN,Probability to receive funding,By technology,Other energy,Early stage,2021,12.16930008,Percentage,101.4261932
SWE,SWEDEN,Fundings of start-ups,By technology,Other energy,Early stage,2022,3.062460423,Years,101.4261932
SWE,SWEDEN,Probability to receive funding,By technology,Other renewables,Early stage,2015,14.91621399,Percentage,40.35238266
SWE,SWEDEN,Probability to receive funding,By technology,Other renewables,Early stage,2016,14.50749779,Percentage,44.93571472
SWE,SWEDEN,Probability to receive funding,By technology,Other renewables,Early stage,2017,14.10323906,Percentage,49.76904678
SWE,SWEDEN,Probability to receive funding,By technology,Other renewables,Early stage,2018,14.65331459,Percentage,53.01904678
SWE,SWEDEN,Probability to receive funding,By technology,Other renewables,Early stage,2019,14.90346146,Percentage,56.60238266
SWE,SWEDEN,Probability to receive funding,By technology,Other renewables,Early stage,2020,14.64473152,Percentage,57.60238266
SWE,SWEDEN,Probability to receive funding,By technology,Other renewables,Early stage,2021,14.64473152,Percentage,57.60238266
SWE,SWEDEN,Fundings of start-ups,By technology,Other renewables,Early stage,2022,4.001624107,Years,57.60238266
SWE,SWEDEN,Probability to receive funding,By technology,Solar,Early stage,2015,13.73609829,Percentage,15.84285736
SWE,SWEDEN,Probability to receive funding,By technology,Solar,Early stage,2016,11.60045719,Percentage,18.75952339
SWE,SWEDEN,Probability to receive funding,By technology,Solar,Early stage,2017,10.31719112,Percentage,21.09285736
SWE,SWEDEN,Probability to receive funding,By technology,Solar,Early stage,2018,13.75399494,Percentage,23.09285736
SWE,SWEDEN,Probability to receive funding,By technology,Solar,Early stage,2019,13.75399494,Percentage,23.09285736
SWE,SWEDEN,Probability to receive funding,By technology,Solar,Early stage,2020,13.75399494,Percentage,23.09285736
SWE,SWEDEN,Probability to receive funding,By technology,Solar,Early stage,2021,13.75399494,Percentage,23.09285736
SWE,SWEDEN,Fundings of start-ups,By technology,Solar,Early stage,2022,2.647039413,Years,23.09285736
SWE,SWEDEN,Probability to receive funding,By technology,Wind,Early stage,2015,37.0370369,Percentage,4.5
SWE,SWEDEN,Probability to receive funding,By technology,Wind,Early stage,2016,37.0370369,Percentage,4.5
SWE,SWEDEN,Probability to receive funding,By technology,Wind,Early stage,2017,37.0370369,Percentage,4.5
SWE,SWEDEN,Probability to receive funding,By technology,Wind,Early stage,2018,37.0370369,Percentage,4.5
SWE,SWEDEN,Probability to receive funding,By technology,Wind,Early stage,2019,34.48275757,Percentage,4.833333492
SWE,SWEDEN,Probability to receive funding,By technology,Wind,Early stage,2020,34.48275757,Percentage,4.833333492
SWE,SWEDEN,Probability to receive funding,By technology,Wind,Early stage,2021,34.48275757,Percentage,4.833333492
SWE,SWEDEN,Fundings of start-ups,By technology,Wind,Early stage,2022,1.677808166,Years,4.833333492
SWE,SWEDEN,Probability to receive funding,By technology,Bioenergy,Later stage,2015,9.090909004,Percentage,3.666666746
SWE,SWEDEN,Probability to receive funding,By technology,Bioenergy,Later stage,2016,9.090909004,Percentage,3.666666746
SWE,SWEDEN,Probability to receive funding,By technology,Bioenergy,Later stage,2017,9.090909004,Percentage,3.666666746
SWE,SWEDEN,Probability to receive funding,By technology,Bioenergy,Later stage,2018,9.090909004,Percentage,3.666666746
SWE,SWEDEN,Probability to receive funding,By technology,Bioenergy,Later stage,2019,8.333333015,Percentage,4
SWE,SWEDEN,Probability to receive funding,By technology,Bioenergy,Later stage,2020,8.333333015,Percentage,4
SWE,SWEDEN,Probability to receive funding,By technology,Bioenergy,Later stage,2021,8.333333015,Percentage,4
SWE,SWEDEN,Fundings of start-ups,By technology,Bioenergy,Later stage,2022,4.019177914,Years,4
SWE,SWEDEN,Fundings of start-ups,By technology,Clean energy,Later stage,2011,7826002.5,USD,1
SWE,SWEDEN,Fundings of start-ups,By technology,Clean energy,Later stage,2014,961323.125,USD,1
SWE,SWEDEN,Fundings of start-ups,By technology,Clean energy,Later stage,2016,39558836,USD,6
SWE,SWEDEN,Fundings of start-ups,By technology,Clean energy,Later stage,2017,28135792,USD,2
SWE,SWEDEN,Fundings of start-ups,By technology,Clean energy,Later stage,2018,18590106,USD,3
SWE,SWEDEN,Fundings of start-ups,By technology,Clean energy,Later stage,2019,666948800,USD,2
SWE,SWEDEN,Fundings of start-ups,By technology,Clean energy,Later stage,2020,182878784,USD,2
SWE,SWEDEN,Probability to receive funding,By technology,Clean energy,Later stage,2021,17.12707138,Percentage,181
SWE,SWEDEN,Fundings of start-ups,By technology,Clean energy,Later stage,2021,2995518208,USD,4
SWE,SWEDEN,Fundings of start-ups,By technology,Clean energy,Later stage,2022,275601344,USD,2
SWE,SWEDEN,Fundings of start-ups,By technology,Clean energy,Later stage,2022,5.227750778,Years,183
SWE,SWEDEN,Probability to receive funding,By technology,Electric mobility,Later stage,2015,5.405405521,Percentage,18.5
SWE,SWEDEN,Probability to receive funding,By technology,Electric mobility,Later stage,2016,8.510638237,Percentage,23.5
SWE,SWEDEN,Probability to receive funding,By technology,Electric mobility,Later stage,2017,7.843137264,Percentage,25.5
SWE,SWEDEN,Probability to receive funding,By technology,Electric mobility,Later stage,2018,10.909091,Percentage,27.5
SWE,SWEDEN,Probability to receive funding,By technology,Electric mobility,Later stage,2019,12.76595783,Percentage,31.33333397
SWE,SWEDEN,Probability to receive funding,By technology,Electric mobility,Later stage,2020,12.3711338,Percentage,32.33333206
SWE,SWEDEN,Probability to receive funding,By technology,Electric mobility,Later stage,2021,12.3711338,Percentage,32.33333206
SWE,SWEDEN,Fundings of start-ups,By technology,Electric mobility,Later stage,2022,2.894520521,Years,32.33333206
SWE,SWEDEN,Probability to receive funding,By technology,Energy efficiency,Later stage,2015,18.54031754,Percentage,40.45238113
SWE,SWEDEN,Probability to receive funding,By technology,Energy efficiency,Later stage,2016,17.12887383,Percentage,43.7857132
SWE,SWEDEN,Probability to receive funding,By technology,Energy efficiency,Later stage,2017,16.38065529,Percentage,45.7857132
SWE,SWEDEN,Probability to receive funding,By technology,Energy efficiency,Later stage,2018,15.61338329,Percentage,48.0357132
SWE,SWEDEN,Probability to receive funding,By technology,Energy efficiency,Later stage,2019,14.9892931,Percentage,50.0357132
SWE,SWEDEN,Probability to receive funding,By technology,Energy efficiency,Later stage,2020,14.27600288,Percentage,52.5357132
SWE,SWEDEN,Probability to receive funding,By technology,Energy efficiency,Later stage,2021,14.27600288,Percentage,52.5357132
SWE,SWEDEN,Fundings of start-ups,By technology,Energy efficiency,Later stage,2022,5.294490337,Years,51.5357132
SWE,SWEDEN,Probability to receive funding,By technology,Energy storage and batteries,Later stage,2015,46.88995361,Percentage,4.976190567
SWE,SWEDEN,Probability to receive funding,By technology,Energy storage and batteries,Later stage,2016,45.50669098,Percentage,6.226190567
SWE,SWEDEN,Probability to receive funding,By technology,Energy storage and batteries,Later stage,2017,35.89743423,Percentage,7.892857075
SWE,SWEDEN,Probability to receive funding,By technology,Energy storage and batteries,Later stage,2018,30.98958397,Percentage,9.142857552
SWE,SWEDEN,Probability to receive funding,By technology,Energy storage and batteries,Later stage,2019,24.86938286,Percentage,11.39285755
SWE,SWEDEN,Probability to receive funding,By technology,Energy storage and batteries,Later stage,2020,24.86938286,Percentage,11.39285755
SWE,SWEDEN,Probability to receive funding,By technology,Energy storage and batteries,Later stage,2021,24.86938286,Percentage,11.39285755
SWE,SWEDEN,Fundings of start-ups,By technology,Energy storage and batteries,Later stage,2022,7.774697781,Years,11.39285755
SWE,SWEDEN,Probability to receive funding,By technology,Fossil fuels,Later stage,2015,10.52631569,Percentage,14.25
SWE,SWEDEN,Probability to receive funding,By technology,Fossil fuels,Later stage,2016,10.05586624,Percentage,14.91666698
SWE,SWEDEN,Probability to receive funding,By technology,Fossil fuels,Later stage,2017,12.97297287,Percentage,15.41666698
SWE,SWEDEN,Probability to receive funding,By technology,Fossil fuels,Later stage,2018,12.97297287,Percentage,15.41666698
SWE,SWEDEN,Probability to receive funding,By technology,Fossil fuels,Later stage,2019,12.97297287,Percentage,15.41666698
SWE,SWEDEN,Probability to receive funding,By technology,Fossil fuels,Later stage,2020,12.97297287,Percentage,15.41666698
SWE,SWEDEN,Probability to receive funding,By technology,Fossil fuels,Later stage,2021,12.97297287,Percentage,15.41666698
SWE,SWEDEN,Fundings of start-ups,By technology,Fossil fuels,Later stage,2022,3.586529732,Years,15.41666698
SWE,SWEDEN,Probability to receive funding,By technology,Grid,Later stage,2015,4.429465771,Percentage,34.61666489
SWE,SWEDEN,Probability to receive funding,By technology,Grid,Later stage,2016,4.18752861,Percentage,36.61666489
SWE,SWEDEN,Probability to receive funding,By technology,Grid,Later stage,2017,4.131118298,Percentage,37.11666489
SWE,SWEDEN,Probability to receive funding,By technology,Grid,Later stage,2018,3.729225874,Percentage,41.11666489
SWE,SWEDEN,Probability to receive funding,By technology,Grid,Later stage,2019,3.556242704,Percentage,43.11666489
SWE,SWEDEN,Probability to receive funding,By technology,Grid,Later stage,2020,3.535741806,Percentage,43.36666489
SWE,SWEDEN,Probability to receive funding,By technology,Grid,Later stage,2021,3.535741806,Percentage,43.36666489
SWE,SWEDEN,Fundings of start-ups,By technology,Grid,Later stage,2022,3.140857697,Years,43.36666489
SWE,SWEDEN,Probability to receive funding,By technology,Hydrogen and fuel cells,Later stage,2015,83.33333588,Percentage,1
SWE,SWEDEN,Probability to receive funding,By technology,Hydrogen and fuel cells,Later stage,2016,83.33333588,Percentage,1
SWE,SWEDEN,Probability to receive funding,By technology,Hydrogen and fuel cells,Later stage,2017,83.33333588,Percentage,1
SWE,SWEDEN,Probability to receive funding,By technology,Hydrogen and fuel cells,Later stage,2018,83.33333588,Percentage,1
SWE,SWEDEN,Probability to receive funding,By technology,Hydrogen and fuel cells,Later stage,2019,83.33333588,Percentage,1
SWE,SWEDEN,Probability to receive funding,By technology,Hydrogen and fuel cells,Later stage,2020,83.33333588,Percentage,1
SWE,SWEDEN,Probability to receive funding,By technology,Hydrogen and fuel cells,Later stage,2021,83.33333588,Percentage,1
SWE,SWEDEN,Fundings of start-ups,By technology,Non-clean energy,Later stage,2011,1965466.125,USD,1
SWE,SWEDEN,Fundings of start-ups,By technology,Non-clean energy,Later stage,2017,4745398.5,USD,1
SWE,SWEDEN,Fundings of start-ups,By technology,Non-clean energy,Later stage,2018,2744930,USD,1
SWE,SWEDEN,Fundings of start-ups,By technology,Non-clean energy,Later stage,2019,5868367.5,USD,1
SWE,SWEDEN,Fundings of start-ups,By technology,Non-clean energy,Later stage,2021,1205100.5,USD,1
SWE,SWEDEN,Probability to receive funding,By technology,Non-clean energy,Later stage,2021,9.497206688,Percentage,179
SWE,SWEDEN,Fundings of start-ups,By technology,Non-clean energy,Later stage,2022,2000000,USD,1
SWE,SWEDEN,Fundings of start-ups,By technology,Non-clean energy,Later stage,2022,5.066075802,Years,180
SWE,SWEDEN,Probability to receive funding,By technology,Nuclear,Later stage,2015,33.33333206,Percentage,1.5
SWE,SWEDEN,Probability to receive funding,By technology,Nuclear,Later stage,2016,33.33333206,Percentage,1.5
SWE,SWEDEN,Probability to receive funding,By technology,Nuclear,Later stage,2017,33.33333206,Percentage,1.5
SWE,SWEDEN,Probability to receive funding,By technology,Nuclear,Later stage,2018,33.33333206,Percentage,1.5
SWE,SWEDEN,Probability to receive funding,By technology,Nuclear,Later stage,2019,25,Percentage,2
SWE,SWEDEN,Probability to receive funding,By technology,Nuclear,Later stage,2020,25,Percentage,2
SWE,SWEDEN,Probability to receive funding,By technology,Nuclear,Later stage,2021,25,Percentage,2
SWE,SWEDEN,Probability to receive funding,By technology,Other energy,Later stage,2015,15.45280075,Percentage,84.34285736
SWE,SWEDEN,Probability to receive funding,By technology,Other energy,Later stage,2016,14.22963905,Percentage,91.59285736
SWE,SWEDEN,Probability to receive funding,By technology,Other energy,Later stage,2017,13.61048222,Percentage,95.75952148
SWE,SWEDEN,Probability to receive funding,By technology,Other energy,Later stage,2018,13.29802704,Percentage,98.00952148
SWE,SWEDEN,Probability to receive funding,By technology,Other energy,Later stage,2019,13.01041031,Percentage,100.1761932
SWE,SWEDEN,Probability to receive funding,By technology,Other energy,Later stage,2020,12.85006714,Percentage,101.4261932
SWE,SWEDEN,Probability to receive funding,By technology,Other energy,Later stage,2021,12.85006714,Percentage,101.4261932
SWE,SWEDEN,Fundings of start-ups,By technology,Other energy,Later stage,2022,5.523035526,Years,101.4261932
SWE,SWEDEN,Probability to receive funding,By technology,Other renewables,Later stage,2015,18.33844757,Percentage,40.35238266
SWE,SWEDEN,Probability to receive funding,By technology,Other renewables,Later stage,2016,19.80607224,Percentage,44.93571472
SWE,SWEDEN,Probability to receive funding,By technology,Other renewables,Later stage,2017,18.88724136,Percentage,49.76904678
SWE,SWEDEN,Probability to receive funding,By technology,Other renewables,Later stage,2018,17.72947693,Percentage,53.01904678
SWE,SWEDEN,Probability to receive funding,By technology,Other renewables,Later stage,2019,16.60707474,Percentage,56.60238266
SWE,SWEDEN,Probability to receive funding,By technology,Other renewables,Later stage,2020,16.31876945,Percentage,57.60238266
SWE,SWEDEN,Probability to receive funding,By technology,Other renewables,Later stage,2021,16.31876945,Percentage,57.60238266
SWE,SWEDEN,Fundings of start-ups,By technology,Other renewables,Later stage,2022,5.259253979,Years,57.60238266
SWE,SWEDEN,Probability to receive funding,By technology,Solar,Later stage,2015,18.09437943,Percentage,15.84285736
SWE,SWEDEN,Probability to receive funding,By technology,Solar,Later stage,2016,15.28112698,Percentage,18.75952339
SWE,SWEDEN,Probability to receive funding,By technology,Solar,Later stage,2017,13.5906992,Percentage,21.09285736
SWE,SWEDEN,Probability to receive funding,By technology,Solar,Later stage,2018,12.41365051,Percentage,23.09285736
SWE,SWEDEN,Probability to receive funding,By technology,Solar,Later stage,2019,12.41365051,Percentage,23.09285736
SWE,SWEDEN,Probability to receive funding,By technology,Solar,Later stage,2020,12.41365051,Percentage,23.09285736
SWE,SWEDEN,Probability to receive funding,By technology,Solar,Later stage,2021,12.41365051,Percentage,23.09285736
SWE,SWEDEN,Fundings of start-ups,By technology,Solar,Later stage,2022,5.513220787,Years,23.09285736
SWE,SWEDEN,Probability to receive funding,By technology,Wind,Later stage,2015,25.92592621,Percentage,4.5
SWE,SWEDEN,Probability to receive funding,By technology,Wind,Later stage,2016,25.92592621,Percentage,4.5
SWE,SWEDEN,Probability to receive funding,By technology,Wind,Later stage,2017,25.92592621,Percentage,4.5
SWE,SWEDEN,Probability to receive funding,By technology,Wind,Later stage,2018,25.92592621,Percentage,4.5
SWE,SWEDEN,Probability to receive funding,By technology,Wind,Later stage,2019,24.13793182,Percentage,4.833333492
SWE,SWEDEN,Probability to receive funding,By technology,Wind,Later stage,2020,24.13793182,Percentage,4.833333492
SWE,SWEDEN,Probability to receive funding,By technology,Wind,Later stage,2021,24.13793182,Percentage,4.833333492
SWE,SWEDEN,Fundings of start-ups,By technology,Wind,Later stage,2022,9.319765091,Years,4.833333492
CHE,SWITZERLAND,Fundings of start-ups,"By sector (energy, green, digital)",Energy,Early stage,2008,1237327.375,USD,1
CHE,SWITZERLAND,Fundings of start-ups,"By sector (energy, green, digital)",Energy,Early stage,2010,6670592.5,USD,1
CHE,SWITZERLAND,Fundings of start-ups,"By sector (energy, green, digital)",Energy,Early stage,2011,138052.4844,USD,1
CHE,SWITZERLAND,Fundings of start-ups,"By sector (energy, green, digital)",Energy,Early stage,2012,12228959,USD,2
CHE,SWITZERLAND,Fundings of start-ups,"By sector (energy, green, digital)",Energy,Early stage,2013,538483.125,USD,2
CHE,SWITZERLAND,Fundings of start-ups,"By sector (energy, green, digital)",Energy,Early stage,2014,4940056,USD,6
CHE,SWITZERLAND,Fundings of start-ups,"By sector (energy, green, digital)",Energy,Early stage,2015,7534817.5,USD,6
CHE,SWITZERLAND,Fundings of start-ups,"By sector (energy, green, digital)",Energy,Early stage,2016,14360807,USD,11
CHE,SWITZERLAND,Fundings of start-ups,"By sector (energy, green, digital)",Energy,Early stage,2017,60973176,USD,7
CHE,SWITZERLAND,Fundings of start-ups,"By sector (energy, green, digital)",Energy,Early stage,2018,45207580,USD,15
CHE,SWITZERLAND,Fundings of start-ups,"By sector (energy, green, digital)",Energy,Early stage,2019,161468048,USD,13
CHE,SWITZERLAND,Fundings of start-ups,"By sector (energy, green, digital)",Energy,Early stage,2020,27690550,USD,15
CHE,SWITZERLAND,Probability to receive funding,"By sector (energy, green, digital)",Energy,Early stage,2021,11.53153133,Percentage,555
CHE,SWITZERLAND,Fundings of start-ups,"By sector (energy, green, digital)",Energy,Early stage,2021,88897432,USD,14
CHE,SWITZERLAND,Fundings of start-ups,"By sector (energy, green, digital)",Energy,Early stage,2022,2.267344236,Years,558
CHE,SWITZERLAND,Fundings of start-ups,"By sector (energy, green, digital)",Energy,Early stage,2022,29841296,USD,10
CHE,SWITZERLAND,Fundings of start-ups,"By sector (energy, green, digital)",Energy and digital,Early stage,2008,1237327.375,USD,1
CHE,SWITZERLAND,Fundings of start-ups,"By sector (energy, green, digital)",Energy and digital,Early stage,2010,6670592.5,USD,1
CHE,SWITZERLAND,Fundings of start-ups,"By sector (energy, green, digital)",Energy and digital,Early stage,2011,138052.4844,USD,1
CHE,SWITZERLAND,Fundings of start-ups,"By sector (energy, green, digital)",Energy and digital,Early stage,2012,12228959,USD,2
CHE,SWITZERLAND,Fundings of start-ups,"By sector (energy, green, digital)",Energy and digital,Early stage,2013,59831.46094,USD,1
CHE,SWITZERLAND,Fundings of start-ups,"By sector (energy, green, digital)",Energy and digital,Early stage,2014,915152.75,USD,2
CHE,SWITZERLAND,Fundings of start-ups,"By sector (energy, green, digital)",Energy and digital,Early stage,2015,7227863,USD,4
CHE,SWITZERLAND,Fundings of start-ups,"By sector (energy, green, digital)",Energy and digital,Early stage,2016,7569351,USD,6
CHE,SWITZERLAND,Fundings of start-ups,"By sector (energy, green, digital)",Energy and digital,Early stage,2017,53003000,USD,5
CHE,SWITZERLAND,Fundings of start-ups,"By sector (energy, green, digital)",Energy and digital,Early stage,2018,38329632,USD,10
CHE,SWITZERLAND,Fundings of start-ups,"By sector (energy, green, digital)",Energy and digital,Early stage,2019,41927224,USD,12
CHE,SWITZERLAND,Fundings of start-ups,"By sector (energy, green, digital)",Energy and digital,Early stage,2020,17344640,USD,9
CHE,SWITZERLAND,Probability to receive funding,"By sector (energy, green, digital)",Energy and digital,Early stage,2021,18.37837791,Percentage,185
CHE,SWITZERLAND,Fundings of start-ups,"By sector (energy, green, digital)",Energy and digital,Early stage,2021,59916044,USD,8
CHE,SWITZERLAND,Fundings of start-ups,"By sector (energy, green, digital)",Energy and digital,Early stage,2022,19228988,USD,6
CHE,SWITZERLAND,Fundings of start-ups,"By sector (energy, green, digital)",Energy and digital,Early stage,2022,2.490753412,Years,188
CHE,SWITZERLAND,Fundings of start-ups,"By sector (energy, green, digital)",Energy and non-digital,Early stage,2013,478651.6875,USD,1
CHE,SWITZERLAND,Fundings of start-ups,"By sector (energy, green, digital)",Energy and non-digital,Early stage,2014,4024903.25,USD,4
CHE,SWITZERLAND,Fundings of start-ups,"By sector (energy, green, digital)",Energy and non-digital,Early stage,2015,306954.1875,USD,2
CHE,SWITZERLAND,Fundings of start-ups,"By sector (energy, green, digital)",Energy and non-digital,Early stage,2016,6791456.5,USD,5
CHE,SWITZERLAND,Fundings of start-ups,"By sector (energy, green, digital)",Energy and non-digital,Early stage,2017,7970175.5,USD,2
CHE,SWITZERLAND,Fundings of start-ups,"By sector (energy, green, digital)",Energy and non-digital,Early stage,2018,6877946.5,USD,5
CHE,SWITZERLAND,Fundings of start-ups,"By sector (energy, green, digital)",Energy and non-digital,Early stage,2019,119540816,USD,1
CHE,SWITZERLAND,Fundings of start-ups,"By sector (energy, green, digital)",Energy and non-digital,Early stage,2020,10345910,USD,6
CHE,SWITZERLAND,Fundings of start-ups,"By sector (energy, green, digital)",Energy and non-digital,Early stage,2021,28981388,USD,6
CHE,SWITZERLAND,Probability to receive funding,"By sector (energy, green, digital)",Energy and non-digital,Early stage,2021,8.108108521,Percentage,370
CHE,SWITZERLAND,Fundings of start-ups,"By sector (energy, green, digital)",Energy and non-digital,Early stage,2022,2.029041052,Years,370
CHE,SWITZERLAND,Fundings of start-ups,"By sector (energy, green, digital)",Energy and non-digital,Early stage,2022,10612308,USD,4
CHE,SWITZERLAND,Fundings of start-ups,"By sector (energy, green, digital)",Non-energy,Early stage,2000,118234224,USD,4
CHE,SWITZERLAND,Fundings of start-ups,"By sector (energy, green, digital)",Non-energy,Early stage,2001,33456180,USD,4
CHE,SWITZERLAND,Fundings of start-ups,"By sector (energy, green, digital)",Non-energy,Early stage,2002,61753368,USD,6
CHE,SWITZERLAND,Fundings of start-ups,"By sector (energy, green, digital)",Non-energy,Early stage,2003,65954448,USD,5
CHE,SWITZERLAND,Fundings of start-ups,"By sector (energy, green, digital)",Non-energy,Early stage,2004,130373920,USD,7
CHE,SWITZERLAND,Fundings of start-ups,"By sector (energy, green, digital)",Non-energy,Early stage,2005,208870080,USD,11
CHE,SWITZERLAND,Fundings of start-ups,"By sector (energy, green, digital)",Non-energy,Early stage,2006,180594560,USD,12
CHE,SWITZERLAND,Fundings of start-ups,"By sector (energy, green, digital)",Non-energy,Early stage,2007,327367680,USD,20
CHE,SWITZERLAND,Fundings of start-ups,"By sector (energy, green, digital)",Non-energy,Early stage,2008,237007952,USD,24
CHE,SWITZERLAND,Fundings of start-ups,"By sector (energy, green, digital)",Non-energy,Early stage,2009,375823200,USD,23
CHE,SWITZERLAND,Fundings of start-ups,"By sector (energy, green, digital)",Non-energy,Early stage,2010,212767008,USD,31
CHE,SWITZERLAND,Fundings of start-ups,"By sector (energy, green, digital)",Non-energy,Early stage,2011,141236784,USD,31
CHE,SWITZERLAND,Fundings of start-ups,"By sector (energy, green, digital)",Non-energy,Early stage,2012,142420112,USD,45
CHE,SWITZERLAND,Fundings of start-ups,"By sector (energy, green, digital)",Non-energy,Early stage,2013,359648640,USD,67
CHE,SWITZERLAND,Fundings of start-ups,"By sector (energy, green, digital)",Non-energy,Early stage,2014,479894272,USD,82
CHE,SWITZERLAND,Fundings of start-ups,"By sector (energy, green, digital)",Non-energy,Early stage,2015,350852160,USD,100
CHE,SWITZERLAND,Fundings of start-ups,"By sector (energy, green, digital)",Non-energy,Early stage,2016,580069312,USD,115
CHE,SWITZERLAND,Fundings of start-ups,"By sector (energy, green, digital)",Non-energy,Early stage,2017,585386688,USD,124
CHE,SWITZERLAND,Fundings of start-ups,"By sector (energy, green, digital)",Non-energy,Early stage,2018,769678016,USD,179
CHE,SWITZERLAND,Fundings of start-ups,"By sector (energy, green, digital)",Non-energy,Early stage,2019,1112864640,USD,207
CHE,SWITZERLAND,Fundings of start-ups,"By sector (energy, green, digital)",Non-energy,Early stage,2020,1247834752,USD,191
CHE,SWITZERLAND,Probability to receive funding,"By sector (energy, green, digital)",Non-energy,Early stage,2021,9.372148514,Percentage,10958
CHE,SWITZERLAND,Fundings of start-ups,"By sector (energy, green, digital)",Non-energy,Early stage,2021,1453637760,USD,205
CHE,SWITZERLAND,Fundings of start-ups,"By sector (energy, green, digital)",Non-energy,Early stage,2022,1325257856,USD,135
CHE,SWITZERLAND,Fundings of start-ups,"By sector (energy, green, digital)",Non-energy,Early stage,2022,1.973311424,Years,11019
CHE,SWITZERLAND,Fundings of start-ups,"By sector (energy, green, digital)",Energy,Later stage,2013,3470224.75,USD,1
CHE,SWITZERLAND,Fundings of start-ups,"By sector (energy, green, digital)",Energy,Later stage,2016,17364130,USD,1
CHE,SWITZERLAND,Fundings of start-ups,"By sector (energy, green, digital)",Energy,Later stage,2018,2313366.5,USD,1
CHE,SWITZERLAND,Fundings of start-ups,"By sector (energy, green, digital)",Energy,Later stage,2019,86938776,USD,3
CHE,SWITZERLAND,Fundings of start-ups,"By sector (energy, green, digital)",Energy,Later stage,2020,39050000,USD,1
CHE,SWITZERLAND,Fundings of start-ups,"By sector (energy, green, digital)",Energy,Later stage,2021,200652176,USD,3
CHE,SWITZERLAND,Probability to receive funding,"By sector (energy, green, digital)",Energy,Later stage,2021,3.423423529,Percentage,555
CHE,SWITZERLAND,Fundings of start-ups,"By sector (energy, green, digital)",Energy,Later stage,2022,4.998219013,Years,558
CHE,SWITZERLAND,Fundings of start-ups,"By sector (energy, green, digital)",Energy and digital,Later stage,2013,3470224.75,USD,1
CHE,SWITZERLAND,Fundings of start-ups,"By sector (energy, green, digital)",Energy and digital,Later stage,2016,17364130,USD,1
CHE,SWITZERLAND,Fundings of start-ups,"By sector (energy, green, digital)",Energy and digital,Later stage,2018,2313366.5,USD,1
CHE,SWITZERLAND,Fundings of start-ups,"By sector (energy, green, digital)",Energy and digital,Later stage,2019,86938776,USD,3
CHE,SWITZERLAND,Fundings of start-ups,"By sector (energy, green, digital)",Energy and digital,Later stage,2020,39050000,USD,1
CHE,SWITZERLAND,Probability to receive funding,"By sector (energy, green, digital)",Energy and digital,Later stage,2021,5.94594574,Percentage,185
CHE,SWITZERLAND,Fundings of start-ups,"By sector (energy, green, digital)",Energy and digital,Later stage,2021,77173912,USD,1
CHE,SWITZERLAND,Fundings of start-ups,"By sector (energy, green, digital)",Energy and digital,Later stage,2022,4.849999905,Years,188
CHE,SWITZERLAND,Fundings of start-ups,"By sector (energy, green, digital)",Energy and non-digital,Later stage,2021,123478264,USD,2
CHE,SWITZERLAND,Probability to receive funding,"By sector (energy, green, digital)",Energy and non-digital,Later stage,2021,2.162162066,Percentage,370
CHE,SWITZERLAND,Fundings of start-ups,"By sector (energy, green, digital)",Energy and non-digital,Later stage,2022,5.220548153,Years,370
CHE,SWITZERLAND,Fundings of start-ups,"By sector (energy, green, digital)",Non-energy,Later stage,2002,68892328,USD,3
CHE,SWITZERLAND,Fundings of start-ups,"By sector (energy, green, digital)",Non-energy,Later stage,2003,57067540,USD,2
CHE,SWITZERLAND,Fundings of start-ups,"By sector (energy, green, digital)",Non-energy,Later stage,2004,33161564,USD,2
CHE,SWITZERLAND,Fundings of start-ups,"By sector (energy, green, digital)",Non-energy,Later stage,2005,20299328,USD,1
CHE,SWITZERLAND,Fundings of start-ups,"By sector (energy, green, digital)",Non-energy,Later stage,2006,125020968,USD,4
CHE,SWITZERLAND,Fundings of start-ups,"By sector (energy, green, digital)",Non-energy,Later stage,2007,101168304,USD,4
CHE,SWITZERLAND,Fundings of start-ups,"By sector (energy, green, digital)",Non-energy,Later stage,2008,1678181.875,USD,1
CHE,SWITZERLAND,Fundings of start-ups,"By sector (energy, green, digital)",Non-energy,Later stage,2009,133644512,USD,4
CHE,SWITZERLAND,Fundings of start-ups,"By sector (energy, green, digital)",Non-energy,Later stage,2010,96679040,USD,3
CHE,SWITZERLAND,Fundings of start-ups,"By sector (energy, green, digital)",Non-energy,Later stage,2011,179652112,USD,7
CHE,SWITZERLAND,Fundings of start-ups,"By sector (energy, green, digital)",Non-energy,Later stage,2012,180329120,USD,8
CHE,SWITZERLAND,Fundings of start-ups,"By sector (energy, green, digital)",Non-energy,Later stage,2013,214236112,USD,13
CHE,SWITZERLAND,Fundings of start-ups,"By sector (energy, green, digital)",Non-energy,Later stage,2014,183886800,USD,8
CHE,SWITZERLAND,Fundings of start-ups,"By sector (energy, green, digital)",Non-energy,Later stage,2015,142832864,USD,10
CHE,SWITZERLAND,Fundings of start-ups,"By sector (energy, green, digital)",Non-energy,Later stage,2016,341496352,USD,18
CHE,SWITZERLAND,Fundings of start-ups,"By sector (energy, green, digital)",Non-energy,Later stage,2017,336773792,USD,14
CHE,SWITZERLAND,Fundings of start-ups,"By sector (energy, green, digital)",Non-energy,Later stage,2018,475965952,USD,22
CHE,SWITZERLAND,Fundings of start-ups,"By sector (energy, green, digital)",Non-energy,Later stage,2019,259992048,USD,21
CHE,SWITZERLAND,Fundings of start-ups,"By sector (energy, green, digital)",Non-energy,Later stage,2020,591155008,USD,23
CHE,SWITZERLAND,Probability to receive funding,"By sector (energy, green, digital)",Non-energy,Later stage,2021,1.843402028,Percentage,10958
CHE,SWITZERLAND,Fundings of start-ups,"By sector (energy, green, digital)",Non-energy,Later stage,2021,792287808,USD,13
CHE,SWITZERLAND,Fundings of start-ups,"By sector (energy, green, digital)",Non-energy,Later stage,2022,1528403200,USD,18
CHE,SWITZERLAND,Fundings of start-ups,"By sector (energy, green, digital)",Non-energy,Later stage,2022,4.822572231,Years,11019
CHE,SWITZERLAND,Fundings of start-ups,By technology,Electric mobility,all,2013,59831.46094,USD,1
CHE,SWITZERLAND,Fundings of start-ups,By technology,Electric mobility,all,2014,588397.8125,USD,1
CHE,SWITZERLAND,Fundings of start-ups,By technology,Electric mobility,all,2016,1826386.125,USD,2.25
CHE,SWITZERLAND,Fundings of start-ups,By technology,Electric mobility,all,2018,2224969.25,USD,3.25
CHE,SWITZERLAND,Fundings of start-ups,By technology,Electric mobility,all,2019,9217540,USD,4
CHE,SWITZERLAND,Fundings of start-ups,By technology,Electric mobility,all,2020,119586.5938,USD,1
CHE,SWITZERLAND,Fundings of start-ups,By technology,Electric mobility,all,2021,12894283,USD,3.25
CHE,SWITZERLAND,Fundings of start-ups,By technology,Electric mobility,all,2022,548733.75,USD,1.25
CHE,SWITZERLAND,Fundings of start-ups,By technology,Energy efficiency,all,2011,15105.66309,USD,1
CHE,SWITZERLAND,Fundings of start-ups,By technology,Energy efficiency,all,2012,276207.75,USD,3
CHE,SWITZERLAND,Fundings of start-ups,By technology,Energy efficiency,all,2014,1107638.25,USD,3.25
CHE,SWITZERLAND,Fundings of start-ups,By technology,Energy efficiency,all,2015,7253296,USD,5
CHE,SWITZERLAND,Fundings of start-ups,By technology,Energy efficiency,all,2016,3892090,USD,4
CHE,SWITZERLAND,Fundings of start-ups,By technology,Energy efficiency,all,2017,2905953.25,USD,1
CHE,SWITZERLAND,Fundings of start-ups,By technology,Energy efficiency,all,2018,16463621,USD,4
CHE,SWITZERLAND,Fundings of start-ups,By technology,Energy efficiency,all,2019,46419128,USD,4.25
CHE,SWITZERLAND,Fundings of start-ups,By technology,Energy efficiency,all,2020,4807955.5,USD,2
CHE,SWITZERLAND,Fundings of start-ups,By technology,Energy efficiency,all,2021,44500192,USD,3.299999952
CHE,SWITZERLAND,Fundings of start-ups,By technology,Energy efficiency,all,2022,37500000,USD,0.25
CHE,SWITZERLAND,Fundings of start-ups,By technology,Energy storage and batteries,all,2014,755253.875,USD,0.25
CHE,SWITZERLAND,Fundings of start-ups,By technology,Energy storage and batteries,all,2016,1154973.125,USD,0.25
CHE,SWITZERLAND,Fundings of start-ups,By technology,Energy storage and batteries,all,2018,322114.8125,USD,0.25
CHE,SWITZERLAND,Fundings of start-ups,By technology,Energy storage and batteries,all,2019,29885204,USD,0.25
CHE,SWITZERLAND,Fundings of start-ups,By technology,Energy storage and batteries,all,2020,242892.3438,USD,0.25
CHE,SWITZERLAND,Fundings of start-ups,By technology,Energy storage and batteries,all,2021,36309124,USD,4
CHE,SWITZERLAND,Fundings of start-ups,By technology,Energy storage and batteries,all,2022,37670620,USD,0.5
CHE,SWITZERLAND,Fundings of start-ups,By technology,Fossil fuels,all,2008,618663.6875,USD,0.5
CHE,SWITZERLAND,Fundings of start-ups,By technology,Fossil fuels,all,2010,3335296.25,USD,0.5
CHE,SWITZERLAND,Fundings of start-ups,By technology,Fossil fuels,all,2012,2420454.5,USD,1
CHE,SWITZERLAND,Fundings of start-ups,By technology,Fossil fuels,all,2013,3470224.75,USD,1
CHE,SWITZERLAND,Fundings of start-ups,By technology,Fossil fuels,all,2017,35511840,USD,2.5
CHE,SWITZERLAND,Fundings of start-ups,By technology,Fossil fuels,all,2018,46231.53906,USD,0.5
CHE,SWITZERLAND,Fundings of start-ups,By technology,Fossil fuels,all,2019,10626888,USD,1.5
CHE,SWITZERLAND,Fundings of start-ups,By technology,Fossil fuels,all,2021,29772560,USD,1
CHE,SWITZERLAND,Fundings of start-ups,By technology,Fossil fuels,all,2022,6000000,USD,1
CHE,SWITZERLAND,Fundings of start-ups,By technology,Grid,all,2013,12779.20215,USD,0.666666687
CHE,SWITZERLAND,Fundings of start-ups,By technology,Grid,all,2014,755253.875,USD,0.25
CHE,SWITZERLAND,Fundings of start-ups,By technology,Grid,all,2015,100534.625,USD,0.833333313
CHE,SWITZERLAND,Fundings of start-ups,By technology,Grid,all,2016,1201140.625,USD,0.333333343
CHE,SWITZERLAND,Fundings of start-ups,By technology,Grid,all,2017,45465.11328,USD,1.833333373
CHE,SWITZERLAND,Fundings of start-ups,By technology,Grid,all,2018,931857.25,USD,1.833333373
CHE,SWITZERLAND,Fundings of start-ups,By technology,Grid,all,2019,9758814,USD,1.833333373
CHE,SWITZERLAND,Fundings of start-ups,By technology,Grid,all,2021,6408062.5,USD,1.5
CHE,SWITZERLAND,Fundings of start-ups,By technology,Grid,all,2022,2125511.5,USD,0.5
CHE,SWITZERLAND,Fundings of start-ups,By technology,Nuclear,all,2020,1454180,USD,0.5
CHE,SWITZERLAND,Fundings of start-ups,By technology,Nuclear,all,2021,3011660.5,USD,0.5
CHE,SWITZERLAND,Fundings of start-ups,By technology,Nuclear,all,2022,52030,USD,0.5
CHE,SWITZERLAND,Fundings of start-ups,By technology,Other energy,all,2010,26141.60547,USD,2
CHE,SWITZERLAND,Fundings of start-ups,By technology,Other energy,all,2011,327388.4375,USD,4
CHE,SWITZERLAND,Fundings of start-ups,By technology,Other energy,all,2012,12227050,USD,2
CHE,SWITZERLAND,Fundings of start-ups,By technology,Other energy,all,2013,191470.4531,USD,2
CHE,SWITZERLAND,Fundings of start-ups,By technology,Other energy,all,2014,1229739.25,USD,2.083333254
CHE,SWITZERLAND,Fundings of start-ups,By technology,Other energy,all,2015,524093.75,USD,3.166666746
CHE,SWITZERLAND,Fundings of start-ups,By technology,Other energy,all,2016,21767448,USD,5.083333492
CHE,SWITZERLAND,Fundings of start-ups,By technology,Other energy,all,2017,1831830.25,USD,3.166666746
CHE,SWITZERLAND,Fundings of start-ups,By technology,Other energy,all,2018,22989864,USD,8.416666985
CHE,SWITZERLAND,Fundings of start-ups,By technology,Other energy,all,2019,103011408,USD,12.91666698
CHE,SWITZERLAND,Fundings of start-ups,By technology,Other energy,all,2020,52097272,USD,12.08333302
CHE,SWITZERLAND,Fundings of start-ups,By technology,Other energy,all,2021,111841560,USD,5.449999809
CHE,SWITZERLAND,Fundings of start-ups,By technology,Other energy,all,2022,47282372,USD,4.583333492
CHE,SWITZERLAND,Fundings of start-ups,By technology,Other renewables,all,2013,191470.4531,USD,2
CHE,SWITZERLAND,Fundings of start-ups,By technology,Other renewables,all,2014,474485.3438,USD,1.833333373
CHE,SWITZERLAND,Fundings of start-ups,By technology,Other renewables,all,2015,576293.4375,USD,3.166666746
CHE,SWITZERLAND,Fundings of start-ups,By technology,Other renewables,all,2016,2493073.25,USD,1.583333373
CHE,SWITZERLAND,Fundings of start-ups,By technology,Other renewables,all,2017,1787619.625,USD,3.666666746
CHE,SWITZERLAND,Fundings of start-ups,By technology,Other renewables,all,2018,4852859.5,USD,4.75
CHE,SWITZERLAND,Fundings of start-ups,By technology,Other renewables,all,2019,40860920,USD,6.25
CHE,SWITZERLAND,Fundings of start-ups,By technology,Other renewables,all,2020,7536570,USD,5.166666508
CHE,SWITZERLAND,Fundings of start-ups,By technology,Other renewables,all,2021,53639480,USD,5.75
CHE,SWITZERLAND,Fundings of start-ups,By technology,Other renewables,all,2022,48670900,USD,4.166666508
CHE,SWITZERLAND,Fundings of start-ups,By technology,Solar,all,2008,618663.6875,USD,0.5
CHE,SWITZERLAND,Fundings of start-ups,By technology,Solar,all,2010,3335296.25,USD,0.5
CHE,SWITZERLAND,Fundings of start-ups,By technology,Solar,all,2013,159550.5625,USD,0.333333343
CHE,SWITZERLAND,Fundings of start-ups,By technology,Solar,all,2014,172596.6875,USD,0.333333343
CHE,SWITZERLAND,Fundings of start-ups,By technology,Solar,all,2015,103950.2734,USD,0.833333313
CHE,SWITZERLAND,Fundings of start-ups,By technology,Solar,all,2016,127527.3828,USD,1.5
CHE,SWITZERLAND,Fundings of start-ups,By technology,Solar,all,2017,19082088,USD,0.833333313
CHE,SWITZERLAND,Fundings of start-ups,By technology,Solar,all,2018,1575720.75,USD,1
CHE,SWITZERLAND,Fundings of start-ups,By technology,Solar,all,2019,16137189,USD,1
CHE,SWITZERLAND,Fundings of start-ups,By technology,Solar,all,2020,3777134,USD,3
CHE,SWITZERLAND,Fundings of start-ups,By technology,Solar,all,2021,11767654,USD,2.25
CHE,SWITZERLAND,Fundings of start-ups,By technology,Solar,all,2022,400000,USD,0.25
CHE,SWITZERLAND,Probability to receive funding,By technology,Bioenergy,Early stage,2015,0,Percentage,0.5
CHE,SWITZERLAND,Probability to receive funding,By technology,Bioenergy,Early stage,2016,0,Percentage,1
CHE,SWITZERLAND,Probability to receive funding,By technology,Bioenergy,Early stage,2017,0,Percentage,1
CHE,SWITZERLAND,Probability to receive funding,By technology,Bioenergy,Early stage,2018,0,Percentage,1
CHE,SWITZERLAND,Probability to receive funding,By technology,Bioenergy,Early stage,2019,0,Percentage,2
CHE,SWITZERLAND,Probability to receive funding,By technology,Bioenergy,Early stage,2020,0,Percentage,2
CHE,SWITZERLAND,Probability to receive funding,By technology,Bioenergy,Early stage,2021,0,Percentage,2
CHE,SWITZERLAND,Fundings of start-ups,By technology,Clean energy,Early stage,2012,126686.5938,USD,1
CHE,SWITZERLAND,Fundings of start-ups,By technology,Clean energy,Early stage,2013,538483.125,USD,2
CHE,SWITZERLAND,Fundings of start-ups,By technology,Clean energy,Early stage,2014,4613301,USD,5
CHE,SWITZERLAND,Fundings of start-ups,By technology,Clean energy,Early stage,2015,4001945.25,USD,3
CHE,SWITZERLAND,Fundings of start-ups,By technology,Clean energy,Early stage,2016,9168646,USD,6
CHE,SWITZERLAND,Fundings of start-ups,By technology,Clean energy,Early stage,2017,4190849.75,USD,3
CHE,SWITZERLAND,Fundings of start-ups,By technology,Clean energy,Early stage,2018,9007450,USD,9
CHE,SWITZERLAND,Fundings of start-ups,By technology,Clean energy,Early stage,2019,161196304,USD,12
CHE,SWITZERLAND,Fundings of start-ups,By technology,Clean energy,Early stage,2020,15672207,USD,11
CHE,SWITZERLAND,Probability to receive funding,By technology,Clean energy,Early stage,2021,15.91695499,Percentage,289
CHE,SWITZERLAND,Fundings of start-ups,By technology,Clean energy,Early stage,2021,56226772,USD,12
CHE,SWITZERLAND,Fundings of start-ups,By technology,Clean energy,Early stage,2022,20695232,USD,8
CHE,SWITZERLAND,Fundings of start-ups,By technology,Clean energy,Early stage,2022,2.072229147,Years,290
CHE,SWITZERLAND,Probability to receive funding,By technology,Electric mobility,Early stage,2015,18.139534,Percentage,17.91666603
CHE,SWITZERLAND,Probability to receive funding,By technology,Electric mobility,Early stage,2016,18.139534,Percentage,17.91666603
CHE,SWITZERLAND,Probability to receive funding,By technology,Electric mobility,Early stage,2017,21.33891296,Percentage,19.91666603
CHE,SWITZERLAND,Probability to receive funding,By technology,Electric mobility,Early stage,2018,22.66187096,Percentage,23.16666603
CHE,SWITZERLAND,Probability to receive funding,By technology,Electric mobility,Early stage,2019,21.72413826,Percentage,24.16666603
CHE,SWITZERLAND,Probability to receive funding,By technology,Electric mobility,Early stage,2020,24.83443642,Percentage,25.16666603
CHE,SWITZERLAND,Probability to receive funding,By technology,Electric mobility,Early stage,2021,23.88535118,Percentage,26.16666603
CHE,SWITZERLAND,Fundings of start-ups,By technology,Electric mobility,Early stage,2022,3.729941368,Years,26.16666603
CHE,SWITZERLAND,Probability to receive funding,By technology,Energy efficiency,Early stage,2015,6.672297478,Percentage,98.66666412
CHE,SWITZERLAND,Probability to receive funding,By technology,Energy efficiency,Early stage,2016,6.167057037,Percentage,106.75
CHE,SWITZERLAND,Probability to receive funding,By technology,Energy efficiency,Early stage,2017,7.3443923,Percentage,117.5500031
CHE,SWITZERLAND,Probability to receive funding,By technology,Energy efficiency,Early stage,2018,7.07360363,Percentage,122.0500031
CHE,SWITZERLAND,Probability to receive funding,By technology,Energy efficiency,Early stage,2019,6.822072983,Percentage,126.5500031
CHE,SWITZERLAND,Probability to receive funding,By technology,Energy efficiency,Early stage,2020,7.703207493,Percentage,129.3833313
CHE,SWITZERLAND,Probability to receive funding,By technology,Energy efficiency,Early stage,2021,7.703207493,Percentage,129.3833313
CHE,SWITZERLAND,Fundings of start-ups,By technology,Energy efficiency,Early stage,2022,2.449186802,Years,129.3833313
CHE,SWITZERLAND,Probability to receive funding,By technology,Energy storage and batteries,Early stage,2015,5.504587173,Percentage,9.083333015
CHE,SWITZERLAND,Probability to receive funding,By technology,Energy storage and batteries,Early stage,2016,5.217391491,Percentage,9.583333015
CHE,SWITZERLAND,Probability to receive funding,By technology,Energy storage and batteries,Early stage,2017,6.617647171,Percentage,11.33333302
CHE,SWITZERLAND,Probability to receive funding,By technology,Energy storage and batteries,Early stage,2018,5.555555344,Percentage,13.5
CHE,SWITZERLAND,Probability to receive funding,By technology,Energy storage and batteries,Early stage,2019,5.454545498,Percentage,13.75
CHE,SWITZERLAND,Probability to receive funding,By technology,Energy storage and batteries,Early stage,2020,7.142857075,Percentage,14
CHE,SWITZERLAND,Probability to receive funding,By technology,Energy storage and batteries,Early stage,2021,13.33333302,Percentage,15
CHE,SWITZERLAND,Fundings of start-ups,By technology,Energy storage and batteries,Early stage,2022,1.351369858,Years,15
CHE,SWITZERLAND,Probability to receive funding,By technology,Fossil fuels,Early stage,2015,12.9032259,Percentage,23.25
CHE,SWITZERLAND,Probability to receive funding,By technology,Fossil fuels,Early stage,2016,12.6315794,Percentage,23.75
CHE,SWITZERLAND,Probability to receive funding,By technology,Fossil fuels,Early stage,2017,12.6315794,Percentage,23.75
CHE,SWITZERLAND,Probability to receive funding,By technology,Fossil fuels,Early stage,2018,17.1428566,Percentage,26.25
CHE,SWITZERLAND,Probability to receive funding,By technology,Fossil fuels,Early stage,2019,16.51376152,Percentage,27.25
CHE,SWITZERLAND,Probability to receive funding,By technology,Fossil fuels,Early stage,2020,19.13043404,Percentage,28.75
CHE,SWITZERLAND,Probability to receive funding,By technology,Fossil fuels,Early stage,2021,19.13043404,Percentage,28.75
CHE,SWITZERLAND,Probability to receive funding,By technology,Grid,Early stage,2015,2.964959621,Percentage,30.91666603
CHE,SWITZERLAND,Probability to receive funding,By technology,Grid,Early stage,2016,5.822784901,Percentage,32.91666794
CHE,SWITZERLAND,Probability to receive funding,By technology,Grid,Early stage,2017,8.474575996,Percentage,34.41666794
CHE,SWITZERLAND,Probability to receive funding,By technology,Grid,Early stage,2018,8.474575996,Percentage,34.41666794
CHE,SWITZERLAND,Probability to receive funding,By technology,Grid,Early stage,2019,8.474575996,Percentage,34.41666794
CHE,SWITZERLAND,Probability to receive funding,By technology,Grid,Early stage,2020,8.474575996,Percentage,34.41666794
CHE,SWITZERLAND,Probability to receive funding,By technology,Grid,Early stage,2021,8.474575996,Percentage,34.41666794
CHE,SWITZERLAND,Fundings of start-ups,By technology,Grid,Early stage,2022,1.282113552,Years,34.41666794
CHE,SWITZERLAND,Probability to receive funding,By technology,Hydrogen and fuel cells,Early stage,2015,40,Percentage,1.25
CHE,SWITZERLAND,Probability to receive funding,By technology,Hydrogen and fuel cells,Early stage,2016,40,Percentage,1.25
CHE,SWITZERLAND,Probability to receive funding,By technology,Hydrogen and fuel cells,Early stage,2017,40,Percentage,1.25
CHE,SWITZERLAND,Probability to receive funding,By technology,Hydrogen and fuel cells,Early stage,2018,33.33333206,Percentage,1.5
CHE,SWITZERLAND,Probability to receive funding,By technology,Hydrogen and fuel cells,Early stage,2019,25,Percentage,2
CHE,SWITZERLAND,Probability to receive funding,By technology,Hydrogen and fuel cells,Early stage,2020,25,Percentage,2
CHE,SWITZERLAND,Probability to receive funding,By technology,Hydrogen and fuel cells,Early stage,2021,25,Percentage,2
CHE,SWITZERLAND,Fundings of start-ups,By technology,Non-clean energy,Early stage,2008,1237327.375,USD,1
CHE,SWITZERLAND,Fundings of start-ups,By technology,Non-clean energy,Early stage,2010,6670592.5,USD,1
CHE,SWITZERLAND,Fundings of start-ups,By technology,Non-clean energy,Early stage,2011,138052.4844,USD,1
CHE,SWITZERLAND,Fundings of start-ups,By technology,Non-clean energy,Early stage,2012,12102273,USD,1
CHE,SWITZERLAND,Fundings of start-ups,By technology,Non-clean energy,Early stage,2014,326754.9375,USD,1
CHE,SWITZERLAND,Fundings of start-ups,By technology,Non-clean energy,Early stage,2015,3532872.25,USD,3
CHE,SWITZERLAND,Fundings of start-ups,By technology,Non-clean energy,Early stage,2016,5192161,USD,5
CHE,SWITZERLAND,Fundings of start-ups,By technology,Non-clean energy,Early stage,2017,56782328,USD,4
CHE,SWITZERLAND,Fundings of start-ups,By technology,Non-clean energy,Early stage,2018,36200128,USD,6
CHE,SWITZERLAND,Fundings of start-ups,By technology,Non-clean energy,Early stage,2019,271738,USD,1
CHE,SWITZERLAND,Fundings of start-ups,By technology,Non-clean energy,Early stage,2020,12018343,USD,4
CHE,SWITZERLAND,Fundings of start-ups,By technology,Non-clean energy,Early stage,2021,32670660,USD,2
CHE,SWITZERLAND,Probability to receive funding,By technology,Non-clean energy,Early stage,2021,6.766917229,Percentage,266
CHE,SWITZERLAND,Fundings of start-ups,By technology,Non-clean energy,Early stage,2022,9146064,USD,2
CHE,SWITZERLAND,Fundings of start-ups,By technology,Non-clean energy,Early stage,2022,2.744292259,Years,268
CHE,SWITZERLAND,Probability to receive funding,By technology,Nuclear,Early stage,2019,50,Percentage,1
CHE,SWITZERLAND,Probability to receive funding,By technology,Nuclear,Early stage,2020,33.33333206,Percentage,1.5
CHE,SWITZERLAND,Probability to receive funding,By technology,Nuclear,Early stage,2021,33.33333206,Percentage,1.5
CHE,SWITZERLAND,Probability to receive funding,By technology,Other energy,Early stage,2015,5.053191662,Percentage,125.3333359
CHE,SWITZERLAND,Probability to receive funding,By technology,Other energy,Early stage,2016,4.868673801,Percentage,130.0833282
CHE,SWITZERLAND,Probability to receive funding,By technology,Other energy,Early stage,2017,6.976744175,Percentage,142.6166687
CHE,SWITZERLAND,Probability to receive funding,By technology,Other energy,Early stage,2018,7.912160873,Percentage,151.0333405
CHE,SWITZERLAND,Probability to receive funding,By technology,Other energy,Early stage,2019,8.375552177,Percentage,154.6166687
CHE,SWITZERLAND,Probability to receive funding,By technology,Other energy,Early stage,2020,8.721788406,Percentage,158.0333405
CHE,SWITZERLAND,Probability to receive funding,By technology,Other energy,Early stage,2021,8.721788406,Percentage,158.0333405
CHE,SWITZERLAND,Fundings of start-ups,By technology,Other energy,Early stage,2022,1.969052196,Years,158.0333405
CHE,SWITZERLAND,Probability to receive funding,By technology,Other renewables,Early stage,2015,9.544159889,Percentage,58.5
CHE,SWITZERLAND,Probability to receive funding,By technology,Other renewables,Early stage,2016,9.643328667,Percentage,63.08333206
CHE,SWITZERLAND,Probability to receive funding,By technology,Other renewables,Early stage,2017,16.43518448,Percentage,72
CHE,SWITZERLAND,Probability to receive funding,By technology,Other renewables,Early stage,2018,16.33085823,Percentage,78.58333588
CHE,SWITZERLAND,Probability to receive funding,By technology,Other renewables,Early stage,2019,16.92150879,Percentage,81.75
CHE,SWITZERLAND,Probability to receive funding,By technology,Other renewables,Early stage,2020,18.21705437,Percentage,86
CHE,SWITZERLAND,Probability to receive funding,By technology,Other renewables,Early stage,2021,18.939394,Percentage,88
CHE,SWITZERLAND,Fundings of start-ups,By technology,Other renewables,Early stage,2022,1.56543839,Years,88
CHE,SWITZERLAND,Probability to receive funding,By technology,Solar,Early stage,2015,2.535657644,Percentage,52.58333206
CHE,SWITZERLAND,Probability to receive funding,By technology,Solar,Early stage,2016,3.293413162,Percentage,55.66666794
CHE,SWITZERLAND,Probability to receive funding,By technology,Solar,Early stage,2017,3.170028925,Percentage,57.83333206
CHE,SWITZERLAND,Probability to receive funding,By technology,Solar,Early stage,2018,3.943661928,Percentage,59.16666794
CHE,SWITZERLAND,Probability to receive funding,By technology,Solar,Early stage,2019,4.748603344,Percentage,59.66666794
CHE,SWITZERLAND,Probability to receive funding,By technology,Solar,Early stage,2020,5.882352829,Percentage,60.91666794
CHE,SWITZERLAND,Probability to receive funding,By technology,Solar,Early stage,2021,5.882352829,Percentage,60.91666794
CHE,SWITZERLAND,Fundings of start-ups,By technology,Solar,Early stage,2022,1.493086934,Years,60.91666794
CHE,SWITZERLAND,Probability to receive funding,By technology,Wind,Early stage,2015,0,Percentage,1
CHE,SWITZERLAND,Probability to receive funding,By technology,Wind,Early stage,2016,0,Percentage,1
CHE,SWITZERLAND,Probability to receive funding,By technology,Wind,Early stage,2017,25,Percentage,1.333333373
CHE,SWITZERLAND,Probability to receive funding,By technology,Wind,Early stage,2018,25,Percentage,1.333333373
CHE,SWITZERLAND,Probability to receive funding,By technology,Wind,Early stage,2019,18.18181801,Percentage,1.833333373
CHE,SWITZERLAND,Probability to receive funding,By technology,Wind,Early stage,2020,18.18181801,Percentage,1.833333373
CHE,SWITZERLAND,Probability to receive funding,By technology,Wind,Early stage,2021,18.18181801,Percentage,1.833333373
CHE,SWITZERLAND,Probability to receive funding,By technology,Bioenergy,Later stage,2015,0,Percentage,0.5
CHE,SWITZERLAND,Probability to receive funding,By technology,Bioenergy,Later stage,2016,0,Percentage,1
CHE,SWITZERLAND,Probability to receive funding,By technology,Bioenergy,Later stage,2017,0,Percentage,1
CHE,SWITZERLAND,Probability to receive funding,By technology,Bioenergy,Later stage,2018,0,Percentage,1
CHE,SWITZERLAND,Probability to receive funding,By technology,Bioenergy,Later stage,2019,0,Percentage,2
CHE,SWITZERLAND,Probability to receive funding,By technology,Bioenergy,Later stage,2020,0,Percentage,2
CHE,SWITZERLAND,Probability to receive funding,By technology,Bioenergy,Later stage,2021,0,Percentage,2
CHE,SWITZERLAND,Fundings of start-ups,By technology,Clean energy,Later stage,2018,2313366.5,USD,1
CHE,SWITZERLAND,Fundings of start-ups,By technology,Clean energy,Later stage,2019,6520408,USD,1
CHE,SWITZERLAND,Fundings of start-ups,By technology,Clean energy,Later stage,2021,123478264,USD,2
CHE,SWITZERLAND,Probability to receive funding,By technology,Clean energy,Later stage,2021,3.806228399,Percentage,289
CHE,SWITZERLAND,Fundings of start-ups,By technology,Clean energy,Later stage,2022,4.405977726,Years,290
CHE,SWITZERLAND,Probability to receive funding,By technology,Electric mobility,Later stage,2015,5.581395149,Percentage,17.91666603
CHE,SWITZERLAND,Probability to receive funding,By technology,Electric mobility,Later stage,2016,5.581395149,Percentage,17.91666603
CHE,SWITZERLAND,Probability to receive funding,By technology,Electric mobility,Later stage,2017,5.020920277,Percentage,19.91666603
CHE,SWITZERLAND,Probability to receive funding,By technology,Electric mobility,Later stage,2018,8.633093834,Percentage,23.16666603
CHE,SWITZERLAND,Probability to receive funding,By technology,Electric mobility,Later stage,2019,12.41379356,Percentage,24.16666603
CHE,SWITZERLAND,Probability to receive funding,By technology,Electric mobility,Later stage,2020,11.92052937,Percentage,25.16666603
CHE,SWITZERLAND,Probability to receive funding,By technology,Electric mobility,Later stage,2021,11.46496773,Percentage,26.16666603
CHE,SWITZERLAND,Fundings of start-ups,By technology,Electric mobility,Later stage,2022,2.983561754,Years,26.16666603
CHE,SWITZERLAND,Probability to receive funding,By technology,Energy efficiency,Later stage,2015,1.013513565,Percentage,98.66666412
CHE,SWITZERLAND,Probability to receive funding,By technology,Energy efficiency,Later stage,2016,0.936768174,Percentage,106.75
CHE,SWITZERLAND,Probability to receive funding,By technology,Energy efficiency,Later stage,2017,1.063377261,Percentage,117.5500031
CHE,SWITZERLAND,Probability to receive funding,By technology,Energy efficiency,Later stage,2018,1.024170399,Percentage,122.0500031
CHE,SWITZERLAND,Probability to receive funding,By technology,Energy efficiency,Later stage,2019,0.987751901,Percentage,126.5500031
CHE,SWITZERLAND,Probability to receive funding,By technology,Energy efficiency,Later stage,2020,0.966121316,Percentage,129.3833313
CHE,SWITZERLAND,Probability to receive funding,By technology,Energy efficiency,Later stage,2021,0.966121316,Percentage,129.3833313
CHE,SWITZERLAND,Fundings of start-ups,By technology,Energy efficiency,Later stage,2022,1.938082218,Years,129.3833313
CHE,SWITZERLAND,Probability to receive funding,By technology,Energy storage and batteries,Later stage,2015,5.504587173,Percentage,9.083333015
CHE,SWITZERLAND,Probability to receive funding,By technology,Energy storage and batteries,Later stage,2016,5.217391491,Percentage,9.583333015
CHE,SWITZERLAND,Probability to receive funding,By technology,Energy storage and batteries,Later stage,2017,6.617647171,Percentage,11.33333302
CHE,SWITZERLAND,Probability to receive funding,By technology,Energy storage and batteries,Later stage,2018,5.555555344,Percentage,13.5
CHE,SWITZERLAND,Probability to receive funding,By technology,Energy storage and batteries,Later stage,2019,5.454545498,Percentage,13.75
CHE,SWITZERLAND,Probability to receive funding,By technology,Energy storage and batteries,Later stage,2020,5.357142925,Percentage,14
CHE,SWITZERLAND,Probability to receive funding,By technology,Energy storage and batteries,Later stage,2021,5,Percentage,15
CHE,SWITZERLAND,Fundings of start-ups,By technology,Energy storage and batteries,Later stage,2022,5.28127861,Years,15
CHE,SWITZERLAND,Probability to receive funding,By technology,Fossil fuels,Later stage,2015,8.602150917,Percentage,23.25
CHE,SWITZERLAND,Probability to receive funding,By technology,Fossil fuels,Later stage,2016,8.421052933,Percentage,23.75
CHE,SWITZERLAND,Probability to receive funding,By technology,Fossil fuels,Later stage,2017,8.421052933,Percentage,23.75
CHE,SWITZERLAND,Probability to receive funding,By technology,Fossil fuels,Later stage,2018,9.523809433,Percentage,26.25
CHE,SWITZERLAND,Probability to receive funding,By technology,Fossil fuels,Later stage,2019,9.174311638,Percentage,27.25
CHE,SWITZERLAND,Probability to receive funding,By technology,Fossil fuels,Later stage,2020,8.695652008,Percentage,28.75
CHE,SWITZERLAND,Probability to receive funding,By technology,Fossil fuels,Later stage,2021,8.695652008,Percentage,28.75
CHE,SWITZERLAND,Probability to receive funding,By technology,Grid,Later stage,2015,1.078167081,Percentage,30.91666603
CHE,SWITZERLAND,Probability to receive funding,By technology,Grid,Later stage,2016,1.012658238,Percentage,32.91666794
CHE,SWITZERLAND,Probability to receive funding,By technology,Grid,Later stage,2017,2.421307564,Percentage,34.41666794
CHE,SWITZERLAND,Probability to receive funding,By technology,Grid,Later stage,2018,2.421307564,Percentage,34.41666794
CHE,SWITZERLAND,Probability to receive funding,By technology,Grid,Later stage,2019,2.421307564,Percentage,34.41666794
CHE,SWITZERLAND,Probability to receive funding,By technology,Grid,Later stage,2020,2.421307564,Percentage,34.41666794
CHE,SWITZERLAND,Probability to receive funding,By technology,Grid,Later stage,2021,2.421307564,Percentage,34.41666794
CHE,SWITZERLAND,Fundings of start-ups,By technology,Grid,Later stage,2022,5.609862804,Years,34.41666794
CHE,SWITZERLAND,Probability to receive funding,By technology,Hydrogen and fuel cells,Later stage,2015,0,Percentage,1.25
CHE,SWITZERLAND,Probability to receive funding,By technology,Hydrogen and fuel cells,Later stage,2016,0,Percentage,1.25
CHE,SWITZERLAND,Probability to receive funding,By technology,Hydrogen and fuel cells,Later stage,2017,0,Percentage,1.25
CHE,SWITZERLAND,Probability to receive funding,By technology,Hydrogen and fuel cells,Later stage,2018,0,Percentage,1.5
CHE,SWITZERLAND,Probability to receive funding,By technology,Hydrogen and fuel cells,Later stage,2019,0,Percentage,2
CHE,SWITZERLAND,Probability to receive funding,By technology,Hydrogen and fuel cells,Later stage,2020,0,Percentage,2
CHE,SWITZERLAND,Probability to receive funding,By technology,Hydrogen and fuel cells,Later stage,2021,0,Percentage,2
CHE,SWITZERLAND,Fundings of start-ups,By technology,Non-clean energy,Later stage,2013,3470224.75,USD,1
CHE,SWITZERLAND,Fundings of start-ups,By technology,Non-clean energy,Later stage,2016,17364130,USD,1
CHE,SWITZERLAND,Fundings of start-ups,By technology,Non-clean energy,Later stage,2019,80418368,USD,2
CHE,SWITZERLAND,Fundings of start-ups,By technology,Non-clean energy,Later stage,2020,39050000,USD,1
CHE,SWITZERLAND,Fundings of start-ups,By technology,Non-clean energy,Later stage,2021,77173912,USD,1
CHE,SWITZERLAND,Probability to receive funding,By technology,Non-clean energy,Later stage,2021,3.007518768,Percentage,266
CHE,SWITZERLAND,Fundings of start-ups,By technology,Non-clean energy,Later stage,2022,5.722070217,Years,268
CHE,SWITZERLAND,Probability to receive funding,By technology,Nuclear,Later stage,2019,0,Percentage,1
CHE,SWITZERLAND,Probability to receive funding,By technology,Nuclear,Later stage,2020,0,Percentage,1.5
CHE,SWITZERLAND,Probability to receive funding,By technology,Nuclear,Later stage,2021,0,Percentage,1.5
CHE,SWITZERLAND,Probability to receive funding,By technology,Other energy,Later stage,2015,4.65425539,Percentage,125.3333359
CHE,SWITZERLAND,Probability to receive funding,By technology,Other energy,Later stage,2016,4.484304905,Percentage,130.0833282
CHE,SWITZERLAND,Probability to receive funding,By technology,Other energy,Later stage,2017,4.674535275,Percentage,142.6166687
CHE,SWITZERLAND,Probability to receive funding,By technology,Other energy,Later stage,2018,4.414036751,Percentage,151.0333405
CHE,SWITZERLAND,Probability to receive funding,By technology,Other energy,Later stage,2019,4.311738491,Percentage,154.6166687
CHE,SWITZERLAND,Probability to receive funding,By technology,Other energy,Later stage,2020,4.218519211,Percentage,158.0333405
CHE,SWITZERLAND,Probability to receive funding,By technology,Other energy,Later stage,2021,4.218519211,Percentage,158.0333405
CHE,SWITZERLAND,Fundings of start-ups,By technology,Other energy,Later stage,2022,4.84585619,Years,158.0333405
CHE,SWITZERLAND,Probability to receive funding,By technology,Other renewables,Later stage,2015,2.279202223,Percentage,58.5
CHE,SWITZERLAND,Probability to receive funding,By technology,Other renewables,Later stage,2016,2.113606453,Percentage,63.08333206
CHE,SWITZERLAND,Probability to receive funding,By technology,Other renewables,Later stage,2017,3.009259224,Percentage,72
CHE,SWITZERLAND,Probability to receive funding,By technology,Other renewables,Later stage,2018,3.393425226,Percentage,78.58333588
CHE,SWITZERLAND,Probability to receive funding,By technology,Other renewables,Later stage,2019,3.261977673,Percentage,81.75
CHE,SWITZERLAND,Probability to receive funding,By technology,Other renewables,Later stage,2020,3.100775242,Percentage,86
CHE,SWITZERLAND,Probability to receive funding,By technology,Other renewables,Later stage,2021,3.030303001,Percentage,88
CHE,SWITZERLAND,Fundings of start-ups,By technology,Other renewables,Later stage,2022,5.254708767,Years,88
CHE,SWITZERLAND,Probability to receive funding,By technology,Solar,Later stage,2015,1.901743293,Percentage,52.58333206
CHE,SWITZERLAND,Probability to receive funding,By technology,Solar,Later stage,2016,1.796407223,Percentage,55.66666794
CHE,SWITZERLAND,Probability to receive funding,By technology,Solar,Later stage,2017,2.305475473,Percentage,57.83333206
CHE,SWITZERLAND,Probability to receive funding,By technology,Solar,Later stage,2018,2.253521204,Percentage,59.16666794
CHE,SWITZERLAND,Probability to receive funding,By technology,Solar,Later stage,2019,2.234636784,Percentage,59.66666794
CHE,SWITZERLAND,Probability to receive funding,By technology,Solar,Later stage,2020,2.188782454,Percentage,60.91666794
CHE,SWITZERLAND,Probability to receive funding,By technology,Solar,Later stage,2021,2.188782454,Percentage,60.91666794
CHE,SWITZERLAND,Fundings of start-ups,By technology,Solar,Later stage,2022,9.665753365,Years,60.91666794
CHE,SWITZERLAND,Probability to receive funding,By technology,Wind,Later stage,2015,0,Percentage,1
CHE,SWITZERLAND,Probability to receive funding,By technology,Wind,Later stage,2016,0,Percentage,1
CHE,SWITZERLAND,Probability to receive funding,By technology,Wind,Later stage,2017,0,Percentage,1.333333373
CHE,SWITZERLAND,Probability to receive funding,By technology,Wind,Later stage,2018,0,Percentage,1.333333373
CHE,SWITZERLAND,Probability to receive funding,By technology,Wind,Later stage,2019,0,Percentage,1.833333373
CHE,SWITZERLAND,Probability to receive funding,By technology,Wind,Later stage,2020,0,Percentage,1.833333373
CHE,SWITZERLAND,Probability to receive funding,By technology,Wind,Later stage,2021,0,Percentage,1.833333373
SYR,SYRIAN ARAB REPUBLIC,Fundings of start-ups,"By sector (energy, green, digital)",Non-energy,Early stage,2017,339893.625,USD,1
SYR,SYRIAN ARAB REPUBLIC,Probability to receive funding,"By sector (energy, green, digital)",Non-energy,Early stage,2021,4,Percentage,25
SYR,SYRIAN ARAB REPUBLIC,Fundings of start-ups,"By sector (energy, green, digital)",Non-energy,Early stage,2022,2.498630047,Years,25
SYR,SYRIAN ARAB REPUBLIC,Probability to receive funding,"By sector (energy, green, digital)",Non-energy,Later stage,2021,0,Percentage,25
TWN,TAIWAN,Fundings of start-ups,"By sector (energy, green, digital)",Energy,Early stage,2011,61918604,USD,1
TWN,TAIWAN,Fundings of start-ups,"By sector (energy, green, digital)",Energy,Early stage,2014,117914920,USD,2
TWN,TAIWAN,Fundings of start-ups,"By sector (energy, green, digital)",Energy,Early stage,2015,35640432,USD,2
TWN,TAIWAN,Fundings of start-ups,"By sector (energy, green, digital)",Energy,Early stage,2019,1836581.625,USD,3
TWN,TAIWAN,Fundings of start-ups,"By sector (energy, green, digital)",Energy,Early stage,2020,21192424,USD,2
TWN,TAIWAN,Fundings of start-ups,"By sector (energy, green, digital)",Energy,Early stage,2021,6173913,USD,2
TWN,TAIWAN,Probability to receive funding,"By sector (energy, green, digital)",Energy,Early stage,2021,10.10101032,Percentage,99
TWN,TAIWAN,Fundings of start-ups,"By sector (energy, green, digital)",Energy,Early stage,2022,1.706027389,Years,99
TWN,TAIWAN,Fundings of start-ups,"By sector (energy, green, digital)",Energy and digital,Early stage,2014,235359.1094,USD,1
TWN,TAIWAN,Fundings of start-ups,"By sector (energy, green, digital)",Energy and digital,Early stage,2015,336563.5313,USD,1
TWN,TAIWAN,Fundings of start-ups,"By sector (energy, green, digital)",Energy and digital,Early stage,2019,478163.25,USD,2
TWN,TAIWAN,Probability to receive funding,"By sector (energy, green, digital)",Energy and digital,Early stage,2021,13.33333302,Percentage,45
TWN,TAIWAN,Fundings of start-ups,"By sector (energy, green, digital)",Energy and digital,Early stage,2021,5144927.5,USD,1
TWN,TAIWAN,Fundings of start-ups,"By sector (energy, green, digital)",Energy and digital,Early stage,2022,1.610502243,Years,45
TWN,TAIWAN,Fundings of start-ups,"By sector (energy, green, digital)",Energy and non-digital,Early stage,2011,61918604,USD,1
TWN,TAIWAN,Fundings of start-ups,"By sector (energy, green, digital)",Energy and non-digital,Early stage,2014,117679560,USD,1
TWN,TAIWAN,Fundings of start-ups,"By sector (energy, green, digital)",Energy and non-digital,Early stage,2015,35303868,USD,1
TWN,TAIWAN,Fundings of start-ups,"By sector (energy, green, digital)",Energy and non-digital,Early stage,2019,1358418.375,USD,1
TWN,TAIWAN,Fundings of start-ups,"By sector (energy, green, digital)",Energy and non-digital,Early stage,2020,21192424,USD,2
TWN,TAIWAN,Probability to receive funding,"By sector (energy, green, digital)",Energy and non-digital,Early stage,2021,7.407407284,Percentage,54
TWN,TAIWAN,Fundings of start-ups,"By sector (energy, green, digital)",Energy and non-digital,Early stage,2021,1028985.5,USD,1
TWN,TAIWAN,Fundings of start-ups,"By sector (energy, green, digital)",Energy and non-digital,Early stage,2022,1.849315047,Years,54
TWN,TAIWAN,Fundings of start-ups,"By sector (energy, green, digital)",Non-energy,Early stage,2000,16136364,USD,1
TWN,TAIWAN,Fundings of start-ups,"By sector (energy, green, digital)",Non-energy,Early stage,2004,55820688,USD,1
TWN,TAIWAN,Fundings of start-ups,"By sector (energy, green, digital)",Non-energy,Early stage,2006,13831169,USD,1
TWN,TAIWAN,Fundings of start-ups,"By sector (energy, green, digital)",Non-energy,Early stage,2008,52716956,USD,6
TWN,TAIWAN,Fundings of start-ups,"By sector (energy, green, digital)",Non-energy,Early stage,2009,3505363,USD,4
TWN,TAIWAN,Fundings of start-ups,"By sector (energy, green, digital)",Non-energy,Early stage,2010,28187426,USD,2
TWN,TAIWAN,Fundings of start-ups,"By sector (energy, green, digital)",Non-energy,Early stage,2011,26004144,USD,5
TWN,TAIWAN,Fundings of start-ups,"By sector (energy, green, digital)",Non-energy,Early stage,2012,21678138,USD,6
TWN,TAIWAN,Fundings of start-ups,"By sector (energy, green, digital)",Non-energy,Early stage,2013,54978868,USD,10
TWN,TAIWAN,Fundings of start-ups,"By sector (energy, green, digital)",Non-energy,Early stage,2014,195895312,USD,18
TWN,TAIWAN,Fundings of start-ups,"By sector (energy, green, digital)",Non-energy,Early stage,2015,110013880,USD,26
TWN,TAIWAN,Fundings of start-ups,"By sector (energy, green, digital)",Non-energy,Early stage,2016,175892784,USD,30
TWN,TAIWAN,Fundings of start-ups,"By sector (energy, green, digital)",Non-energy,Early stage,2017,102135896,USD,26
TWN,TAIWAN,Fundings of start-ups,"By sector (energy, green, digital)",Non-energy,Early stage,2018,107063840,USD,28
TWN,TAIWAN,Fundings of start-ups,"By sector (energy, green, digital)",Non-energy,Early stage,2019,122469048,USD,32
TWN,TAIWAN,Fundings of start-ups,"By sector (energy, green, digital)",Non-energy,Early stage,2020,121976928,USD,30
TWN,TAIWAN,Probability to receive funding,"By sector (energy, green, digital)",Non-energy,Early stage,2021,11.0245657,Percentage,1669
TWN,TAIWAN,Fundings of start-ups,"By sector (energy, green, digital)",Non-energy,Early stage,2021,161928944,USD,26
TWN,TAIWAN,Fundings of start-ups,"By sector (energy, green, digital)",Non-energy,Early stage,2022,162262704,USD,14
TWN,TAIWAN,Fundings of start-ups,"By sector (energy, green, digital)",Non-energy,Early stage,2022,2.138004303,Years,1676
TWN,TAIWAN,Fundings of start-ups,"By sector (energy, green, digital)",Energy,Later stage,2017,339893632,USD,1
TWN,TAIWAN,Probability to receive funding,"By sector (energy, green, digital)",Energy,Later stage,2021,2.020201921,Percentage,99
TWN,TAIWAN,Fundings of start-ups,"By sector (energy, green, digital)",Energy,Later stage,2022,10.12465763,Years,99
TWN,TAIWAN,Probability to receive funding,"By sector (energy, green, digital)",Energy and digital,Later stage,2021,0,Percentage,45
TWN,TAIWAN,Fundings of start-ups,"By sector (energy, green, digital)",Energy and non-digital,Later stage,2017,339893632,USD,1
TWN,TAIWAN,Probability to receive funding,"By sector (energy, green, digital)",Energy and non-digital,Later stage,2021,3.703703642,Percentage,54
TWN,TAIWAN,Fundings of start-ups,"By sector (energy, green, digital)",Energy and non-digital,Later stage,2022,10.12465763,Years,54
TWN,TAIWAN,Fundings of start-ups,"By sector (energy, green, digital)",Non-energy,Later stage,2009,48054880,USD,1
TWN,TAIWAN,Fundings of start-ups,"By sector (energy, green, digital)",Non-energy,Later stage,2011,15479651,USD,1
TWN,TAIWAN,Fundings of start-ups,"By sector (energy, green, digital)",Non-energy,Later stage,2013,13500027,USD,2
TWN,TAIWAN,Fundings of start-ups,"By sector (energy, green, digital)",Non-energy,Later stage,2014,780622.625,USD,1
TWN,TAIWAN,Fundings of start-ups,"By sector (energy, green, digital)",Non-energy,Later stage,2015,289543392,USD,3
TWN,TAIWAN,Fundings of start-ups,"By sector (energy, green, digital)",Non-energy,Later stage,2016,104184784,USD,2
TWN,TAIWAN,Fundings of start-ups,"By sector (energy, green, digital)",Non-energy,Later stage,2017,84582152,USD,3
TWN,TAIWAN,Fundings of start-ups,"By sector (energy, green, digital)",Non-energy,Later stage,2018,56578124,USD,3
TWN,TAIWAN,Fundings of start-ups,"By sector (energy, green, digital)",Non-energy,Later stage,2019,86938776,USD,1
TWN,TAIWAN,Fundings of start-ups,"By sector (energy, green, digital)",Non-energy,Later stage,2020,135916848,USD,5
TWN,TAIWAN,Fundings of start-ups,"By sector (energy, green, digital)",Non-energy,Later stage,2021,57690704,USD,7
TWN,TAIWAN,Probability to receive funding,"By sector (energy, green, digital)",Non-energy,Later stage,2021,2.336728573,Percentage,1669
TWN,TAIWAN,Fundings of start-ups,"By sector (energy, green, digital)",Non-energy,Later stage,2022,4.72293663,Years,1676
TWN,TAIWAN,Fundings of start-ups,"By sector (energy, green, digital)",Non-energy,Later stage,2022,32500000,USD,2
TWN,TAIWAN,Fundings of start-ups,By technology,Electric mobility,all,2011,20639534,USD,0.333333343
TWN,TAIWAN,Fundings of start-ups,By technology,Electric mobility,all,2014,39226520,USD,0.333333343
TWN,TAIWAN,Fundings of start-ups,By technology,Electric mobility,all,2015,11767956,USD,0.333333343
TWN,TAIWAN,Fundings of start-ups,By technology,Electric mobility,all,2017,113297872,USD,0.333333343
TWN,TAIWAN,Fundings of start-ups,By technology,Electric mobility,all,2019,1499693.875,USD,1.5
TWN,TAIWAN,Fundings of start-ups,By technology,Electric mobility,all,2020,10434848,USD,1
TWN,TAIWAN,Fundings of start-ups,By technology,Electric mobility,all,2022,210896192,USD,0.666666687
TWN,TAIWAN,Fundings of start-ups,By technology,Energy efficiency,all,2011,20639534,USD,0.333333343
TWN,TAIWAN,Fundings of start-ups,By technology,Energy efficiency,all,2014,39304972,USD,0.666666687
TWN,TAIWAN,Fundings of start-ups,By technology,Energy efficiency,all,2015,12104519,USD,1.333333373
TWN,TAIWAN,Fundings of start-ups,By technology,Energy efficiency,all,2017,113297872,USD,0.333333343
TWN,TAIWAN,Fundings of start-ups,By technology,Energy efficiency,all,2019,141275.5156,USD,0.5
TWN,TAIWAN,Fundings of start-ups,By technology,Energy efficiency,all,2022,210896192,USD,0.666666687
TWN,TAIWAN,Fundings of start-ups,By technology,Energy storage and batteries,all,2014,78453.03906,USD,0.333333343
TWN,TAIWAN,Fundings of start-ups,By technology,Other energy,all,2011,20639534,USD,0.333333343
TWN,TAIWAN,Fundings of start-ups,By technology,Other energy,all,2014,39304972,USD,0.666666687
TWN,TAIWAN,Fundings of start-ups,By technology,Other energy,all,2015,11767956,USD,0.333333343
TWN,TAIWAN,Fundings of start-ups,By technology,Other energy,all,2017,113297872,USD,0.333333343
TWN,TAIWAN,Fundings of start-ups,By technology,Other energy,all,2019,65204.08203,USD,0.333333343
TWN,TAIWAN,Fundings of start-ups,By technology,Other energy,all,2020,10757576,USD,1
TWN,TAIWAN,Fundings of start-ups,By technology,Other energy,all,2021,5659420.5,USD,1.5
TWN,TAIWAN,Fundings of start-ups,By technology,Other energy,all,2022,210896192,USD,0.666666687
TWN,TAIWAN,Fundings of start-ups,By technology,Other renewables,all,2019,130408.1641,USD,0.666666687
TWN,TAIWAN,Fundings of start-ups,By technology,Other renewables,all,2021,514492.75,USD,0.5
TWN,TAIWAN,Fundings of start-ups,By technology,Clean energy,Early stage,2011,61918604,USD,1
TWN,TAIWAN,Fundings of start-ups,By technology,Clean energy,Early stage,2014,117914920,USD,2
TWN,TAIWAN,Fundings of start-ups,By technology,Clean energy,Early stage,2015,35303868,USD,1
TWN,TAIWAN,Fundings of start-ups,By technology,Clean energy,Early stage,2019,1836581.625,USD,3
TWN,TAIWAN,Fundings of start-ups,By technology,Clean energy,Early stage,2020,10434848,USD,1
TWN,TAIWAN,Fundings of start-ups,By technology,Clean energy,Early stage,2021,1028985.5,USD,1
TWN,TAIWAN,Probability to receive funding,By technology,Clean energy,Early stage,2021,12.5,Percentage,48
TWN,TAIWAN,Fundings of start-ups,By technology,Clean energy,Early stage,2022,0.519178092,Years,48
TWN,TAIWAN,Probability to receive funding,By technology,Electric mobility,Early stage,2015,7.692307472,Percentage,4.333333492
TWN,TAIWAN,Probability to receive funding,By technology,Electric mobility,Early stage,2016,15.625,Percentage,5.333333492
TWN,TAIWAN,Probability to receive funding,By technology,Electric mobility,Early stage,2017,14.28571415,Percentage,5.833333492
TWN,TAIWAN,Probability to receive funding,By technology,Electric mobility,Early stage,2018,10,Percentage,8.333333015
TWN,TAIWAN,Probability to receive funding,By technology,Electric mobility,Early stage,2019,14.8648653,Percentage,12.33333302
TWN,TAIWAN,Probability to receive funding,By technology,Electric mobility,Early stage,2020,14.8648653,Percentage,12.33333302
TWN,TAIWAN,Probability to receive funding,By technology,Electric mobility,Early stage,2021,14.8648653,Percentage,12.33333302
TWN,TAIWAN,Fundings of start-ups,By technology,Electric mobility,Early stage,2022,0.857036114,Years,12.33333302
TWN,TAIWAN,Probability to receive funding,By technology,Energy efficiency,Early stage,2015,11.36363602,Percentage,14.66666698
TWN,TAIWAN,Probability to receive funding,By technology,Energy efficiency,Early stage,2016,11.30434799,Percentage,19.16666603
TWN,TAIWAN,Probability to receive funding,By technology,Energy efficiency,Early stage,2017,8.125,Percentage,26.66666603
TWN,TAIWAN,Probability to receive funding,By technology,Energy efficiency,Early stage,2018,7.738095284,Percentage,28
TWN,TAIWAN,Probability to receive funding,By technology,Energy efficiency,Early stage,2019,6.770833492,Percentage,32
TWN,TAIWAN,Probability to receive funding,By technology,Energy efficiency,Early stage,2020,6.565656662,Percentage,33
TWN,TAIWAN,Probability to receive funding,By technology,Energy efficiency,Early stage,2021,6.565656662,Percentage,33
TWN,TAIWAN,Fundings of start-ups,By technology,Energy efficiency,Early stage,2022,0.750474155,Years,33
TWN,TAIWAN,Probability to receive funding,By technology,Energy storage and batteries,Early stage,2015,8.333333015,Percentage,4
TWN,TAIWAN,Probability to receive funding,By technology,Energy storage and batteries,Early stage,2016,8.333333015,Percentage,4
TWN,TAIWAN,Probability to receive funding,By technology,Energy storage and batteries,Early stage,2017,8.333333015,Percentage,4
TWN,TAIWAN,Probability to receive funding,By technology,Energy storage and batteries,Early stage,2018,26.66666603,Percentage,5
TWN,TAIWAN,Probability to receive funding,By technology,Energy storage and batteries,Early stage,2019,22.22222137,Percentage,6
TWN,TAIWAN,Probability to receive funding,By technology,Energy storage and batteries,Early stage,2020,22.22222137,Percentage,6
TWN,TAIWAN,Probability to receive funding,By technology,Energy storage and batteries,Early stage,2021,22.22222137,Percentage,6
TWN,TAIWAN,Fundings of start-ups,By technology,Energy storage and batteries,Early stage,2022,1.167123318,Years,6
TWN,TAIWAN,Probability to receive funding,By technology,Fossil fuels,Early stage,2015,0,Percentage,3.200000048
TWN,TAIWAN,Probability to receive funding,By technology,Fossil fuels,Early stage,2016,0,Percentage,3.200000048
TWN,TAIWAN,Probability to receive funding,By technology,Fossil fuels,Early stage,2017,0,Percentage,3.200000048
TWN,TAIWAN,Probability to receive funding,By technology,Fossil fuels,Early stage,2018,0,Percentage,3.200000048
TWN,TAIWAN,Probability to receive funding,By technology,Fossil fuels,Early stage,2019,0,Percentage,4.199999809
TWN,TAIWAN,Probability to receive funding,By technology,Fossil fuels,Early stage,2020,0,Percentage,4.199999809
TWN,TAIWAN,Probability to receive funding,By technology,Fossil fuels,Early stage,2021,0,Percentage,4.199999809
TWN,TAIWAN,Probability to receive funding,By technology,Grid,Early stage,2015,0,Percentage,1.5
TWN,TAIWAN,Probability to receive funding,By technology,Grid,Early stage,2016,0,Percentage,1.5
TWN,TAIWAN,Probability to receive funding,By technology,Grid,Early stage,2017,0,Percentage,1.5
TWN,TAIWAN,Probability to receive funding,By technology,Grid,Early stage,2018,0,Percentage,1.5
TWN,TAIWAN,Probability to receive funding,By technology,Grid,Early stage,2019,0,Percentage,1.5
TWN,TAIWAN,Probability to receive funding,By technology,Grid,Early stage,2020,0,Percentage,1.5
TWN,TAIWAN,Probability to receive funding,By technology,Grid,Early stage,2021,0,Percentage,1.5
TWN,TAIWAN,Fundings of start-ups,By technology,Non-clean energy,Early stage,2015,336563.5313,USD,1
TWN,TAIWAN,Fundings of start-ups,By technology,Non-clean energy,Early stage,2020,10757576,USD,1
TWN,TAIWAN,Fundings of start-ups,By technology,Non-clean energy,Early stage,2021,5144927.5,USD,1
TWN,TAIWAN,Probability to receive funding,By technology,Non-clean energy,Early stage,2021,7.843137264,Percentage,51
TWN,TAIWAN,Fundings of start-ups,By technology,Non-clean energy,Early stage,2022,3.486301422,Years,51
TWN,TAIWAN,Probability to receive funding,By technology,Other energy,Early stage,2015,21.18644142,Percentage,7.866666794
TWN,TAIWAN,Probability to receive funding,By technology,Other energy,Early stage,2016,27.02702713,Percentage,9.866666794
TWN,TAIWAN,Probability to receive funding,By technology,Other energy,Early stage,2017,24.53987694,Percentage,10.86666679
TWN,TAIWAN,Probability to receive funding,By technology,Other energy,Early stage,2018,19.95012474,Percentage,13.36666679
TWN,TAIWAN,Probability to receive funding,By technology,Other energy,Early stage,2019,21.12676048,Percentage,14.19999981
TWN,TAIWAN,Probability to receive funding,By technology,Other energy,Early stage,2020,19.3133049,Percentage,15.53333378
TWN,TAIWAN,Probability to receive funding,By technology,Other energy,Early stage,2021,21.82952118,Percentage,16.03333282
TWN,TAIWAN,Fundings of start-ups,By technology,Other energy,Early stage,2022,3.487540722,Years,16.03333282
TWN,TAIWAN,Probability to receive funding,By technology,Other renewables,Early stage,2015,0,Percentage,7.533333302
TWN,TAIWAN,Probability to receive funding,By technology,Other renewables,Early stage,2016,0,Percentage,8.533333778
TWN,TAIWAN,Probability to receive funding,By technology,Other renewables,Early stage,2017,0,Percentage,8.533333778
TWN,TAIWAN,Probability to receive funding,By technology,Other renewables,Early stage,2018,0,Percentage,8.866666794
TWN,TAIWAN,Probability to receive funding,By technology,Other renewables,Early stage,2019,6.644518375,Percentage,10.03333378
TWN,TAIWAN,Probability to receive funding,By technology,Other renewables,Early stage,2020,6.430868149,Percentage,10.36666679
TWN,TAIWAN,Probability to receive funding,By technology,Other renewables,Early stage,2021,10.73619652,Percentage,10.86666679
TWN,TAIWAN,Probability to receive funding,By technology,Solar,Early stage,2015,0,Percentage,4.699999809
TWN,TAIWAN,Probability to receive funding,By technology,Solar,Early stage,2016,0,Percentage,5.199999809
TWN,TAIWAN,Probability to receive funding,By technology,Solar,Early stage,2017,0,Percentage,5.199999809
TWN,TAIWAN,Probability to receive funding,By technology,Solar,Early stage,2018,0,Percentage,5.533333302
TWN,TAIWAN,Probability to receive funding,By technology,Solar,Early stage,2019,0,Percentage,5.533333302
TWN,TAIWAN,Probability to receive funding,By technology,Solar,Early stage,2020,0,Percentage,6.866666794
TWN,TAIWAN,Probability to receive funding,By technology,Solar,Early stage,2021,0,Percentage,6.866666794
TWN,TAIWAN,Probability to receive funding,By technology,Wind,Early stage,2015,0,Percentage,1.200000048
TWN,TAIWAN,Probability to receive funding,By technology,Wind,Early stage,2016,0,Percentage,1.200000048
TWN,TAIWAN,Probability to receive funding,By technology,Wind,Early stage,2017,0,Percentage,1.200000048
TWN,TAIWAN,Probability to receive funding,By technology,Wind,Early stage,2018,0,Percentage,1.200000048
TWN,TAIWAN,Probability to receive funding,By technology,Wind,Early stage,2019,0,Percentage,1.200000048
TWN,TAIWAN,Probability to receive funding,By technology,Wind,Early stage,2020,0,Percentage,1.200000048
TWN,TAIWAN,Probability to receive funding,By technology,Wind,Early stage,2021,0,Percentage,1.200000048
TWN,TAIWAN,Fundings of start-ups,By technology,Clean energy,Later stage,2017,339893632,USD,1
TWN,TAIWAN,Probability to receive funding,By technology,Clean energy,Later stage,2021,2.083333254,Percentage,48
TWN,TAIWAN,Fundings of start-ups,By technology,Clean energy,Later stage,2022,6.723287582,Years,48
TWN,TAIWAN,Probability to receive funding,By technology,Electric mobility,Later stage,2015,7.692307472,Percentage,4.333333492
TWN,TAIWAN,Probability to receive funding,By technology,Electric mobility,Later stage,2016,6.25,Percentage,5.333333492
TWN,TAIWAN,Probability to receive funding,By technology,Electric mobility,Later stage,2017,5.714285851,Percentage,5.833333492
TWN,TAIWAN,Probability to receive funding,By technology,Electric mobility,Later stage,2018,4,Percentage,8.333333015
TWN,TAIWAN,Probability to receive funding,By technology,Electric mobility,Later stage,2019,2.702702761,Percentage,12.33333302
TWN,TAIWAN,Probability to receive funding,By technology,Electric mobility,Later stage,2020,2.702702761,Percentage,12.33333302
TWN,TAIWAN,Probability to receive funding,By technology,Electric mobility,Later stage,2021,2.702702761,Percentage,12.33333302
TWN,TAIWAN,Fundings of start-ups,By technology,Electric mobility,Later stage,2022,6.723287582,Years,12.33333302
TWN,TAIWAN,Probability to receive funding,By technology,Energy efficiency,Later stage,2015,2.272727251,Percentage,14.66666698
TWN,TAIWAN,Probability to receive funding,By technology,Energy efficiency,Later stage,2016,1.739130378,Percentage,19.16666603
TWN,TAIWAN,Probability to receive funding,By technology,Energy efficiency,Later stage,2017,1.25,Percentage,26.66666603
TWN,TAIWAN,Probability to receive funding,By technology,Energy efficiency,Later stage,2018,1.190476179,Percentage,28
TWN,TAIWAN,Probability to receive funding,By technology,Energy efficiency,Later stage,2019,1.041666627,Percentage,32
TWN,TAIWAN,Probability to receive funding,By technology,Energy efficiency,Later stage,2020,1.010100961,Percentage,33
TWN,TAIWAN,Probability to receive funding,By technology,Energy efficiency,Later stage,2021,1.010100961,Percentage,33
TWN,TAIWAN,Fundings of start-ups,By technology,Energy efficiency,Later stage,2022,6.723287582,Years,33
TWN,TAIWAN,Probability to receive funding,By technology,Energy storage and batteries,Later stage,2015,25,Percentage,4
TWN,TAIWAN,Probability to receive funding,By technology,Energy storage and batteries,Later stage,2016,25,Percentage,4
TWN,TAIWAN,Probability to receive funding,By technology,Energy storage and batteries,Later stage,2017,25,Percentage,4
TWN,TAIWAN,Probability to receive funding,By technology,Energy storage and batteries,Later stage,2018,20,Percentage,5
TWN,TAIWAN,Probability to receive funding,By technology,Energy storage and batteries,Later stage,2019,16.66666603,Percentage,6
TWN,TAIWAN,Probability to receive funding,By technology,Energy storage and batteries,Later stage,2020,16.66666603,Percentage,6
TWN,TAIWAN,Probability to receive funding,By technology,Energy storage and batteries,Later stage,2021,16.66666603,Percentage,6
TWN,TAIWAN,Fundings of start-ups,By technology,Energy storage and batteries,Later stage,2022,13.52602768,Years,6
TWN,TAIWAN,Probability to receive funding,By technology,Fossil fuels,Later stage,2015,0,Percentage,3.200000048
TWN,TAIWAN,Probability to receive funding,By technology,Fossil fuels,Later stage,2016,0,Percentage,3.200000048
TWN,TAIWAN,Probability to receive funding,By technology,Fossil fuels,Later stage,2017,0,Percentage,3.200000048
TWN,TAIWAN,Probability to receive funding,By technology,Fossil fuels,Later stage,2018,0,Percentage,3.200000048
TWN,TAIWAN,Probability to receive funding,By technology,Fossil fuels,Later stage,2019,0,Percentage,4.199999809
TWN,TAIWAN,Probability to receive funding,By technology,Fossil fuels,Later stage,2020,0,Percentage,4.199999809
TWN,TAIWAN,Probability to receive funding,By technology,Fossil fuels,Later stage,2021,0,Percentage,4.199999809
TWN,TAIWAN,Probability to receive funding,By technology,Grid,Later stage,2015,0,Percentage,1.5
TWN,TAIWAN,Probability to receive funding,By technology,Grid,Later stage,2016,0,Percentage,1.5
TWN,TAIWAN,Probability to receive funding,By technology,Grid,Later stage,2017,0,Percentage,1.5
TWN,TAIWAN,Probability to receive funding,By technology,Grid,Later stage,2018,0,Percentage,1.5
TWN,TAIWAN,Probability to receive funding,By technology,Grid,Later stage,2019,0,Percentage,1.5
TWN,TAIWAN,Probability to receive funding,By technology,Grid,Later stage,2020,0,Percentage,1.5
TWN,TAIWAN,Probability to receive funding,By technology,Grid,Later stage,2021,0,Percentage,1.5
TWN,TAIWAN,Probability to receive funding,By technology,Non-clean energy,Later stage,2021,1.960784316,Percentage,51
TWN,TAIWAN,Fundings of start-ups,By technology,Non-clean energy,Later stage,2022,13.52602768,Years,51
TWN,TAIWAN,Probability to receive funding,By technology,Other energy,Later stage,2015,4.237287998,Percentage,7.866666794
TWN,TAIWAN,Probability to receive funding,By technology,Other energy,Later stage,2016,3.378378391,Percentage,9.866666794
TWN,TAIWAN,Probability to receive funding,By technology,Other energy,Later stage,2017,3.067484617,Percentage,10.86666679
TWN,TAIWAN,Probability to receive funding,By technology,Other energy,Later stage,2018,2.493765593,Percentage,13.36666679
TWN,TAIWAN,Probability to receive funding,By technology,Other energy,Later stage,2019,2.347417831,Percentage,14.19999981
TWN,TAIWAN,Probability to receive funding,By technology,Other energy,Later stage,2020,2.145922661,Percentage,15.53333378
TWN,TAIWAN,Probability to receive funding,By technology,Other energy,Later stage,2021,2.079002142,Percentage,16.03333282
TWN,TAIWAN,Fundings of start-ups,By technology,Other energy,Later stage,2022,6.723287582,Years,16.03333282
TWN,TAIWAN,Probability to receive funding,By technology,Other renewables,Later stage,2015,0,Percentage,7.533333302
TWN,TAIWAN,Probability to receive funding,By technology,Other renewables,Later stage,2016,0,Percentage,8.533333778
TWN,TAIWAN,Probability to receive funding,By technology,Other renewables,Later stage,2017,0,Percentage,8.533333778
TWN,TAIWAN,Probability to receive funding,By technology,Other renewables,Later stage,2018,0,Percentage,8.866666794
TWN,TAIWAN,Probability to receive funding,By technology,Other renewables,Later stage,2019,0,Percentage,10.03333378
TWN,TAIWAN,Probability to receive funding,By technology,Other renewables,Later stage,2020,0,Percentage,10.36666679
TWN,TAIWAN,Probability to receive funding,By technology,Other renewables,Later stage,2021,0,Percentage,10.86666679
TWN,TAIWAN,Probability to receive funding,By technology,Solar,Later stage,2015,0,Percentage,4.699999809
TWN,TAIWAN,Probability to receive funding,By technology,Solar,Later stage,2016,0,Percentage,5.199999809
TWN,TAIWAN,Probability to receive funding,By technology,Solar,Later stage,2017,0,Percentage,5.199999809
TWN,TAIWAN,Probability to receive funding,By technology,Solar,Later stage,2018,0,Percentage,5.533333302
TWN,TAIWAN,Probability to receive funding,By technology,Solar,Later stage,2019,0,Percentage,5.533333302
TWN,TAIWAN,Probability to receive funding,By technology,Solar,Later stage,2020,0,Percentage,6.866666794
TWN,TAIWAN,Probability to receive funding,By technology,Solar,Later stage,2021,0,Percentage,6.866666794
TWN,TAIWAN,Probability to receive funding,By technology,Wind,Later stage,2015,0,Percentage,1.200000048
TWN,TAIWAN,Probability to receive funding,By technology,Wind,Later stage,2016,0,Percentage,1.200000048
TWN,TAIWAN,Probability to receive funding,By technology,Wind,Later stage,2017,0,Percentage,1.200000048
TWN,TAIWAN,Probability to receive funding,By technology,Wind,Later stage,2018,0,Percentage,1.200000048
TWN,TAIWAN,Probability to receive funding,By technology,Wind,Later stage,2019,0,Percentage,1.200000048
TWN,TAIWAN,Probability to receive funding,By technology,Wind,Later stage,2020,0,Percentage,1.200000048
TWN,TAIWAN,Probability to receive funding,By technology,Wind,Later stage,2021,0,Percentage,1.200000048
TJK,TAJIKISTAN,Probability to receive funding,"By sector (energy, green, digital)",Non-energy,Early stage,2021,0,Percentage,9
TJK,TAJIKISTAN,Probability to receive funding,"By sector (energy, green, digital)",Non-energy,Later stage,2021,11.11111069,Percentage,9
TJK,TAJIKISTAN,Fundings of start-ups,"By sector (energy, green, digital)",Non-energy,Later stage,2022,7.682191849,Years,9
THA,THAILAND,Fundings of start-ups,"By sector (energy, green, digital)",Energy,Early stage,2017,283244.6875,USD,1
THA,THAILAND,Fundings of start-ups,"By sector (energy, green, digital)",Energy,Early stage,2018,72109.375,USD,1
THA,THAILAND,Probability to receive funding,"By sector (energy, green, digital)",Energy,Early stage,2021,2.777777672,Percentage,36
THA,THAILAND,Fundings of start-ups,"By sector (energy, green, digital)",Energy,Early stage,2022,0.169863015,Years,36
THA,THAILAND,Fundings of start-ups,"By sector (energy, green, digital)",Energy and digital,Early stage,2017,283244.6875,USD,1
THA,THAILAND,Fundings of start-ups,"By sector (energy, green, digital)",Energy and digital,Early stage,2018,72109.375,USD,1
THA,THAILAND,Probability to receive funding,"By sector (energy, green, digital)",Energy and digital,Early stage,2021,7.692307472,Percentage,13
THA,THAILAND,Fundings of start-ups,"By sector (energy, green, digital)",Energy and digital,Early stage,2022,0.169863015,Years,13
THA,THAILAND,Probability to receive funding,"By sector (energy, green, digital)",Energy and non-digital,Early stage,2021,0,Percentage,23
THA,THAILAND,Fundings of start-ups,"By sector (energy, green, digital)",Non-energy,Early stage,2000,8068182,USD,1
THA,THAILAND,Fundings of start-ups,"By sector (energy, green, digital)",Non-energy,Early stage,2006,2392792.25,USD,1
THA,THAILAND,Fundings of start-ups,"By sector (energy, green, digital)",Non-energy,Early stage,2009,649390.25,USD,1
THA,THAILAND,Fundings of start-ups,"By sector (energy, green, digital)",Non-energy,Early stage,2010,2742215.5,USD,2
THA,THAILAND,Fundings of start-ups,"By sector (energy, green, digital)",Non-energy,Early stage,2011,1052616.25,USD,2
THA,THAILAND,Fundings of start-ups,"By sector (energy, green, digital)",Non-energy,Early stage,2012,3900562.5,USD,4
THA,THAILAND,Fundings of start-ups,"By sector (energy, green, digital)",Non-energy,Early stage,2013,4872614.5,USD,10
THA,THAILAND,Fundings of start-ups,"By sector (energy, green, digital)",Non-energy,Early stage,2014,39625912,USD,15
THA,THAILAND,Fundings of start-ups,"By sector (energy, green, digital)",Non-energy,Early stage,2015,20442302,USD,19
THA,THAILAND,Fundings of start-ups,"By sector (energy, green, digital)",Non-energy,Early stage,2016,41407800,USD,26
THA,THAILAND,Fundings of start-ups,"By sector (energy, green, digital)",Non-energy,Early stage,2017,149470448,USD,24
THA,THAILAND,Fundings of start-ups,"By sector (energy, green, digital)",Non-energy,Early stage,2018,63475948,USD,24
THA,THAILAND,Fundings of start-ups,"By sector (energy, green, digital)",Non-energy,Early stage,2019,50104168,USD,23
THA,THAILAND,Fundings of start-ups,"By sector (energy, green, digital)",Non-energy,Early stage,2020,236189504,USD,18
THA,THAILAND,Fundings of start-ups,"By sector (energy, green, digital)",Non-energy,Early stage,2021,166321696,USD,22
THA,THAILAND,Probability to receive funding,"By sector (energy, green, digital)",Non-energy,Early stage,2021,10.88957024,Percentage,1304
THA,THAILAND,Fundings of start-ups,"By sector (energy, green, digital)",Non-energy,Early stage,2022,364671840,USD,18
THA,THAILAND,Fundings of start-ups,"By sector (energy, green, digital)",Non-energy,Early stage,2022,2.473776817,Years,1310
THA,THAILAND,Probability to receive funding,"By sector (energy, green, digital)",Energy,Later stage,2021,0,Percentage,36
THA,THAILAND,Probability to receive funding,"By sector (energy, green, digital)",Energy and digital,Later stage,2021,0,Percentage,13
THA,THAILAND,Probability to receive funding,"By sector (energy, green, digital)",Energy and non-digital,Later stage,2021,0,Percentage,23
THA,THAILAND,Fundings of start-ups,"By sector (energy, green, digital)",Non-energy,Later stage,2013,3709550.5,USD,1
THA,THAILAND,Fundings of start-ups,"By sector (energy, green, digital)",Non-energy,Later stage,2014,294198.9063,USD,1
THA,THAILAND,Fundings of start-ups,"By sector (energy, green, digital)",Non-energy,Later stage,2015,57309944,USD,4
THA,THAILAND,Fundings of start-ups,"By sector (energy, green, digital)",Non-energy,Later stage,2016,11621392,USD,2
THA,THAILAND,Fundings of start-ups,"By sector (energy, green, digital)",Non-energy,Later stage,2019,67486536,USD,4
THA,THAILAND,Fundings of start-ups,"By sector (energy, green, digital)",Non-energy,Later stage,2020,16136364,USD,1
THA,THAILAND,Fundings of start-ups,"By sector (energy, green, digital)",Non-energy,Later stage,2021,49391304,USD,1
THA,THAILAND,Probability to receive funding,"By sector (energy, green, digital)",Non-energy,Later stage,2021,2.070552111,Percentage,1304
THA,THAILAND,Fundings of start-ups,"By sector (energy, green, digital)",Non-energy,Later stage,2022,87600000,USD,4
THA,THAILAND,Fundings of start-ups,"By sector (energy, green, digital)",Non-energy,Later stage,2022,4.511009693,Years,1310
THA,THAILAND,Fundings of start-ups,By technology,Grid,all,2017,188829.7813,USD,0.666666687
THA,THAILAND,Fundings of start-ups,By technology,Grid,all,2018,48072.91797,USD,0.666666687
THA,THAILAND,Fundings of start-ups,By technology,Other energy,all,2017,94414.89063,USD,0.333333343
THA,THAILAND,Fundings of start-ups,By technology,Other energy,all,2018,24036.45898,USD,0.333333343
THA,THAILAND,Probability to receive funding,By technology,Bioenergy,Early stage,2015,0,Percentage,1.75
THA,THAILAND,Probability to receive funding,By technology,Bioenergy,Early stage,2016,0,Percentage,1.75
THA,THAILAND,Probability to receive funding,By technology,Bioenergy,Early stage,2017,0,Percentage,1.75
THA,THAILAND,Probability to receive funding,By technology,Bioenergy,Early stage,2018,0,Percentage,1.75
THA,THAILAND,Probability to receive funding,By technology,Bioenergy,Early stage,2019,0,Percentage,1.75
THA,THAILAND,Probability to receive funding,By technology,Bioenergy,Early stage,2020,0,Percentage,1.75
THA,THAILAND,Probability to receive funding,By technology,Bioenergy,Early stage,2021,0,Percentage,1.75
THA,THAILAND,Probability to receive funding,By technology,Clean energy,Early stage,2021,0,Percentage,20
THA,THAILAND,Probability to receive funding,By technology,Electric mobility,Early stage,2015,0,Percentage,0.25
THA,THAILAND,Probability to receive funding,By technology,Electric mobility,Early stage,2016,0,Percentage,0.25
THA,THAILAND,Probability to receive funding,By technology,Electric mobility,Early stage,2017,0,Percentage,0.583333313
THA,THAILAND,Probability to receive funding,By technology,Electric mobility,Early stage,2018,0,Percentage,1.583333373
THA,THAILAND,Probability to receive funding,By technology,Electric mobility,Early stage,2019,0,Percentage,1.583333373
THA,THAILAND,Probability to receive funding,By technology,Electric mobility,Early stage,2020,0,Percentage,1.583333373
THA,THAILAND,Probability to receive funding,By technology,Electric mobility,Early stage,2021,0,Percentage,1.583333373
THA,THAILAND,Probability to receive funding,By technology,Energy efficiency,Early stage,2015,0,Percentage,2.583333254
THA,THAILAND,Probability to receive funding,By technology,Energy efficiency,Early stage,2016,0,Percentage,3.583333254
THA,THAILAND,Probability to receive funding,By technology,Energy efficiency,Early stage,2017,0,Percentage,4.583333492
THA,THAILAND,Probability to receive funding,By technology,Energy efficiency,Early stage,2018,0,Percentage,4.583333492
THA,THAILAND,Probability to receive funding,By technology,Energy efficiency,Early stage,2019,0,Percentage,4.583333492
THA,THAILAND,Probability to receive funding,By technology,Energy efficiency,Early stage,2020,0,Percentage,5.583333492
THA,THAILAND,Probability to receive funding,By technology,Energy efficiency,Early stage,2021,0,Percentage,5.583333492
THA,THAILAND,Probability to receive funding,By technology,Energy storage and batteries,Early stage,2017,0,Percentage,0.333333343
THA,THAILAND,Probability to receive funding,By technology,Energy storage and batteries,Early stage,2018,0,Percentage,0.333333343
THA,THAILAND,Probability to receive funding,By technology,Energy storage and batteries,Early stage,2019,0,Percentage,0.333333343
THA,THAILAND,Probability to receive funding,By technology,Energy storage and batteries,Early stage,2020,0,Percentage,0.333333343
THA,THAILAND,Probability to receive funding,By technology,Energy storage and batteries,Early stage,2021,0,Percentage,0.333333343
THA,THAILAND,Probability to receive funding,By technology,Fossil fuels,Early stage,2015,0,Percentage,4.333333492
THA,THAILAND,Probability to receive funding,By technology,Fossil fuels,Early stage,2016,0,Percentage,4.333333492
THA,THAILAND,Probability to receive funding,By technology,Fossil fuels,Early stage,2017,0,Percentage,4.333333492
THA,THAILAND,Probability to receive funding,By technology,Fossil fuels,Early stage,2018,0,Percentage,4.333333492
THA,THAILAND,Probability to receive funding,By technology,Fossil fuels,Early stage,2019,0,Percentage,4.333333492
THA,THAILAND,Probability to receive funding,By technology,Fossil fuels,Early stage,2020,0,Percentage,4.333333492
THA,THAILAND,Probability to receive funding,By technology,Fossil fuels,Early stage,2021,0,Percentage,4.333333492
THA,THAILAND,Probability to receive funding,By technology,Grid,Early stage,2015,0,Percentage,2.333333254
THA,THAILAND,Probability to receive funding,By technology,Grid,Early stage,2016,0,Percentage,2.333333254
THA,THAILAND,Probability to receive funding,By technology,Grid,Early stage,2017,22.22222137,Percentage,3
THA,THAILAND,Probability to receive funding,By technology,Grid,Early stage,2018,22.22222137,Percentage,3
THA,THAILAND,Probability to receive funding,By technology,Grid,Early stage,2019,22.22222137,Percentage,3
THA,THAILAND,Probability to receive funding,By technology,Grid,Early stage,2020,22.22222137,Percentage,3
THA,THAILAND,Probability to receive funding,By technology,Grid,Early stage,2021,22.22222137,Percentage,3
THA,THAILAND,Fundings of start-ups,By technology,Non-clean energy,Early stage,2017,283244.6875,USD,1
THA,THAILAND,Fundings of start-ups,By technology,Non-clean energy,Early stage,2018,72109.375,USD,1
THA,THAILAND,Probability to receive funding,By technology,Non-clean energy,Early stage,2021,6.25,Percentage,16
THA,THAILAND,Fundings of start-ups,By technology,Non-clean energy,Early stage,2022,0.169863015,Years,16
THA,THAILAND,Probability to receive funding,By technology,Other energy,Early stage,2015,0,Percentage,7.833333492
THA,THAILAND,Probability to receive funding,By technology,Other energy,Early stage,2016,0,Percentage,7.833333492
THA,THAILAND,Probability to receive funding,By technology,Other energy,Early stage,2017,4.081632614,Percentage,8.166666985
THA,THAILAND,Probability to receive funding,By technology,Other energy,Early stage,2018,4.081632614,Percentage,8.166666985
THA,THAILAND,Probability to receive funding,By technology,Other energy,Early stage,2019,3.636363745,Percentage,9.166666985
THA,THAILAND,Probability to receive funding,By technology,Other energy,Early stage,2020,3.636363745,Percentage,9.166666985
THA,THAILAND,Probability to receive funding,By technology,Other energy,Early stage,2021,3.636363745,Percentage,9.166666985
THA,THAILAND,Probability to receive funding,By technology,Other renewables,Early stage,2015,0,Percentage,6
THA,THAILAND,Probability to receive funding,By technology,Other renewables,Early stage,2016,0,Percentage,6
THA,THAILAND,Probability to receive funding,By technology,Other renewables,Early stage,2017,0,Percentage,6.333333492
THA,THAILAND,Probability to receive funding,By technology,Other renewables,Early stage,2018,0,Percentage,6.333333492
THA,THAILAND,Probability to receive funding,By technology,Other renewables,Early stage,2019,0,Percentage,6.333333492
THA,THAILAND,Probability to receive funding,By technology,Other renewables,Early stage,2020,0,Percentage,6.333333492
THA,THAILAND,Probability to receive funding,By technology,Other renewables,Early stage,2021,0,Percentage,6.333333492
THA,THAILAND,Probability to receive funding,By technology,Solar,Early stage,2015,0,Percentage,2.916666746
THA,THAILAND,Probability to receive funding,By technology,Solar,Early stage,2016,0,Percentage,2.916666746
THA,THAILAND,Probability to receive funding,By technology,Solar,Early stage,2017,0,Percentage,2.916666746
THA,THAILAND,Probability to receive funding,By technology,Solar,Early stage,2018,0,Percentage,2.916666746
THA,THAILAND,Probability to receive funding,By technology,Solar,Early stage,2019,0,Percentage,2.916666746
THA,THAILAND,Probability to receive funding,By technology,Solar,Early stage,2020,0,Percentage,2.916666746
THA,THAILAND,Probability to receive funding,By technology,Solar,Early stage,2021,0,Percentage,2.916666746
THA,THAILAND,Probability to receive funding,By technology,Bioenergy,Later stage,2015,0,Percentage,1.75
THA,THAILAND,Probability to receive funding,By technology,Bioenergy,Later stage,2016,0,Percentage,1.75
THA,THAILAND,Probability to receive funding,By technology,Bioenergy,Later stage,2017,0,Percentage,1.75
THA,THAILAND,Probability to receive funding,By technology,Bioenergy,Later stage,2018,0,Percentage,1.75
THA,THAILAND,Probability to receive funding,By technology,Bioenergy,Later stage,2019,0,Percentage,1.75
THA,THAILAND,Probability to receive funding,By technology,Bioenergy,Later stage,2020,0,Percentage,1.75
THA,THAILAND,Probability to receive funding,By technology,Bioenergy,Later stage,2021,0,Percentage,1.75
THA,THAILAND,Probability to receive funding,By technology,Clean energy,Later stage,2021,0,Percentage,20
THA,THAILAND,Probability to receive funding,By technology,Electric mobility,Later stage,2015,0,Percentage,0.25
THA,THAILAND,Probability to receive funding,By technology,Electric mobility,Later stage,2016,0,Percentage,0.25
THA,THAILAND,Probability to receive funding,By technology,Electric mobility,Later stage,2017,0,Percentage,0.583333313
THA,THAILAND,Probability to receive funding,By technology,Electric mobility,Later stage,2018,0,Percentage,1.583333373
THA,THAILAND,Probability to receive funding,By technology,Electric mobility,Later stage,2019,0,Percentage,1.583333373
THA,THAILAND,Probability to receive funding,By technology,Electric mobility,Later stage,2020,0,Percentage,1.583333373
THA,THAILAND,Probability to receive funding,By technology,Electric mobility,Later stage,2021,0,Percentage,1.583333373
THA,THAILAND,Probability to receive funding,By technology,Energy efficiency,Later stage,2015,0,Percentage,2.583333254
THA,THAILAND,Probability to receive funding,By technology,Energy efficiency,Later stage,2016,0,Percentage,3.583333254
THA,THAILAND,Probability to receive funding,By technology,Energy efficiency,Later stage,2017,0,Percentage,4.583333492
THA,THAILAND,Probability to receive funding,By technology,Energy efficiency,Later stage,2018,0,Percentage,4.583333492
THA,THAILAND,Probability to receive funding,By technology,Energy efficiency,Later stage,2019,0,Percentage,4.583333492
THA,THAILAND,Probability to receive funding,By technology,Energy efficiency,Later stage,2020,0,Percentage,5.583333492
THA,THAILAND,Probability to receive funding,By technology,Energy efficiency,Later stage,2021,0,Percentage,5.583333492
THA,THAILAND,Probability to receive funding,By technology,Energy storage and batteries,Later stage,2017,0,Percentage,0.333333343
THA,THAILAND,Probability to receive funding,By technology,Energy storage and batteries,Later stage,2018,0,Percentage,0.333333343
THA,THAILAND,Probability to receive funding,By technology,Energy storage and batteries,Later stage,2019,0,Percentage,0.333333343
THA,THAILAND,Probability to receive funding,By technology,Energy storage and batteries,Later stage,2020,0,Percentage,0.333333343
THA,THAILAND,Probability to receive funding,By technology,Energy storage and batteries,Later stage,2021,0,Percentage,0.333333343
THA,THAILAND,Probability to receive funding,By technology,Fossil fuels,Later stage,2015,0,Percentage,4.333333492
THA,THAILAND,Probability to receive funding,By technology,Fossil fuels,Later stage,2016,0,Percentage,4.333333492
THA,THAILAND,Probability to receive funding,By technology,Fossil fuels,Later stage,2017,0,Percentage,4.333333492
THA,THAILAND,Probability to receive funding,By technology,Fossil fuels,Later stage,2018,0,Percentage,4.333333492
THA,THAILAND,Probability to receive funding,By technology,Fossil fuels,Later stage,2019,0,Percentage,4.333333492
THA,THAILAND,Probability to receive funding,By technology,Fossil fuels,Later stage,2020,0,Percentage,4.333333492
THA,THAILAND,Probability to receive funding,By technology,Fossil fuels,Later stage,2021,0,Percentage,4.333333492
THA,THAILAND,Probability to receive funding,By technology,Grid,Later stage,2015,0,Percentage,2.333333254
THA,THAILAND,Probability to receive funding,By technology,Grid,Later stage,2016,0,Percentage,2.333333254
THA,THAILAND,Probability to receive funding,By technology,Grid,Later stage,2017,0,Percentage,3
THA,THAILAND,Probability to receive funding,By technology,Grid,Later stage,2018,0,Percentage,3
THA,THAILAND,Probability to receive funding,By technology,Grid,Later stage,2019,0,Percentage,3
THA,THAILAND,Probability to receive funding,By technology,Grid,Later stage,2020,0,Percentage,3
THA,THAILAND,Probability to receive funding,By technology,Grid,Later stage,2021,0,Percentage,3
THA,THAILAND,Probability to receive funding,By technology,Non-clean energy,Later stage,2021,0,Percentage,16
THA,THAILAND,Probability to receive funding,By technology,Other energy,Later stage,2015,0,Percentage,7.833333492
THA,THAILAND,Probability to receive funding,By technology,Other energy,Later stage,2016,0,Percentage,7.833333492
THA,THAILAND,Probability to receive funding,By technology,Other energy,Later stage,2017,0,Percentage,8.166666985
THA,THAILAND,Probability to receive funding,By technology,Other energy,Later stage,2018,0,Percentage,8.166666985
THA,THAILAND,Probability to receive funding,By technology,Other energy,Later stage,2019,0,Percentage,9.166666985
THA,THAILAND,Probability to receive funding,By technology,Other energy,Later stage,2020,0,Percentage,9.166666985
THA,THAILAND,Probability to receive funding,By technology,Other energy,Later stage,2021,0,Percentage,9.166666985
THA,THAILAND,Probability to receive funding,By technology,Other renewables,Later stage,2015,0,Percentage,6
THA,THAILAND,Probability to receive funding,By technology,Other renewables,Later stage,2016,0,Percentage,6
THA,THAILAND,Probability to receive funding,By technology,Other renewables,Later stage,2017,0,Percentage,6.333333492
THA,THAILAND,Probability to receive funding,By technology,Other renewables,Later stage,2018,0,Percentage,6.333333492
THA,THAILAND,Probability to receive funding,By technology,Other renewables,Later stage,2019,0,Percentage,6.333333492
THA,THAILAND,Probability to receive funding,By technology,Other renewables,Later stage,2020,0,Percentage,6.333333492
THA,THAILAND,Probability to receive funding,By technology,Other renewables,Later stage,2021,0,Percentage,6.333333492
THA,THAILAND,Probability to receive funding,By technology,Solar,Later stage,2015,0,Percentage,2.916666746
THA,THAILAND,Probability to receive funding,By technology,Solar,Later stage,2016,0,Percentage,2.916666746
THA,THAILAND,Probability to receive funding,By technology,Solar,Later stage,2017,0,Percentage,2.916666746
THA,THAILAND,Probability to receive funding,By technology,Solar,Later stage,2018,0,Percentage,2.916666746
THA,THAILAND,Probability to receive funding,By technology,Solar,Later stage,2019,0,Percentage,2.916666746
THA,THAILAND,Probability to receive funding,By technology,Solar,Later stage,2020,0,Percentage,2.916666746
THA,THAILAND,Probability to receive funding,By technology,Solar,Later stage,2021,0,Percentage,2.916666746
TLS,TIMOR-LESTE,Probability to receive funding,"By sector (energy, green, digital)",Energy,Early stage,2021,0,Percentage,1
TLS,TIMOR-LESTE,Probability to receive funding,"By sector (energy, green, digital)",Energy and non-digital,Early stage,2021,0,Percentage,1
TLS,TIMOR-LESTE,Probability to receive funding,"By sector (energy, green, digital)",Non-energy,Early stage,2021,0,Percentage,2
TLS,TIMOR-LESTE,Probability to receive funding,"By sector (energy, green, digital)",Energy,Later stage,2021,0,Percentage,1
TLS,TIMOR-LESTE,Probability to receive funding,"By sector (energy, green, digital)",Energy and non-digital,Later stage,2021,0,Percentage,1
TLS,TIMOR-LESTE,Probability to receive funding,"By sector (energy, green, digital)",Non-energy,Later stage,2021,0,Percentage,2
TLS,TIMOR-LESTE,Probability to receive funding,By technology,Fossil fuels,Early stage,2015,0,Percentage,0.5
TLS,TIMOR-LESTE,Probability to receive funding,By technology,Fossil fuels,Early stage,2016,0,Percentage,0.5
TLS,TIMOR-LESTE,Probability to receive funding,By technology,Fossil fuels,Early stage,2017,0,Percentage,0.5
TLS,TIMOR-LESTE,Probability to receive funding,By technology,Fossil fuels,Early stage,2018,0,Percentage,0.5
TLS,TIMOR-LESTE,Probability to receive funding,By technology,Fossil fuels,Early stage,2019,0,Percentage,0.5
TLS,TIMOR-LESTE,Probability to receive funding,By technology,Fossil fuels,Early stage,2020,0,Percentage,0.5
TLS,TIMOR-LESTE,Probability to receive funding,By technology,Fossil fuels,Early stage,2021,0,Percentage,0.5
TLS,TIMOR-LESTE,Probability to receive funding,By technology,Non-clean energy,Early stage,2021,0,Percentage,1
TLS,TIMOR-LESTE,Probability to receive funding,By technology,Other energy,Early stage,2015,0,Percentage,0.5
TLS,TIMOR-LESTE,Probability to receive funding,By technology,Other energy,Early stage,2016,0,Percentage,0.5
TLS,TIMOR-LESTE,Probability to receive funding,By technology,Other energy,Early stage,2017,0,Percentage,0.5
TLS,TIMOR-LESTE,Probability to receive funding,By technology,Other energy,Early stage,2018,0,Percentage,0.5
TLS,TIMOR-LESTE,Probability to receive funding,By technology,Other energy,Early stage,2019,0,Percentage,0.5
TLS,TIMOR-LESTE,Probability to receive funding,By technology,Other energy,Early stage,2020,0,Percentage,0.5
TLS,TIMOR-LESTE,Probability to receive funding,By technology,Other energy,Early stage,2021,0,Percentage,0.5
TLS,TIMOR-LESTE,Probability to receive funding,By technology,Fossil fuels,Later stage,2015,0,Percentage,0.5
TLS,TIMOR-LESTE,Probability to receive funding,By technology,Fossil fuels,Later stage,2016,0,Percentage,0.5
TLS,TIMOR-LESTE,Probability to receive funding,By technology,Fossil fuels,Later stage,2017,0,Percentage,0.5
TLS,TIMOR-LESTE,Probability to receive funding,By technology,Fossil fuels,Later stage,2018,0,Percentage,0.5
TLS,TIMOR-LESTE,Probability to receive funding,By technology,Fossil fuels,Later stage,2019,0,Percentage,0.5
TLS,TIMOR-LESTE,Probability to receive funding,By technology,Fossil fuels,Later stage,2020,0,Percentage,0.5
TLS,TIMOR-LESTE,Probability to receive funding,By technology,Fossil fuels,Later stage,2021,0,Percentage,0.5
TLS,TIMOR-LESTE,Probability to receive funding,By technology,Non-clean energy,Later stage,2021,0,Percentage,1
TLS,TIMOR-LESTE,Probability to receive funding,By technology,Other energy,Later stage,2015,0,Percentage,0.5
TLS,TIMOR-LESTE,Probability to receive funding,By technology,Other energy,Later stage,2016,0,Percentage,0.5
TLS,TIMOR-LESTE,Probability to receive funding,By technology,Other energy,Later stage,2017,0,Percentage,0.5
TLS,TIMOR-LESTE,Probability to receive funding,By technology,Other energy,Later stage,2018,0,Percentage,0.5
TLS,TIMOR-LESTE,Probability to receive funding,By technology,Other energy,Later stage,2019,0,Percentage,0.5
TLS,TIMOR-LESTE,Probability to receive funding,By technology,Other energy,Later stage,2020,0,Percentage,0.5
TLS,TIMOR-LESTE,Probability to receive funding,By technology,Other energy,Later stage,2021,0,Percentage,0.5
TGO,TOGO,Probability to receive funding,"By sector (energy, green, digital)",Energy,Early stage,2021,0,Percentage,3
TGO,TOGO,Probability to receive funding,"By sector (energy, green, digital)",Energy and non-digital,Early stage,2021,0,Percentage,3
TGO,TOGO,Fundings of start-ups,"By sector (energy, green, digital)",Non-energy,Early stage,2017,60490.86719,USD,1
TGO,TOGO,Fundings of start-ups,"By sector (energy, green, digital)",Non-energy,Early stage,2018,998437.5,USD,1
TGO,TOGO,Fundings of start-ups,"By sector (energy, green, digital)",Non-energy,Early stage,2020,3442424.25,USD,1
TGO,TOGO,Probability to receive funding,"By sector (energy, green, digital)",Non-energy,Early stage,2021,11.11111069,Percentage,18
TGO,TOGO,Fundings of start-ups,"By sector (energy, green, digital)",Non-energy,Early stage,2021,7820290,USD,2
TGO,TOGO,Fundings of start-ups,"By sector (energy, green, digital)",Non-energy,Early stage,2022,0.453424662,Years,18
TGO,TOGO,Probability to receive funding,"By sector (energy, green, digital)",Energy,Later stage,2021,0,Percentage,3
TGO,TOGO,Probability to receive funding,"By sector (energy, green, digital)",Energy and non-digital,Later stage,2021,0,Percentage,3
TGO,TOGO,Probability to receive funding,"By sector (energy, green, digital)",Non-energy,Later stage,2021,0,Percentage,18
TGO,TOGO,Probability to receive funding,By technology,Clean energy,Early stage,2021,0,Percentage,2
TGO,TOGO,Probability to receive funding,By technology,Fossil fuels,Early stage,2015,0,Percentage,1
TGO,TOGO,Probability to receive funding,By technology,Fossil fuels,Early stage,2016,0,Percentage,1
TGO,TOGO,Probability to receive funding,By technology,Fossil fuels,Early stage,2017,0,Percentage,1
TGO,TOGO,Probability to receive funding,By technology,Fossil fuels,Early stage,2018,0,Percentage,1
TGO,TOGO,Probability to receive funding,By technology,Fossil fuels,Early stage,2019,0,Percentage,1
TGO,TOGO,Probability to receive funding,By technology,Fossil fuels,Early stage,2020,0,Percentage,1
TGO,TOGO,Probability to receive funding,By technology,Fossil fuels,Early stage,2021,0,Percentage,1
TGO,TOGO,Probability to receive funding,By technology,Non-clean energy,Early stage,2021,0,Percentage,1
TGO,TOGO,Probability to receive funding,By technology,Other energy,Early stage,2016,0,Percentage,0.333333343
TGO,TOGO,Probability to receive funding,By technology,Other energy,Early stage,2017,0,Percentage,0.333333343
TGO,TOGO,Probability to receive funding,By technology,Other energy,Early stage,2018,0,Percentage,0.333333343
TGO,TOGO,Probability to receive funding,By technology,Other energy,Early stage,2019,0,Percentage,0.333333343
TGO,TOGO,Probability to receive funding,By technology,Other energy,Early stage,2020,0,Percentage,0.333333343
TGO,TOGO,Probability to receive funding,By technology,Other energy,Early stage,2021,0,Percentage,0.333333343
TGO,TOGO,Probability to receive funding,By technology,Other renewables,Early stage,2015,0,Percentage,0.5
TGO,TOGO,Probability to receive funding,By technology,Other renewables,Early stage,2016,0,Percentage,0.833333313
TGO,TOGO,Probability to receive funding,By technology,Other renewables,Early stage,2017,0,Percentage,0.833333313
TGO,TOGO,Probability to receive funding,By technology,Other renewables,Early stage,2018,0,Percentage,0.833333313
TGO,TOGO,Probability to receive funding,By technology,Other renewables,Early stage,2019,0,Percentage,0.833333313
TGO,TOGO,Probability to receive funding,By technology,Other renewables,Early stage,2020,0,Percentage,0.833333313
TGO,TOGO,Probability to receive funding,By technology,Other renewables,Early stage,2021,0,Percentage,0.833333313
TGO,TOGO,Probability to receive funding,By technology,Solar,Early stage,2015,0,Percentage,0.5
TGO,TOGO,Probability to receive funding,By technology,Solar,Early stage,2016,0,Percentage,0.833333313
TGO,TOGO,Probability to receive funding,By technology,Solar,Early stage,2017,0,Percentage,0.833333313
TGO,TOGO,Probability to receive funding,By technology,Solar,Early stage,2018,0,Percentage,0.833333313
TGO,TOGO,Probability to receive funding,By technology,Solar,Early stage,2019,0,Percentage,0.833333313
TGO,TOGO,Probability to receive funding,By technology,Solar,Early stage,2020,0,Percentage,0.833333313
TGO,TOGO,Probability to receive funding,By technology,Solar,Early stage,2021,0,Percentage,0.833333313
TGO,TOGO,Probability to receive funding,By technology,Clean energy,Later stage,2021,0,Percentage,2
TGO,TOGO,Probability to receive funding,By technology,Fossil fuels,Later stage,2015,0,Percentage,1
TGO,TOGO,Probability to receive funding,By technology,Fossil fuels,Later stage,2016,0,Percentage,1
TGO,TOGO,Probability to receive funding,By technology,Fossil fuels,Later stage,2017,0,Percentage,1
TGO,TOGO,Probability to receive funding,By technology,Fossil fuels,Later stage,2018,0,Percentage,1
TGO,TOGO,Probability to receive funding,By technology,Fossil fuels,Later stage,2019,0,Percentage,1
TGO,TOGO,Probability to receive funding,By technology,Fossil fuels,Later stage,2020,0,Percentage,1
TGO,TOGO,Probability to receive funding,By technology,Fossil fuels,Later stage,2021,0,Percentage,1
TGO,TOGO,Probability to receive funding,By technology,Non-clean energy,Later stage,2021,0,Percentage,1
TGO,TOGO,Probability to receive funding,By technology,Other energy,Later stage,2016,0,Percentage,0.333333343
TGO,TOGO,Probability to receive funding,By technology,Other energy,Later stage,2017,0,Percentage,0.333333343
TGO,TOGO,Probability to receive funding,By technology,Other energy,Later stage,2018,0,Percentage,0.333333343
TGO,TOGO,Probability to receive funding,By technology,Other energy,Later stage,2019,0,Percentage,0.333333343
TGO,TOGO,Probability to receive funding,By technology,Other energy,Later stage,2020,0,Percentage,0.333333343
TGO,TOGO,Probability to receive funding,By technology,Other energy,Later stage,2021,0,Percentage,0.333333343
TGO,TOGO,Probability to receive funding,By technology,Other renewables,Later stage,2015,0,Percentage,0.5
TGO,TOGO,Probability to receive funding,By technology,Other renewables,Later stage,2016,0,Percentage,0.833333313
TGO,TOGO,Probability to receive funding,By technology,Other renewables,Later stage,2017,0,Percentage,0.833333313
TGO,TOGO,Probability to receive funding,By technology,Other renewables,Later stage,2018,0,Percentage,0.833333313
TGO,TOGO,Probability to receive funding,By technology,Other renewables,Later stage,2019,0,Percentage,0.833333313
TGO,TOGO,Probability to receive funding,By technology,Other renewables,Later stage,2020,0,Percentage,0.833333313
TGO,TOGO,Probability to receive funding,By technology,Other renewables,Later stage,2021,0,Percentage,0.833333313
TGO,TOGO,Probability to receive funding,By technology,Solar,Later stage,2015,0,Percentage,0.5
TGO,TOGO,Probability to receive funding,By technology,Solar,Later stage,2016,0,Percentage,0.833333313
TGO,TOGO,Probability to receive funding,By technology,Solar,Later stage,2017,0,Percentage,0.833333313
TGO,TOGO,Probability to receive funding,By technology,Solar,Later stage,2018,0,Percentage,0.833333313
TGO,TOGO,Probability to receive funding,By technology,Solar,Later stage,2019,0,Percentage,0.833333313
TGO,TOGO,Probability to receive funding,By technology,Solar,Later stage,2020,0,Percentage,0.833333313
TGO,TOGO,Probability to receive funding,By technology,Solar,Later stage,2021,0,Percentage,0.833333313
TON,TONGA,Probability to receive funding,"By sector (energy, green, digital)",Non-energy,Early stage,2021,0,Percentage,1
TON,TONGA,Probability to receive funding,"By sector (energy, green, digital)",Non-energy,Later stage,2021,0,Percentage,1
TTO,TRINIDAD AND TOBAGO,Fundings of start-ups,"By sector (energy, green, digital)",Energy,Early stage,2019,28127.95313,USD,1
TTO,TRINIDAD AND TOBAGO,Probability to receive funding,"By sector (energy, green, digital)",Energy,Early stage,2021,11.11111069,Percentage,9
TTO,TRINIDAD AND TOBAGO,Fundings of start-ups,"By sector (energy, green, digital)",Energy,Early stage,2022,0.832876742,Years,9
TTO,TRINIDAD AND TOBAGO,Fundings of start-ups,"By sector (energy, green, digital)",Energy and digital,Early stage,2019,28127.95313,USD,1
TTO,TRINIDAD AND TOBAGO,Probability to receive funding,"By sector (energy, green, digital)",Energy and digital,Early stage,2021,100,Percentage,1
TTO,TRINIDAD AND TOBAGO,Fundings of start-ups,"By sector (energy, green, digital)",Energy and digital,Early stage,2022,0.832876742,Years,1
TTO,TRINIDAD AND TOBAGO,Probability to receive funding,"By sector (energy, green, digital)",Energy and non-digital,Early stage,2021,0,Percentage,8
TTO,TRINIDAD AND TOBAGO,Fundings of start-ups,"By sector (energy, green, digital)",Non-energy,Early stage,2000,8068182,USD,1
TTO,TRINIDAD AND TOBAGO,Fundings of start-ups,"By sector (energy, green, digital)",Non-energy,Early stage,2001,2662500,USD,1
TTO,TRINIDAD AND TOBAGO,Fundings of start-ups,"By sector (energy, green, digital)",Non-energy,Early stage,2002,6714130.5,USD,1
TTO,TRINIDAD AND TOBAGO,Fundings of start-ups,"By sector (energy, green, digital)",Non-energy,Early stage,2008,129090.9063,USD,1
TTO,TRINIDAD AND TOBAGO,Fundings of start-ups,"By sector (energy, green, digital)",Non-energy,Early stage,2014,23535.91211,USD,1
TTO,TRINIDAD AND TOBAGO,Fundings of start-ups,"By sector (energy, green, digital)",Non-energy,Early stage,2015,235359.1094,USD,1
TTO,TRINIDAD AND TOBAGO,Fundings of start-ups,"By sector (energy, green, digital)",Non-energy,Early stage,2016,578804.375,USD,1
TTO,TRINIDAD AND TOBAGO,Fundings of start-ups,"By sector (energy, green, digital)",Non-energy,Early stage,2017,1132978.75,USD,1
TTO,TRINIDAD AND TOBAGO,Fundings of start-ups,"By sector (energy, green, digital)",Non-energy,Early stage,2018,7721.25,USD,1
TTO,TRINIDAD AND TOBAGO,Fundings of start-ups,"By sector (energy, green, digital)",Non-energy,Early stage,2019,10867347,USD,1
TTO,TRINIDAD AND TOBAGO,Fundings of start-ups,"By sector (energy, green, digital)",Non-energy,Early stage,2020,8606.060547,USD,1
TTO,TRINIDAD AND TOBAGO,Probability to receive funding,"By sector (energy, green, digital)",Non-energy,Early stage,2021,5.119453907,Percentage,293
TTO,TRINIDAD AND TOBAGO,Fundings of start-ups,"By sector (energy, green, digital)",Non-energy,Early stage,2021,8220397.5,USD,6
TTO,TRINIDAD AND TOBAGO,Fundings of start-ups,"By sector (energy, green, digital)",Non-energy,Early stage,2022,2.191780806,Years,293
TTO,TRINIDAD AND TOBAGO,Fundings of start-ups,"By sector (energy, green, digital)",Non-energy,Early stage,2022,12708236,USD,3
TTO,TRINIDAD AND TOBAGO,Probability to receive funding,"By sector (energy, green, digital)",Energy,Later stage,2021,0,Percentage,9
TTO,TRINIDAD AND TOBAGO,Probability to receive funding,"By sector (energy, green, digital)",Energy and digital,Later stage,2021,0,Percentage,1
TTO,TRINIDAD AND TOBAGO,Probability to receive funding,"By sector (energy, green, digital)",Energy and non-digital,Later stage,2021,0,Percentage,8
TTO,TRINIDAD AND TOBAGO,Fundings of start-ups,"By sector (energy, green, digital)",Non-energy,Later stage,2001,6264706,USD,1
TTO,TRINIDAD AND TOBAGO,Fundings of start-ups,"By sector (energy, green, digital)",Non-energy,Later stage,2003,15106383,USD,1
TTO,TRINIDAD AND TOBAGO,Fundings of start-ups,"By sector (energy, green, digital)",Non-energy,Later stage,2004,12155690,USD,1
TTO,TRINIDAD AND TOBAGO,Fundings of start-ups,"By sector (energy, green, digital)",Non-energy,Later stage,2006,55324676,USD,1
TTO,TRINIDAD AND TOBAGO,Probability to receive funding,"By sector (energy, green, digital)",Non-energy,Later stage,2021,1.023890734,Percentage,293
TTO,TRINIDAD AND TOBAGO,Fundings of start-ups,"By sector (energy, green, digital)",Non-energy,Later stage,2022,4.050228119,Years,293
TTO,TRINIDAD AND TOBAGO,Fundings of start-ups,By technology,Energy efficiency,all,2019,28127.95313,USD,1
TTO,TRINIDAD AND TOBAGO,Probability to receive funding,By technology,Clean energy,Early stage,2021,0,Percentage,5
TTO,TRINIDAD AND TOBAGO,Probability to receive funding,By technology,Energy efficiency,Early stage,2015,0,Percentage,1
TTO,TRINIDAD AND TOBAGO,Probability to receive funding,By technology,Energy efficiency,Early stage,2016,0,Percentage,1
TTO,TRINIDAD AND TOBAGO,Probability to receive funding,By technology,Energy efficiency,Early stage,2017,0,Percentage,1
TTO,TRINIDAD AND TOBAGO,Probability to receive funding,By technology,Energy efficiency,Early stage,2018,0,Percentage,1
TTO,TRINIDAD AND TOBAGO,Probability to receive funding,By technology,Energy efficiency,Early stage,2019,50,Percentage,2
TTO,TRINIDAD AND TOBAGO,Probability to receive funding,By technology,Energy efficiency,Early stage,2020,50,Percentage,2
TTO,TRINIDAD AND TOBAGO,Probability to receive funding,By technology,Energy efficiency,Early stage,2021,50,Percentage,2
TTO,TRINIDAD AND TOBAGO,Probability to receive funding,By technology,Energy storage and batteries,Early stage,2018,0,Percentage,0.200000003
TTO,TRINIDAD AND TOBAGO,Probability to receive funding,By technology,Energy storage and batteries,Early stage,2019,0,Percentage,0.200000003
TTO,TRINIDAD AND TOBAGO,Probability to receive funding,By technology,Energy storage and batteries,Early stage,2020,0,Percentage,0.200000003
TTO,TRINIDAD AND TOBAGO,Probability to receive funding,By technology,Energy storage and batteries,Early stage,2021,0,Percentage,0.200000003
TTO,TRINIDAD AND TOBAGO,Probability to receive funding,By technology,Fossil fuels,Early stage,2015,0,Percentage,1
TTO,TRINIDAD AND TOBAGO,Probability to receive funding,By technology,Fossil fuels,Early stage,2016,0,Percentage,1
TTO,TRINIDAD AND TOBAGO,Probability to receive funding,By technology,Fossil fuels,Early stage,2017,0,Percentage,1
TTO,TRINIDAD AND TOBAGO,Probability to receive funding,By technology,Fossil fuels,Early stage,2018,0,Percentage,1
TTO,TRINIDAD AND TOBAGO,Probability to receive funding,By technology,Fossil fuels,Early stage,2019,0,Percentage,1
TTO,TRINIDAD AND TOBAGO,Probability to receive funding,By technology,Fossil fuels,Early stage,2020,0,Percentage,1
TTO,TRINIDAD AND TOBAGO,Probability to receive funding,By technology,Fossil fuels,Early stage,2021,0,Percentage,1
TTO,TRINIDAD AND TOBAGO,Probability to receive funding,By technology,Grid,Early stage,2015,0,Percentage,1.333333373
TTO,TRINIDAD AND TOBAGO,Probability to receive funding,By technology,Grid,Early stage,2016,0,Percentage,1.333333373
TTO,TRINIDAD AND TOBAGO,Probability to receive funding,By technology,Grid,Early stage,2017,0,Percentage,1.333333373
TTO,TRINIDAD AND TOBAGO,Probability to receive funding,By technology,Grid,Early stage,2018,0,Percentage,1.333333373
TTO,TRINIDAD AND TOBAGO,Probability to receive funding,By technology,Grid,Early stage,2019,0,Percentage,1.333333373
TTO,TRINIDAD AND TOBAGO,Probability to receive funding,By technology,Grid,Early stage,2020,0,Percentage,1.333333373
TTO,TRINIDAD AND TOBAGO,Probability to receive funding,By technology,Grid,Early stage,2021,0,Percentage,1.333333373
TTO,TRINIDAD AND TOBAGO,Fundings of start-ups,By technology,Non-clean energy,Early stage,2019,28127.95313,USD,1
TTO,TRINIDAD AND TOBAGO,Probability to receive funding,By technology,Non-clean energy,Early stage,2021,25,Percentage,4
TTO,TRINIDAD AND TOBAGO,Fundings of start-ups,By technology,Non-clean energy,Early stage,2022,0.832876742,Years,4
TTO,TRINIDAD AND TOBAGO,Probability to receive funding,By technology,Other energy,Early stage,2015,0,Percentage,1.333333373
TTO,TRINIDAD AND TOBAGO,Probability to receive funding,By technology,Other energy,Early stage,2016,0,Percentage,1.333333373
TTO,TRINIDAD AND TOBAGO,Probability to receive funding,By technology,Other energy,Early stage,2017,0,Percentage,1.333333373
TTO,TRINIDAD AND TOBAGO,Probability to receive funding,By technology,Other energy,Early stage,2018,0,Percentage,1.533333302
TTO,TRINIDAD AND TOBAGO,Probability to receive funding,By technology,Other energy,Early stage,2019,0,Percentage,1.533333302
TTO,TRINIDAD AND TOBAGO,Probability to receive funding,By technology,Other energy,Early stage,2020,0,Percentage,1.533333302
TTO,TRINIDAD AND TOBAGO,Probability to receive funding,By technology,Other energy,Early stage,2021,0,Percentage,1.533333302
TTO,TRINIDAD AND TOBAGO,Probability to receive funding,By technology,Other renewables,Early stage,2015,0,Percentage,1.333333373
TTO,TRINIDAD AND TOBAGO,Probability to receive funding,By technology,Other renewables,Early stage,2016,0,Percentage,1.333333373
TTO,TRINIDAD AND TOBAGO,Probability to receive funding,By technology,Other renewables,Early stage,2017,0,Percentage,1.333333373
TTO,TRINIDAD AND TOBAGO,Probability to receive funding,By technology,Other renewables,Early stage,2018,0,Percentage,1.733333349
TTO,TRINIDAD AND TOBAGO,Probability to receive funding,By technology,Other renewables,Early stage,2019,0,Percentage,1.733333349
TTO,TRINIDAD AND TOBAGO,Probability to receive funding,By technology,Other renewables,Early stage,2020,0,Percentage,2.733333349
TTO,TRINIDAD AND TOBAGO,Probability to receive funding,By technology,Other renewables,Early stage,2021,0,Percentage,2.733333349
TTO,TRINIDAD AND TOBAGO,Probability to receive funding,By technology,Solar,Early stage,2018,0,Percentage,0.200000003
TTO,TRINIDAD AND TOBAGO,Probability to receive funding,By technology,Solar,Early stage,2019,0,Percentage,0.200000003
TTO,TRINIDAD AND TOBAGO,Probability to receive funding,By technology,Solar,Early stage,2020,0,Percentage,0.200000003
TTO,TRINIDAD AND TOBAGO,Probability to receive funding,By technology,Solar,Early stage,2021,0,Percentage,0.200000003
TTO,TRINIDAD AND TOBAGO,Probability to receive funding,By technology,Clean energy,Later stage,2021,0,Percentage,5
TTO,TRINIDAD AND TOBAGO,Probability to receive funding,By technology,Energy efficiency,Later stage,2015,0,Percentage,1
TTO,TRINIDAD AND TOBAGO,Probability to receive funding,By technology,Energy efficiency,Later stage,2016,0,Percentage,1
TTO,TRINIDAD AND TOBAGO,Probability to receive funding,By technology,Energy efficiency,Later stage,2017,0,Percentage,1
TTO,TRINIDAD AND TOBAGO,Probability to receive funding,By technology,Energy efficiency,Later stage,2018,0,Percentage,1
TTO,TRINIDAD AND TOBAGO,Probability to receive funding,By technology,Energy efficiency,Later stage,2019,0,Percentage,2
TTO,TRINIDAD AND TOBAGO,Probability to receive funding,By technology,Energy efficiency,Later stage,2020,0,Percentage,2
TTO,TRINIDAD AND TOBAGO,Probability to receive funding,By technology,Energy efficiency,Later stage,2021,0,Percentage,2
TTO,TRINIDAD AND TOBAGO,Probability to receive funding,By technology,Energy storage and batteries,Later stage,2018,0,Percentage,0.200000003
TTO,TRINIDAD AND TOBAGO,Probability to receive funding,By technology,Energy storage and batteries,Later stage,2019,0,Percentage,0.200000003
TTO,TRINIDAD AND TOBAGO,Probability to receive funding,By technology,Energy storage and batteries,Later stage,2020,0,Percentage,0.200000003
TTO,TRINIDAD AND TOBAGO,Probability to receive funding,By technology,Energy storage and batteries,Later stage,2021,0,Percentage,0.200000003
TTO,TRINIDAD AND TOBAGO,Probability to receive funding,By technology,Fossil fuels,Later stage,2015,0,Percentage,1
TTO,TRINIDAD AND TOBAGO,Probability to receive funding,By technology,Fossil fuels,Later stage,2016,0,Percentage,1
TTO,TRINIDAD AND TOBAGO,Probability to receive funding,By technology,Fossil fuels,Later stage,2017,0,Percentage,1
TTO,TRINIDAD AND TOBAGO,Probability to receive funding,By technology,Fossil fuels,Later stage,2018,0,Percentage,1
TTO,TRINIDAD AND TOBAGO,Probability to receive funding,By technology,Fossil fuels,Later stage,2019,0,Percentage,1
TTO,TRINIDAD AND TOBAGO,Probability to receive funding,By technology,Fossil fuels,Later stage,2020,0,Percentage,1
TTO,TRINIDAD AND TOBAGO,Probability to receive funding,By technology,Fossil fuels,Later stage,2021,0,Percentage,1
TTO,TRINIDAD AND TOBAGO,Probability to receive funding,By technology,Grid,Later stage,2015,0,Percentage,1.333333373
TTO,TRINIDAD AND TOBAGO,Probability to receive funding,By technology,Grid,Later stage,2016,0,Percentage,1.333333373
TTO,TRINIDAD AND TOBAGO,Probability to receive funding,By technology,Grid,Later stage,2017,0,Percentage,1.333333373
TTO,TRINIDAD AND TOBAGO,Probability to receive funding,By technology,Grid,Later stage,2018,0,Percentage,1.333333373
TTO,TRINIDAD AND TOBAGO,Probability to receive funding,By technology,Grid,Later stage,2019,0,Percentage,1.333333373
TTO,TRINIDAD AND TOBAGO,Probability to receive funding,By technology,Grid,Later stage,2020,0,Percentage,1.333333373
TTO,TRINIDAD AND TOBAGO,Probability to receive funding,By technology,Grid,Later stage,2021,0,Percentage,1.333333373
TTO,TRINIDAD AND TOBAGO,Probability to receive funding,By technology,Non-clean energy,Later stage,2021,0,Percentage,4
TTO,TRINIDAD AND TOBAGO,Probability to receive funding,By technology,Other energy,Later stage,2015,0,Percentage,1.333333373
TTO,TRINIDAD AND TOBAGO,Probability to receive funding,By technology,Other energy,Later stage,2016,0,Percentage,1.333333373
TTO,TRINIDAD AND TOBAGO,Probability to receive funding,By technology,Other energy,Later stage,2017,0,Percentage,1.333333373
TTO,TRINIDAD AND TOBAGO,Probability to receive funding,By technology,Other energy,Later stage,2018,0,Percentage,1.533333302
TTO,TRINIDAD AND TOBAGO,Probability to receive funding,By technology,Other energy,Later stage,2019,0,Percentage,1.533333302
TTO,TRINIDAD AND TOBAGO,Probability to receive funding,By technology,Other energy,Later stage,2020,0,Percentage,1.533333302
TTO,TRINIDAD AND TOBAGO,Probability to receive funding,By technology,Other energy,Later stage,2021,0,Percentage,1.533333302
TTO,TRINIDAD AND TOBAGO,Probability to receive funding,By technology,Other renewables,Later stage,2015,0,Percentage,1.333333373
TTO,TRINIDAD AND TOBAGO,Probability to receive funding,By technology,Other renewables,Later stage,2016,0,Percentage,1.333333373
TTO,TRINIDAD AND TOBAGO,Probability to receive funding,By technology,Other renewables,Later stage,2017,0,Percentage,1.333333373
TTO,TRINIDAD AND TOBAGO,Probability to receive funding,By technology,Other renewables,Later stage,2018,0,Percentage,1.733333349
TTO,TRINIDAD AND TOBAGO,Probability to receive funding,By technology,Other renewables,Later stage,2019,0,Percentage,1.733333349
TTO,TRINIDAD AND TOBAGO,Probability to receive funding,By technology,Other renewables,Later stage,2020,0,Percentage,2.733333349
TTO,TRINIDAD AND TOBAGO,Probability to receive funding,By technology,Other renewables,Later stage,2021,0,Percentage,2.733333349
TTO,TRINIDAD AND TOBAGO,Probability to receive funding,By technology,Solar,Later stage,2018,0,Percentage,0.200000003
TTO,TRINIDAD AND TOBAGO,Probability to receive funding,By technology,Solar,Later stage,2019,0,Percentage,0.200000003
TTO,TRINIDAD AND TOBAGO,Probability to receive funding,By technology,Solar,Later stage,2020,0,Percentage,0.200000003
TTO,TRINIDAD AND TOBAGO,Probability to receive funding,By technology,Solar,Later stage,2021,0,Percentage,0.200000003
TUN,TUNISIA,Fundings of start-ups,"By sector (energy, green, digital)",Energy,Early stage,2018,221875,USD,1
TUN,TUNISIA,Probability to receive funding,"By sector (energy, green, digital)",Energy,Early stage,2021,5.882352829,Percentage,17
TUN,TUNISIA,Fundings of start-ups,"By sector (energy, green, digital)",Energy,Early stage,2022,1.32876718,Years,17
TUN,TUNISIA,Fundings of start-ups,"By sector (energy, green, digital)",Energy,Early stage,2022,1300000,USD,1
TUN,TUNISIA,Probability to receive funding,"By sector (energy, green, digital)",Energy and digital,Early stage,2021,0,Percentage,4
TUN,TUNISIA,Fundings of start-ups,"By sector (energy, green, digital)",Energy and non-digital,Early stage,2018,221875,USD,1
TUN,TUNISIA,Probability to receive funding,"By sector (energy, green, digital)",Energy and non-digital,Early stage,2021,7.692307472,Percentage,13
TUN,TUNISIA,Fundings of start-ups,"By sector (energy, green, digital)",Energy and non-digital,Early stage,2022,1300000,USD,1
TUN,TUNISIA,Fundings of start-ups,"By sector (energy, green, digital)",Energy and non-digital,Early stage,2022,1.32876718,Years,13
TUN,TUNISIA,Fundings of start-ups,"By sector (energy, green, digital)",Non-energy,Early stage,2011,3715.116211,USD,1
TUN,TUNISIA,Fundings of start-ups,"By sector (energy, green, digital)",Non-energy,Early stage,2013,203426.9688,USD,2
TUN,TUNISIA,Fundings of start-ups,"By sector (energy, green, digital)",Non-energy,Early stage,2017,1280319.25,USD,6
TUN,TUNISIA,Fundings of start-ups,"By sector (energy, green, digital)",Non-energy,Early stage,2018,3165955.5,USD,6
TUN,TUNISIA,Fundings of start-ups,"By sector (energy, green, digital)",Non-energy,Early stage,2019,1890905.375,USD,7
TUN,TUNISIA,Fundings of start-ups,"By sector (energy, green, digital)",Non-energy,Early stage,2020,2791402.75,USD,6
TUN,TUNISIA,Fundings of start-ups,"By sector (energy, green, digital)",Non-energy,Early stage,2021,1357903.75,USD,8
TUN,TUNISIA,Probability to receive funding,"By sector (energy, green, digital)",Non-energy,Early stage,2021,14.64968109,Percentage,314
TUN,TUNISIA,Fundings of start-ups,"By sector (energy, green, digital)",Non-energy,Early stage,2022,10925817,USD,5
TUN,TUNISIA,Fundings of start-ups,"By sector (energy, green, digital)",Non-energy,Early stage,2022,2.051385164,Years,316
TUN,TUNISIA,Probability to receive funding,"By sector (energy, green, digital)",Energy,Later stage,2021,0,Percentage,17
TUN,TUNISIA,Probability to receive funding,"By sector (energy, green, digital)",Energy and digital,Later stage,2021,0,Percentage,4
TUN,TUNISIA,Probability to receive funding,"By sector (energy, green, digital)",Energy and non-digital,Later stage,2021,0,Percentage,13
TUN,TUNISIA,Probability to receive funding,"By sector (energy, green, digital)",Non-energy,Later stage,2021,0.955413997,Percentage,314
TUN,TUNISIA,Fundings of start-ups,"By sector (energy, green, digital)",Non-energy,Later stage,2022,4.466666698,Years,316
TUN,TUNISIA,Fundings of start-ups,By technology,Other energy,all,2018,110937.5,USD,0.5
TUN,TUNISIA,Fundings of start-ups,By technology,Other energy,all,2021,154885.4688,USD,0.5
TUN,TUNISIA,Fundings of start-ups,By technology,Other energy,all,2022,650000,USD,0.5
TUN,TUNISIA,Fundings of start-ups,By technology,Other renewables,all,2018,110937.5,USD,0.5
TUN,TUNISIA,Fundings of start-ups,By technology,Other renewables,all,2021,154885.4688,USD,0.5
TUN,TUNISIA,Fundings of start-ups,By technology,Other renewables,all,2022,650000,USD,0.5
TUN,TUNISIA,Fundings of start-ups,By technology,Clean energy,Early stage,2018,221875,USD,1
TUN,TUNISIA,Probability to receive funding,By technology,Clean energy,Early stage,2021,14.28571415,Percentage,7
TUN,TUNISIA,Fundings of start-ups,By technology,Clean energy,Early stage,2022,1.32876718,Years,7
TUN,TUNISIA,Fundings of start-ups,By technology,Clean energy,Early stage,2022,1300000,USD,1
TUN,TUNISIA,Probability to receive funding,By technology,Energy efficiency,Early stage,2015,0,Percentage,2.333333254
TUN,TUNISIA,Probability to receive funding,By technology,Energy efficiency,Early stage,2016,0,Percentage,2.333333254
TUN,TUNISIA,Probability to receive funding,By technology,Energy efficiency,Early stage,2017,0,Percentage,2.333333254
TUN,TUNISIA,Probability to receive funding,By technology,Energy efficiency,Early stage,2018,0,Percentage,2.333333254
TUN,TUNISIA,Probability to receive funding,By technology,Energy efficiency,Early stage,2019,0,Percentage,2.333333254
TUN,TUNISIA,Probability to receive funding,By technology,Energy efficiency,Early stage,2020,0,Percentage,2.333333254
TUN,TUNISIA,Probability to receive funding,By technology,Energy efficiency,Early stage,2021,0,Percentage,2.333333254
TUN,TUNISIA,Probability to receive funding,By technology,Fossil fuels,Early stage,2015,0,Percentage,3
TUN,TUNISIA,Probability to receive funding,By technology,Fossil fuels,Early stage,2016,0,Percentage,3
TUN,TUNISIA,Probability to receive funding,By technology,Fossil fuels,Early stage,2017,0,Percentage,3
TUN,TUNISIA,Probability to receive funding,By technology,Fossil fuels,Early stage,2018,0,Percentage,3
TUN,TUNISIA,Probability to receive funding,By technology,Fossil fuels,Early stage,2019,0,Percentage,3
TUN,TUNISIA,Probability to receive funding,By technology,Fossil fuels,Early stage,2020,0,Percentage,3
TUN,TUNISIA,Probability to receive funding,By technology,Fossil fuels,Early stage,2021,0,Percentage,3
TUN,TUNISIA,Probability to receive funding,By technology,Grid,Early stage,2015,0,Percentage,0.666666687
TUN,TUNISIA,Probability to receive funding,By technology,Grid,Early stage,2016,0,Percentage,0.666666687
TUN,TUNISIA,Probability to receive funding,By technology,Grid,Early stage,2017,0,Percentage,0.666666687
TUN,TUNISIA,Probability to receive funding,By technology,Grid,Early stage,2018,0,Percentage,0.666666687
TUN,TUNISIA,Probability to receive funding,By technology,Grid,Early stage,2019,0,Percentage,0.666666687
TUN,TUNISIA,Probability to receive funding,By technology,Grid,Early stage,2020,0,Percentage,0.666666687
TUN,TUNISIA,Probability to receive funding,By technology,Grid,Early stage,2021,0,Percentage,0.666666687
TUN,TUNISIA,Probability to receive funding,By technology,Non-clean energy,Early stage,2021,0,Percentage,10
TUN,TUNISIA,Probability to receive funding,By technology,Other energy,Early stage,2015,0,Percentage,4.666666508
TUN,TUNISIA,Probability to receive funding,By technology,Other energy,Early stage,2016,0,Percentage,4.666666508
TUN,TUNISIA,Probability to receive funding,By technology,Other energy,Early stage,2017,9.677419662,Percentage,5.166666508
TUN,TUNISIA,Probability to receive funding,By technology,Other energy,Early stage,2018,8.108108521,Percentage,6.166666508
TUN,TUNISIA,Probability to receive funding,By technology,Other energy,Early stage,2019,8.108108521,Percentage,6.166666508
TUN,TUNISIA,Probability to receive funding,By technology,Other energy,Early stage,2020,8.108108521,Percentage,6.166666508
TUN,TUNISIA,Probability to receive funding,By technology,Other energy,Early stage,2021,8.108108521,Percentage,6.166666508
TUN,TUNISIA,Probability to receive funding,By technology,Other renewables,Early stage,2015,0,Percentage,1.833333373
TUN,TUNISIA,Probability to receive funding,By technology,Other renewables,Early stage,2016,0,Percentage,1.833333373
TUN,TUNISIA,Probability to receive funding,By technology,Other renewables,Early stage,2017,21.4285717,Percentage,2.333333254
TUN,TUNISIA,Probability to receive funding,By technology,Other renewables,Early stage,2018,21.4285717,Percentage,2.333333254
TUN,TUNISIA,Probability to receive funding,By technology,Other renewables,Early stage,2019,21.4285717,Percentage,2.333333254
TUN,TUNISIA,Probability to receive funding,By technology,Other renewables,Early stage,2020,21.4285717,Percentage,2.333333254
TUN,TUNISIA,Probability to receive funding,By technology,Other renewables,Early stage,2021,21.4285717,Percentage,2.333333254
TUN,TUNISIA,Probability to receive funding,By technology,Solar,Early stage,2015,0,Percentage,1.5
TUN,TUNISIA,Probability to receive funding,By technology,Solar,Early stage,2016,0,Percentage,1.5
TUN,TUNISIA,Probability to receive funding,By technology,Solar,Early stage,2017,0,Percentage,1.5
TUN,TUNISIA,Probability to receive funding,By technology,Solar,Early stage,2018,0,Percentage,1.5
TUN,TUNISIA,Probability to receive funding,By technology,Solar,Early stage,2019,0,Percentage,1.5
TUN,TUNISIA,Probability to receive funding,By technology,Solar,Early stage,2020,0,Percentage,1.5
TUN,TUNISIA,Probability to receive funding,By technology,Solar,Early stage,2021,0,Percentage,1.5
TUN,TUNISIA,Probability to receive funding,By technology,Clean energy,Later stage,2021,0,Percentage,7
TUN,TUNISIA,Probability to receive funding,By technology,Energy efficiency,Later stage,2015,0,Percentage,2.333333254
TUN,TUNISIA,Probability to receive funding,By technology,Energy efficiency,Later stage,2016,0,Percentage,2.333333254
TUN,TUNISIA,Probability to receive funding,By technology,Energy efficiency,Later stage,2017,0,Percentage,2.333333254
TUN,TUNISIA,Probability to receive funding,By technology,Energy efficiency,Later stage,2018,0,Percentage,2.333333254
TUN,TUNISIA,Probability to receive funding,By technology,Energy efficiency,Later stage,2019,0,Percentage,2.333333254
TUN,TUNISIA,Probability to receive funding,By technology,Energy efficiency,Later stage,2020,0,Percentage,2.333333254
TUN,TUNISIA,Probability to receive funding,By technology,Energy efficiency,Later stage,2021,0,Percentage,2.333333254
TUN,TUNISIA,Probability to receive funding,By technology,Fossil fuels,Later stage,2015,0,Percentage,3
TUN,TUNISIA,Probability to receive funding,By technology,Fossil fuels,Later stage,2016,0,Percentage,3
TUN,TUNISIA,Probability to receive funding,By technology,Fossil fuels,Later stage,2017,0,Percentage,3
TUN,TUNISIA,Probability to receive funding,By technology,Fossil fuels,Later stage,2018,0,Percentage,3
TUN,TUNISIA,Probability to receive funding,By technology,Fossil fuels,Later stage,2019,0,Percentage,3
TUN,TUNISIA,Probability to receive funding,By technology,Fossil fuels,Later stage,2020,0,Percentage,3
TUN,TUNISIA,Probability to receive funding,By technology,Fossil fuels,Later stage,2021,0,Percentage,3
TUN,TUNISIA,Probability to receive funding,By technology,Grid,Later stage,2015,0,Percentage,0.666666687
TUN,TUNISIA,Probability to receive funding,By technology,Grid,Later stage,2016,0,Percentage,0.666666687
TUN,TUNISIA,Probability to receive funding,By technology,Grid,Later stage,2017,0,Percentage,0.666666687
TUN,TUNISIA,Probability to receive funding,By technology,Grid,Later stage,2018,0,Percentage,0.666666687
TUN,TUNISIA,Probability to receive funding,By technology,Grid,Later stage,2019,0,Percentage,0.666666687
TUN,TUNISIA,Probability to receive funding,By technology,Grid,Later stage,2020,0,Percentage,0.666666687
TUN,TUNISIA,Probability to receive funding,By technology,Grid,Later stage,2021,0,Percentage,0.666666687
TUN,TUNISIA,Probability to receive funding,By technology,Non-clean energy,Later stage,2021,0,Percentage,10
TUN,TUNISIA,Probability to receive funding,By technology,Other energy,Later stage,2015,0,Percentage,4.666666508
TUN,TUNISIA,Probability to receive funding,By technology,Other energy,Later stage,2016,0,Percentage,4.666666508
TUN,TUNISIA,Probability to receive funding,By technology,Other energy,Later stage,2017,0,Percentage,5.166666508
TUN,TUNISIA,Probability to receive funding,By technology,Other energy,Later stage,2018,0,Percentage,6.166666508
TUN,TUNISIA,Probability to receive funding,By technology,Other energy,Later stage,2019,0,Percentage,6.166666508
TUN,TUNISIA,Probability to receive funding,By technology,Other energy,Later stage,2020,0,Percentage,6.166666508
TUN,TUNISIA,Probability to receive funding,By technology,Other energy,Later stage,2021,0,Percentage,6.166666508
TUN,TUNISIA,Probability to receive funding,By technology,Other renewables,Later stage,2015,0,Percentage,1.833333373
TUN,TUNISIA,Probability to receive funding,By technology,Other renewables,Later stage,2016,0,Percentage,1.833333373
TUN,TUNISIA,Probability to receive funding,By technology,Other renewables,Later stage,2017,0,Percentage,2.333333254
TUN,TUNISIA,Probability to receive funding,By technology,Other renewables,Later stage,2018,0,Percentage,2.333333254
TUN,TUNISIA,Probability to receive funding,By technology,Other renewables,Later stage,2019,0,Percentage,2.333333254
TUN,TUNISIA,Probability to receive funding,By technology,Other renewables,Later stage,2020,0,Percentage,2.333333254
TUN,TUNISIA,Probability to receive funding,By technology,Other renewables,Later stage,2021,0,Percentage,2.333333254
TUN,TUNISIA,Probability to receive funding,By technology,Solar,Later stage,2015,0,Percentage,1.5
TUN,TUNISIA,Probability to receive funding,By technology,Solar,Later stage,2016,0,Percentage,1.5
TUN,TUNISIA,Probability to receive funding,By technology,Solar,Later stage,2017,0,Percentage,1.5
TUN,TUNISIA,Probability to receive funding,By technology,Solar,Later stage,2018,0,Percentage,1.5
TUN,TUNISIA,Probability to receive funding,By technology,Solar,Later stage,2019,0,Percentage,1.5
TUN,TUNISIA,Probability to receive funding,By technology,Solar,Later stage,2020,0,Percentage,1.5
TUN,TUNISIA,Probability to receive funding,By technology,Solar,Later stage,2021,0,Percentage,1.5
TUR,TURKEY,Fundings of start-ups,"By sector (energy, green, digital)",Energy,Early stage,2009,64939.02344,USD,1
TUR,TURKEY,Fundings of start-ups,"By sector (energy, green, digital)",Energy,Early stage,2012,605113.625,USD,1
TUR,TURKEY,Fundings of start-ups,"By sector (energy, green, digital)",Energy,Early stage,2015,402599.4063,USD,1
TUR,TURKEY,Fundings of start-ups,"By sector (energy, green, digital)",Energy,Early stage,2016,8682065,USD,2
TUR,TURKEY,Fundings of start-ups,"By sector (energy, green, digital)",Energy,Early stage,2017,4044734,USD,6
TUR,TURKEY,Fundings of start-ups,"By sector (energy, green, digital)",Energy,Early stage,2018,959609.375,USD,3
TUR,TURKEY,Fundings of start-ups,"By sector (energy, green, digital)",Energy,Early stage,2019,2281056,USD,5
TUR,TURKEY,Fundings of start-ups,"By sector (energy, green, digital)",Energy,Early stage,2020,6036076,USD,5
TUR,TURKEY,Probability to receive funding,"By sector (energy, green, digital)",Energy,Early stage,2021,21.495327,Percentage,107
TUR,TURKEY,Fundings of start-ups,"By sector (energy, green, digital)",Energy,Early stage,2021,16588275,USD,3
TUR,TURKEY,Fundings of start-ups,"By sector (energy, green, digital)",Energy,Early stage,2022,15622943,USD,4
TUR,TURKEY,Fundings of start-ups,"By sector (energy, green, digital)",Energy,Early stage,2022,1.678653002,Years,108
TUR,TURKEY,Fundings of start-ups,"By sector (energy, green, digital)",Energy and digital,Early stage,2009,64939.02344,USD,1
TUR,TURKEY,Fundings of start-ups,"By sector (energy, green, digital)",Energy and digital,Early stage,2012,605113.625,USD,1
TUR,TURKEY,Fundings of start-ups,"By sector (energy, green, digital)",Energy and digital,Early stage,2016,8682065,USD,2
TUR,TURKEY,Fundings of start-ups,"By sector (energy, green, digital)",Energy and digital,Early stage,2017,2911755.25,USD,5
TUR,TURKEY,Fundings of start-ups,"By sector (energy, green, digital)",Energy and digital,Early stage,2018,959609.375,USD,3
TUR,TURKEY,Fundings of start-ups,"By sector (energy, green, digital)",Energy and digital,Early stage,2019,967193.875,USD,2
TUR,TURKEY,Fundings of start-ups,"By sector (energy, green, digital)",Energy and digital,Early stage,2020,5464848.5,USD,2
TUR,TURKEY,Fundings of start-ups,"By sector (energy, green, digital)",Energy and digital,Early stage,2021,16588275,USD,3
TUR,TURKEY,Probability to receive funding,"By sector (energy, green, digital)",Energy and digital,Early stage,2021,29.41176414,Percentage,51
TUR,TURKEY,Fundings of start-ups,"By sector (energy, green, digital)",Energy and digital,Early stage,2022,1.717294574,Years,52
TUR,TURKEY,Fundings of start-ups,"By sector (energy, green, digital)",Energy and digital,Early stage,2022,15466903,USD,3
TUR,TURKEY,Fundings of start-ups,"By sector (energy, green, digital)",Energy and non-digital,Early stage,2015,402599.4063,USD,1
TUR,TURKEY,Fundings of start-ups,"By sector (energy, green, digital)",Energy and non-digital,Early stage,2017,1132978.75,USD,1
TUR,TURKEY,Fundings of start-ups,"By sector (energy, green, digital)",Energy and non-digital,Early stage,2019,1313862.25,USD,3
TUR,TURKEY,Fundings of start-ups,"By sector (energy, green, digital)",Energy and non-digital,Early stage,2020,571227.25,USD,3
TUR,TURKEY,Probability to receive funding,"By sector (energy, green, digital)",Energy and non-digital,Early stage,2021,14.28571415,Percentage,56
TUR,TURKEY,Fundings of start-ups,"By sector (energy, green, digital)",Energy and non-digital,Early stage,2022,156040,USD,1
TUR,TURKEY,Fundings of start-ups,"By sector (energy, green, digital)",Energy and non-digital,Early stage,2022,1.601369858,Years,56
TUR,TURKEY,Fundings of start-ups,"By sector (energy, green, digital)",Non-energy,Early stage,2003,755319.125,USD,1
TUR,TURKEY,Fundings of start-ups,"By sector (energy, green, digital)",Non-energy,Early stage,2006,7441169,USD,2
TUR,TURKEY,Fundings of start-ups,"By sector (energy, green, digital)",Non-energy,Early stage,2007,31481132,USD,3
TUR,TURKEY,Fundings of start-ups,"By sector (energy, green, digital)",Non-energy,Early stage,2008,6583636.5,USD,2
TUR,TURKEY,Fundings of start-ups,"By sector (energy, green, digital)",Non-energy,Early stage,2009,16712051,USD,5
TUR,TURKEY,Fundings of start-ups,"By sector (energy, green, digital)",Non-energy,Early stage,2010,33212248,USD,10
TUR,TURKEY,Fundings of start-ups,"By sector (energy, green, digital)",Non-energy,Early stage,2011,22959418,USD,7
TUR,TURKEY,Fundings of start-ups,"By sector (energy, green, digital)",Non-energy,Early stage,2012,67252672,USD,14
TUR,TURKEY,Fundings of start-ups,"By sector (energy, green, digital)",Non-energy,Early stage,2013,79956184,USD,38
TUR,TURKEY,Fundings of start-ups,"By sector (energy, green, digital)",Non-energy,Early stage,2014,28360380,USD,41
TUR,TURKEY,Fundings of start-ups,"By sector (energy, green, digital)",Non-energy,Early stage,2015,42584832,USD,48
TUR,TURKEY,Fundings of start-ups,"By sector (energy, green, digital)",Non-energy,Early stage,2016,66412928,USD,45
TUR,TURKEY,Fundings of start-ups,"By sector (energy, green, digital)",Non-energy,Early stage,2017,42161732,USD,63
TUR,TURKEY,Fundings of start-ups,"By sector (energy, green, digital)",Non-energy,Early stage,2018,45899248,USD,54
TUR,TURKEY,Fundings of start-ups,"By sector (energy, green, digital)",Non-energy,Early stage,2019,56258920,USD,97
TUR,TURKEY,Fundings of start-ups,"By sector (energy, green, digital)",Non-energy,Early stage,2020,135181264,USD,117
TUR,TURKEY,Probability to receive funding,"By sector (energy, green, digital)",Non-energy,Early stage,2021,11.49700642,Percentage,5010
TUR,TURKEY,Fundings of start-ups,"By sector (energy, green, digital)",Non-energy,Early stage,2021,630313280,USD,112
TUR,TURKEY,Fundings of start-ups,"By sector (energy, green, digital)",Non-energy,Early stage,2022,169038336,USD,72
TUR,TURKEY,Fundings of start-ups,"By sector (energy, green, digital)",Non-energy,Early stage,2022,2.039944172,Years,5066
TUR,TURKEY,Fundings of start-ups,"By sector (energy, green, digital)",Energy,Later stage,2010,1185133.25,USD,2
TUR,TURKEY,Fundings of start-ups,"By sector (energy, green, digital)",Energy,Later stage,2014,532131.6875,USD,1
TUR,TURKEY,Fundings of start-ups,"By sector (energy, green, digital)",Energy,Later stage,2015,1000276.25,USD,1
TUR,TURKEY,Fundings of start-ups,"By sector (energy, green, digital)",Energy,Later stage,2017,9290426,USD,1
TUR,TURKEY,Fundings of start-ups,"By sector (energy, green, digital)",Energy,Later stage,2018,5075390.5,USD,1
TUR,TURKEY,Fundings of start-ups,"By sector (energy, green, digital)",Energy,Later stage,2020,139848480,USD,1
TUR,TURKEY,Probability to receive funding,"By sector (energy, green, digital)",Energy,Later stage,2021,2.803738356,Percentage,107
TUR,TURKEY,Fundings of start-ups,"By sector (energy, green, digital)",Energy,Later stage,2022,2.125114202,Years,108
TUR,TURKEY,Fundings of start-ups,"By sector (energy, green, digital)",Energy and digital,Later stage,2010,1185133.25,USD,2
TUR,TURKEY,Fundings of start-ups,"By sector (energy, green, digital)",Energy and digital,Later stage,2014,532131.6875,USD,1
TUR,TURKEY,Fundings of start-ups,"By sector (energy, green, digital)",Energy and digital,Later stage,2015,1000276.25,USD,1
TUR,TURKEY,Fundings of start-ups,"By sector (energy, green, digital)",Energy and digital,Later stage,2017,9290426,USD,1
TUR,TURKEY,Fundings of start-ups,"By sector (energy, green, digital)",Energy and digital,Later stage,2018,5075390.5,USD,1
TUR,TURKEY,Fundings of start-ups,"By sector (energy, green, digital)",Energy and digital,Later stage,2020,139848480,USD,1
TUR,TURKEY,Probability to receive funding,"By sector (energy, green, digital)",Energy and digital,Later stage,2021,5.882352829,Percentage,51
TUR,TURKEY,Fundings of start-ups,"By sector (energy, green, digital)",Energy and digital,Later stage,2022,2.125114202,Years,52
TUR,TURKEY,Probability to receive funding,"By sector (energy, green, digital)",Energy and non-digital,Later stage,2021,0,Percentage,56
TUR,TURKEY,Fundings of start-ups,"By sector (energy, green, digital)",Non-energy,Later stage,2010,19131736,USD,1
TUR,TURKEY,Fundings of start-ups,"By sector (energy, green, digital)",Non-energy,Later stage,2011,40866280,USD,2
TUR,TURKEY,Fundings of start-ups,"By sector (energy, green, digital)",Non-energy,Later stage,2013,3589887.75,USD,2
TUR,TURKEY,Fundings of start-ups,"By sector (energy, green, digital)",Non-energy,Later stage,2015,10238122,USD,3
TUR,TURKEY,Fundings of start-ups,"By sector (energy, green, digital)",Non-energy,Later stage,2016,819274.375,USD,1
TUR,TURKEY,Fundings of start-ups,"By sector (energy, green, digital)",Non-energy,Later stage,2017,24037318,USD,6
TUR,TURKEY,Fundings of start-ups,"By sector (energy, green, digital)",Non-energy,Later stage,2018,5651299.5,USD,4
TUR,TURKEY,Fundings of start-ups,"By sector (energy, green, digital)",Non-energy,Later stage,2019,25482842,USD,9
TUR,TURKEY,Fundings of start-ups,"By sector (energy, green, digital)",Non-energy,Later stage,2020,6754228,USD,6
TUR,TURKEY,Probability to receive funding,"By sector (energy, green, digital)",Non-energy,Later stage,2021,1.317365289,Percentage,5010
TUR,TURKEY,Fundings of start-ups,"By sector (energy, green, digital)",Non-energy,Later stage,2021,2804970240,USD,9
TUR,TURKEY,Fundings of start-ups,"By sector (energy, green, digital)",Non-energy,Later stage,2022,4.761137962,Years,5066
TUR,TURKEY,Fundings of start-ups,"By sector (energy, green, digital)",Non-energy,Later stage,2022,1088738816,USD,11
TUR,TURKEY,Fundings of start-ups,By technology,Electric mobility,all,2020,586287.875,USD,4
TUR,TURKEY,Fundings of start-ups,By technology,Electric mobility,all,2021,16635094,USD,5
TUR,TURKEY,Fundings of start-ups,By technology,Electric mobility,all,2022,156040,USD,1
TUR,TURKEY,Fundings of start-ups,By technology,Energy efficiency,all,2012,605113.625,USD,1
TUR,TURKEY,Fundings of start-ups,By technology,Energy efficiency,all,2015,1000276.25,USD,1
TUR,TURKEY,Fundings of start-ups,By technology,Energy efficiency,all,2016,8682065,USD,2
TUR,TURKEY,Fundings of start-ups,By technology,Energy efficiency,all,2017,12013351,USD,5.666666508
TUR,TURKEY,Fundings of start-ups,By technology,Energy efficiency,all,2018,5432239.5,USD,2.666666746
TUR,TURKEY,Fundings of start-ups,By technology,Energy efficiency,all,2019,1025153.063,USD,1.666666627
TUR,TURKEY,Fundings of start-ups,By technology,Energy efficiency,all,2020,145227280,USD,2
TUR,TURKEY,Fundings of start-ups,By technology,Energy storage and batteries,all,2009,64939.02344,USD,1
TUR,TURKEY,Fundings of start-ups,By technology,Energy storage and batteries,all,2010,1185133.25,USD,2
TUR,TURKEY,Fundings of start-ups,By technology,Energy storage and batteries,all,2014,532131.6875,USD,1
TUR,TURKEY,Fundings of start-ups,By technology,Energy storage and batteries,all,2016,1411501.25,USD,1
TUR,TURKEY,Fundings of start-ups,By technology,Energy storage and batteries,all,2019,86395.40625,USD,1
TUR,TURKEY,Fundings of start-ups,By technology,Other energy,all,2015,100649.8516,USD,0.25
TUR,TURKEY,Fundings of start-ups,By technology,Other energy,all,2017,188829.7813,USD,0.333333343
TUR,TURKEY,Fundings of start-ups,By technology,Other energy,all,2018,150690.1094,USD,0.333333343
TUR,TURKEY,Fundings of start-ups,By technology,Other energy,all,2019,789150.5,USD,2
TUR,TURKEY,Fundings of start-ups,By technology,Other renewables,all,2015,100649.8516,USD,0.25
TUR,TURKEY,Fundings of start-ups,By technology,Other renewables,all,2017,1132978.75,USD,1
TUR,TURKEY,Fundings of start-ups,By technology,Other renewables,all,2018,150690.1094,USD,0.333333343
TUR,TURKEY,Fundings of start-ups,By technology,Other renewables,all,2019,380357.1563,USD,0.333333343
TUR,TURKEY,Fundings of start-ups,By technology,Solar,all,2015,100649.8516,USD,0.25
TUR,TURKEY,Fundings of start-ups,By technology,Solar,all,2018,150690.1094,USD,0.333333343
TUR,TURKEY,Fundings of start-ups,By technology,Wind,all,2015,100649.8516,USD,0.25
TUR,TURKEY,Fundings of start-ups,By technology,Wind,all,2018,150690.1094,USD,0.333333343
TUR,TURKEY,Fundings of start-ups,By technology,Clean energy,Early stage,2012,605113.625,USD,1
TUR,TURKEY,Fundings of start-ups,By technology,Clean energy,Early stage,2015,402599.4063,USD,1
TUR,TURKEY,Fundings of start-ups,By technology,Clean energy,Early stage,2016,2894021.75,USD,1
TUR,TURKEY,Fundings of start-ups,By technology,Clean energy,Early stage,2017,3965425.5,USD,3
TUR,TURKEY,Fundings of start-ups,By technology,Clean energy,Early stage,2018,904140.625,USD,2
TUR,TURKEY,Fundings of start-ups,By technology,Clean energy,Early stage,2019,2108265.25,USD,3
TUR,TURKEY,Fundings of start-ups,By technology,Clean energy,Early stage,2020,6036076,USD,5
TUR,TURKEY,Probability to receive funding,By technology,Clean energy,Early stage,2021,30,Percentage,50
TUR,TURKEY,Fundings of start-ups,By technology,Clean energy,Early stage,2021,16588275,USD,3
TUR,TURKEY,Fundings of start-ups,By technology,Clean energy,Early stage,2022,12656040,USD,3
TUR,TURKEY,Fundings of start-ups,By technology,Clean energy,Early stage,2022,1.685787678,Years,51
TUR,TURKEY,Probability to receive funding,By technology,Electric mobility,Early stage,2015,0,Percentage,1
TUR,TURKEY,Probability to receive funding,By technology,Electric mobility,Early stage,2016,0,Percentage,1
TUR,TURKEY,Probability to receive funding,By technology,Electric mobility,Early stage,2017,0,Percentage,1
TUR,TURKEY,Probability to receive funding,By technology,Electric mobility,Early stage,2018,50,Percentage,4
TUR,TURKEY,Probability to receive funding,By technology,Electric mobility,Early stage,2019,50,Percentage,6
TUR,TURKEY,Probability to receive funding,By technology,Electric mobility,Early stage,2020,57.1428566,Percentage,7
TUR,TURKEY,Probability to receive funding,By technology,Electric mobility,Early stage,2021,50,Percentage,8
TUR,TURKEY,Fundings of start-ups,By technology,Electric mobility,Early stage,2022,1.030821919,Years,8
TUR,TURKEY,Probability to receive funding,By technology,Energy efficiency,Early stage,2015,23.2558136,Percentage,14.33333302
TUR,TURKEY,Probability to receive funding,By technology,Energy efficiency,Early stage,2016,26.41509438,Percentage,17.66666603
TUR,TURKEY,Probability to receive funding,By technology,Energy efficiency,Early stage,2017,24.347826,Percentage,19.16666603
TUR,TURKEY,Probability to receive funding,By technology,Energy efficiency,Early stage,2018,32.5581398,Percentage,21.5
TUR,TURKEY,Probability to receive funding,By technology,Energy efficiency,Early stage,2019,30.65693474,Percentage,22.83333397
TUR,TURKEY,Probability to receive funding,By technology,Energy efficiency,Early stage,2020,29.37063026,Percentage,23.83333397
TUR,TURKEY,Probability to receive funding,By technology,Energy efficiency,Early stage,2021,32.21476364,Percentage,24.83333397
TUR,TURKEY,Fundings of start-ups,By technology,Energy efficiency,Early stage,2022,1.805479407,Years,24.83333397
TUR,TURKEY,Probability to receive funding,By technology,Energy storage and batteries,Early stage,2015,28.5714283,Percentage,3.5
TUR,TURKEY,Probability to receive funding,By technology,Energy storage and batteries,Early stage,2016,28.5714283,Percentage,3.5
TUR,TURKEY,Probability to receive funding,By technology,Energy storage and batteries,Early stage,2017,37.5,Percentage,4
TUR,TURKEY,Probability to receive funding,By technology,Energy storage and batteries,Early stage,2018,37.5,Percentage,4
TUR,TURKEY,Probability to receive funding,By technology,Energy storage and batteries,Early stage,2019,37.5,Percentage,4
TUR,TURKEY,Probability to receive funding,By technology,Energy storage and batteries,Early stage,2020,50,Percentage,5
TUR,TURKEY,Probability to receive funding,By technology,Energy storage and batteries,Early stage,2021,50,Percentage,5
TUR,TURKEY,Probability to receive funding,By technology,Fossil fuels,Early stage,2015,0,Percentage,3.416666746
TUR,TURKEY,Probability to receive funding,By technology,Fossil fuels,Early stage,2016,0,Percentage,4.416666508
TUR,TURKEY,Probability to receive funding,By technology,Fossil fuels,Early stage,2017,0,Percentage,4.416666508
TUR,TURKEY,Probability to receive funding,By technology,Fossil fuels,Early stage,2018,0,Percentage,4.916666508
TUR,TURKEY,Probability to receive funding,By technology,Fossil fuels,Early stage,2019,0,Percentage,4.916666508
TUR,TURKEY,Probability to receive funding,By technology,Fossil fuels,Early stage,2020,0,Percentage,4.916666508
TUR,TURKEY,Probability to receive funding,By technology,Fossil fuels,Early stage,2021,0,Percentage,4.916666508
TUR,TURKEY,Probability to receive funding,By technology,Grid,Early stage,2015,0,Percentage,5.833333492
TUR,TURKEY,Probability to receive funding,By technology,Grid,Early stage,2016,0,Percentage,5.833333492
TUR,TURKEY,Probability to receive funding,By technology,Grid,Early stage,2017,0,Percentage,6.166666508
TUR,TURKEY,Probability to receive funding,By technology,Grid,Early stage,2018,0,Percentage,6.416666508
TUR,TURKEY,Probability to receive funding,By technology,Grid,Early stage,2019,0,Percentage,6.416666508
TUR,TURKEY,Probability to receive funding,By technology,Grid,Early stage,2020,0,Percentage,6.416666508
TUR,TURKEY,Probability to receive funding,By technology,Grid,Early stage,2021,0,Percentage,6.416666508
TUR,TURKEY,Fundings of start-ups,By technology,Non-clean energy,Early stage,2009,64939.02344,USD,1
TUR,TURKEY,Fundings of start-ups,By technology,Non-clean energy,Early stage,2016,5788043.5,USD,1
TUR,TURKEY,Fundings of start-ups,By technology,Non-clean energy,Early stage,2017,79308.50781,USD,3
TUR,TURKEY,Fundings of start-ups,By technology,Non-clean energy,Early stage,2018,55468.75,USD,1
TUR,TURKEY,Fundings of start-ups,By technology,Non-clean energy,Early stage,2019,172790.8125,USD,2
TUR,TURKEY,Probability to receive funding,By technology,Non-clean energy,Early stage,2021,14.03508759,Percentage,57
TUR,TURKEY,Fundings of start-ups,By technology,Non-clean energy,Early stage,2022,2966903,USD,1
TUR,TURKEY,Fundings of start-ups,By technology,Non-clean energy,Early stage,2022,1.664383531,Years,57
TUR,TURKEY,Probability to receive funding,By technology,Other energy,Early stage,2015,4.8034935,Percentage,19.08333397
TUR,TURKEY,Probability to receive funding,By technology,Other energy,Early stage,2016,6.122448921,Percentage,20.41666603
TUR,TURKEY,Probability to receive funding,By technology,Other energy,Early stage,2017,7.473309517,Percentage,23.41666603
TUR,TURKEY,Probability to receive funding,By technology,Other energy,Early stage,2018,7.615893841,Percentage,25.16666603
TUR,TURKEY,Probability to receive funding,By technology,Other energy,Early stage,2019,7.278481007,Percentage,26.33333397
TUR,TURKEY,Probability to receive funding,By technology,Other energy,Early stage,2020,7.278481007,Percentage,26.33333397
TUR,TURKEY,Probability to receive funding,By technology,Other energy,Early stage,2021,7.01219511,Percentage,27.33333397
TUR,TURKEY,Probability to receive funding,By technology,Other renewables,Early stage,2015,15.30612278,Percentage,8.166666985
TUR,TURKEY,Probability to receive funding,By technology,Other renewables,Early stage,2016,18.62745094,Percentage,8.5
TUR,TURKEY,Probability to receive funding,By technology,Other renewables,Early stage,2017,17.92452812,Percentage,8.833333015
TUR,TURKEY,Probability to receive funding,By technology,Other renewables,Early stage,2018,17.35537148,Percentage,10.08333302
TUR,TURKEY,Probability to receive funding,By technology,Other renewables,Early stage,2019,16.79999924,Percentage,10.41666698
TUR,TURKEY,Probability to receive funding,By technology,Other renewables,Early stage,2020,24.08759117,Percentage,11.41666698
TUR,TURKEY,Probability to receive funding,By technology,Other renewables,Early stage,2021,24.08759117,Percentage,11.41666698
TUR,TURKEY,Probability to receive funding,By technology,Solar,Early stage,2015,5.882352829,Percentage,4.25
TUR,TURKEY,Probability to receive funding,By technology,Solar,Early stage,2016,5.882352829,Percentage,4.25
TUR,TURKEY,Probability to receive funding,By technology,Solar,Early stage,2017,5.882352829,Percentage,4.25
TUR,TURKEY,Probability to receive funding,By technology,Solar,Early stage,2018,8.333333015,Percentage,5
TUR,TURKEY,Probability to receive funding,By technology,Solar,Early stage,2019,8.064516068,Percentage,5.166666508
TUR,TURKEY,Probability to receive funding,By technology,Solar,Early stage,2020,8.064516068,Percentage,5.166666508
TUR,TURKEY,Probability to receive funding,By technology,Solar,Early stage,2021,8.064516068,Percentage,5.166666508
TUR,TURKEY,Probability to receive funding,By technology,Wind,Early stage,2015,60,Percentage,0.416666657
TUR,TURKEY,Probability to receive funding,By technology,Wind,Early stage,2016,60,Percentage,0.416666657
TUR,TURKEY,Probability to receive funding,By technology,Wind,Early stage,2017,33.33333206,Percentage,0.75
TUR,TURKEY,Probability to receive funding,By technology,Wind,Early stage,2018,45.45454407,Percentage,0.916666687
TUR,TURKEY,Probability to receive funding,By technology,Wind,Early stage,2019,45.45454407,Percentage,0.916666687
TUR,TURKEY,Probability to receive funding,By technology,Wind,Early stage,2020,45.45454407,Percentage,0.916666687
TUR,TURKEY,Probability to receive funding,By technology,Wind,Early stage,2021,45.45454407,Percentage,0.916666687
TUR,TURKEY,Probability to receive funding,By technology,Clean energy,Later stage,2021,2,Percentage,50
TUR,TURKEY,Fundings of start-ups,By technology,Clean energy,Later stage,2022,1.736986279,Years,51
TUR,TURKEY,Probability to receive funding,By technology,Electric mobility,Later stage,2015,0,Percentage,1
TUR,TURKEY,Probability to receive funding,By technology,Electric mobility,Later stage,2016,0,Percentage,1
TUR,TURKEY,Probability to receive funding,By technology,Electric mobility,Later stage,2017,0,Percentage,1
TUR,TURKEY,Probability to receive funding,By technology,Electric mobility,Later stage,2018,0,Percentage,4
TUR,TURKEY,Probability to receive funding,By technology,Electric mobility,Later stage,2019,16.66666603,Percentage,6
TUR,TURKEY,Probability to receive funding,By technology,Electric mobility,Later stage,2020,14.28571415,Percentage,7
TUR,TURKEY,Probability to receive funding,By technology,Electric mobility,Later stage,2021,12.5,Percentage,8
TUR,TURKEY,Fundings of start-ups,By technology,Electric mobility,Later stage,2022,1.736986279,Years,8
TUR,TURKEY,Probability to receive funding,By technology,Energy efficiency,Later stage,2015,6.976744175,Percentage,14.33333302
TUR,TURKEY,Probability to receive funding,By technology,Energy efficiency,Later stage,2016,5.660377502,Percentage,17.66666603
TUR,TURKEY,Probability to receive funding,By technology,Energy efficiency,Later stage,2017,5.217391491,Percentage,19.16666603
TUR,TURKEY,Probability to receive funding,By technology,Energy efficiency,Later stage,2018,4.651162624,Percentage,21.5
TUR,TURKEY,Probability to receive funding,By technology,Energy efficiency,Later stage,2019,4.379561901,Percentage,22.83333397
TUR,TURKEY,Probability to receive funding,By technology,Energy efficiency,Later stage,2020,4.195804119,Percentage,23.83333397
TUR,TURKEY,Probability to receive funding,By technology,Energy efficiency,Later stage,2021,4.026845455,Percentage,24.83333397
TUR,TURKEY,Fundings of start-ups,By technology,Energy efficiency,Later stage,2022,2.161643744,Years,24.83333397
TUR,TURKEY,Probability to receive funding,By technology,Energy storage and batteries,Later stage,2015,28.5714283,Percentage,3.5
TUR,TURKEY,Probability to receive funding,By technology,Energy storage and batteries,Later stage,2016,28.5714283,Percentage,3.5
TUR,TURKEY,Probability to receive funding,By technology,Energy storage and batteries,Later stage,2017,25,Percentage,4
TUR,TURKEY,Probability to receive funding,By technology,Energy storage and batteries,Later stage,2018,25,Percentage,4
TUR,TURKEY,Probability to receive funding,By technology,Energy storage and batteries,Later stage,2019,25,Percentage,4
TUR,TURKEY,Probability to receive funding,By technology,Energy storage and batteries,Later stage,2020,20,Percentage,5
TUR,TURKEY,Probability to receive funding,By technology,Energy storage and batteries,Later stage,2021,20,Percentage,5
TUR,TURKEY,Probability to receive funding,By technology,Fossil fuels,Later stage,2015,0,Percentage,3.416666746
TUR,TURKEY,Probability to receive funding,By technology,Fossil fuels,Later stage,2016,0,Percentage,4.416666508
TUR,TURKEY,Probability to receive funding,By technology,Fossil fuels,Later stage,2017,0,Percentage,4.416666508
TUR,TURKEY,Probability to receive funding,By technology,Fossil fuels,Later stage,2018,0,Percentage,4.916666508
TUR,TURKEY,Probability to receive funding,By technology,Fossil fuels,Later stage,2019,0,Percentage,4.916666508
TUR,TURKEY,Probability to receive funding,By technology,Fossil fuels,Later stage,2020,0,Percentage,4.916666508
TUR,TURKEY,Probability to receive funding,By technology,Fossil fuels,Later stage,2021,0,Percentage,4.916666508
TUR,TURKEY,Probability to receive funding,By technology,Grid,Later stage,2015,0,Percentage,5.833333492
TUR,TURKEY,Probability to receive funding,By technology,Grid,Later stage,2016,0,Percentage,5.833333492
TUR,TURKEY,Probability to receive funding,By technology,Grid,Later stage,2017,0,Percentage,6.166666508
TUR,TURKEY,Probability to receive funding,By technology,Grid,Later stage,2018,0,Percentage,6.416666508
TUR,TURKEY,Probability to receive funding,By technology,Grid,Later stage,2019,0,Percentage,6.416666508
TUR,TURKEY,Probability to receive funding,By technology,Grid,Later stage,2020,0,Percentage,6.416666508
TUR,TURKEY,Probability to receive funding,By technology,Grid,Later stage,2021,0,Percentage,6.416666508
TUR,TURKEY,Fundings of start-ups,By technology,Non-clean energy,Later stage,2010,1185133.25,USD,2
TUR,TURKEY,Fundings of start-ups,By technology,Non-clean energy,Later stage,2014,532131.6875,USD,1
TUR,TURKEY,Fundings of start-ups,By technology,Non-clean energy,Later stage,2015,1000276.25,USD,1
TUR,TURKEY,Fundings of start-ups,By technology,Non-clean energy,Later stage,2017,9290426,USD,1
TUR,TURKEY,Fundings of start-ups,By technology,Non-clean energy,Later stage,2018,5075390.5,USD,1
TUR,TURKEY,Fundings of start-ups,By technology,Non-clean energy,Later stage,2020,139848480,USD,1
TUR,TURKEY,Probability to receive funding,By technology,Non-clean energy,Later stage,2021,3.508771896,Percentage,57
TUR,TURKEY,Fundings of start-ups,By technology,Non-clean energy,Later stage,2022,2.319178104,Years,57
TUR,TURKEY,Probability to receive funding,By technology,Other energy,Later stage,2015,0,Percentage,19.08333397
TUR,TURKEY,Probability to receive funding,By technology,Other energy,Later stage,2016,0,Percentage,20.41666603
TUR,TURKEY,Probability to receive funding,By technology,Other energy,Later stage,2017,0,Percentage,23.41666603
TUR,TURKEY,Probability to receive funding,By technology,Other energy,Later stage,2018,0,Percentage,25.16666603
TUR,TURKEY,Probability to receive funding,By technology,Other energy,Later stage,2019,0,Percentage,26.33333397
TUR,TURKEY,Probability to receive funding,By technology,Other energy,Later stage,2020,0,Percentage,26.33333397
TUR,TURKEY,Probability to receive funding,By technology,Other energy,Later stage,2021,0,Percentage,27.33333397
TUR,TURKEY,Probability to receive funding,By technology,Other renewables,Later stage,2015,0,Percentage,8.166666985
TUR,TURKEY,Probability to receive funding,By technology,Other renewables,Later stage,2016,0,Percentage,8.5
TUR,TURKEY,Probability to receive funding,By technology,Other renewables,Later stage,2017,0,Percentage,8.833333015
TUR,TURKEY,Probability to receive funding,By technology,Other renewables,Later stage,2018,0,Percentage,10.08333302
TUR,TURKEY,Probability to receive funding,By technology,Other renewables,Later stage,2019,0,Percentage,10.41666698
TUR,TURKEY,Probability to receive funding,By technology,Other renewables,Later stage,2020,0,Percentage,11.41666698
TUR,TURKEY,Probability to receive funding,By technology,Other renewables,Later stage,2021,0,Percentage,11.41666698
TUR,TURKEY,Probability to receive funding,By technology,Solar,Later stage,2015,0,Percentage,4.25
TUR,TURKEY,Probability to receive funding,By technology,Solar,Later stage,2016,0,Percentage,4.25
TUR,TURKEY,Probability to receive funding,By technology,Solar,Later stage,2017,0,Percentage,4.25
TUR,TURKEY,Probability to receive funding,By technology,Solar,Later stage,2018,0,Percentage,5
TUR,TURKEY,Probability to receive funding,By technology,Solar,Later stage,2019,0,Percentage,5.166666508
TUR,TURKEY,Probability to receive funding,By technology,Solar,Later stage,2020,0,Percentage,5.166666508
TUR,TURKEY,Probability to receive funding,By technology,Solar,Later stage,2021,0,Percentage,5.166666508
TUR,TURKEY,Probability to receive funding,By technology,Wind,Later stage,2015,0,Percentage,0.416666657
TUR,TURKEY,Probability to receive funding,By technology,Wind,Later stage,2016,0,Percentage,0.416666657
TUR,TURKEY,Probability to receive funding,By technology,Wind,Later stage,2017,0,Percentage,0.75
TUR,TURKEY,Probability to receive funding,By technology,Wind,Later stage,2018,0,Percentage,0.916666687
TUR,TURKEY,Probability to receive funding,By technology,Wind,Later stage,2019,0,Percentage,0.916666687
TUR,TURKEY,Probability to receive funding,By technology,Wind,Later stage,2020,0,Percentage,0.916666687
TUR,TURKEY,Probability to receive funding,By technology,Wind,Later stage,2021,0,Percentage,0.916666687
TKM,TURKMENISTAN,Probability to receive funding,"By sector (energy, green, digital)",Non-energy,Early stage,2021,0,Percentage,1
TKM,TURKMENISTAN,Probability to receive funding,"By sector (energy, green, digital)",Non-energy,Later stage,2021,0,Percentage,1
TCA,TURKS AND CAICOS ISLANDS,Probability to receive funding,"By sector (energy, green, digital)",Non-energy,Early stage,2021,0,Percentage,2
TCA,TURKS AND CAICOS ISLANDS,Probability to receive funding,"By sector (energy, green, digital)",Non-energy,Later stage,2021,0,Percentage,2
UGA,UGANDA,Fundings of start-ups,"By sector (energy, green, digital)",Energy,Early stage,2015,23535.91211,USD,1
UGA,UGANDA,Fundings of start-ups,"By sector (energy, green, digital)",Energy,Early stage,2021,887500,USD,2
UGA,UGANDA,Probability to receive funding,"By sector (energy, green, digital)",Energy,Early stage,2021,9.677419662,Percentage,31
UGA,UGANDA,Fundings of start-ups,"By sector (energy, green, digital)",Energy,Early stage,2022,2.658904076,Years,31
UGA,UGANDA,Probability to receive funding,"By sector (energy, green, digital)",Energy and digital,Early stage,2021,0,Percentage,4
UGA,UGANDA,Fundings of start-ups,"By sector (energy, green, digital)",Energy and non-digital,Early stage,2015,23535.91211,USD,1
UGA,UGANDA,Probability to receive funding,"By sector (energy, green, digital)",Energy and non-digital,Early stage,2021,11.11111069,Percentage,27
UGA,UGANDA,Fundings of start-ups,"By sector (energy, green, digital)",Energy and non-digital,Early stage,2021,887500,USD,2
UGA,UGANDA,Fundings of start-ups,"By sector (energy, green, digital)",Energy and non-digital,Early stage,2022,2.658904076,Years,27
UGA,UGANDA,Fundings of start-ups,"By sector (energy, green, digital)",Non-energy,Early stage,2009,19481.70703,USD,1
UGA,UGANDA,Fundings of start-ups,"By sector (energy, green, digital)",Non-energy,Early stage,2013,689023.875,USD,4
UGA,UGANDA,Fundings of start-ups,"By sector (energy, green, digital)",Non-energy,Early stage,2014,68254.14063,USD,2
UGA,UGANDA,Fundings of start-ups,"By sector (energy, green, digital)",Non-energy,Early stage,2015,1482762.375,USD,4
UGA,UGANDA,Fundings of start-ups,"By sector (energy, green, digital)",Non-energy,Early stage,2016,845054.375,USD,3
UGA,UGANDA,Fundings of start-ups,"By sector (energy, green, digital)",Non-energy,Early stage,2017,1705133,USD,5
UGA,UGANDA,Fundings of start-ups,"By sector (energy, green, digital)",Non-energy,Early stage,2018,1519843.75,USD,6
UGA,UGANDA,Fundings of start-ups,"By sector (energy, green, digital)",Non-energy,Early stage,2019,652040.8125,USD,3
UGA,UGANDA,Fundings of start-ups,"By sector (energy, green, digital)",Non-energy,Early stage,2020,11413788,USD,4
UGA,UGANDA,Fundings of start-ups,"By sector (energy, green, digital)",Non-energy,Early stage,2021,7115435,USD,4
UGA,UGANDA,Probability to receive funding,"By sector (energy, green, digital)",Non-energy,Early stage,2021,10.24390221,Percentage,410
UGA,UGANDA,Fundings of start-ups,"By sector (energy, green, digital)",Non-energy,Early stage,2022,14350000,USD,4
UGA,UGANDA,Fundings of start-ups,"By sector (energy, green, digital)",Non-energy,Early stage,2022,2.461301327,Years,414
UGA,UGANDA,Probability to receive funding,"By sector (energy, green, digital)",Energy,Later stage,2021,0,Percentage,31
UGA,UGANDA,Probability to receive funding,"By sector (energy, green, digital)",Energy and digital,Later stage,2021,0,Percentage,4
UGA,UGANDA,Probability to receive funding,"By sector (energy, green, digital)",Energy and non-digital,Later stage,2021,0,Percentage,27
UGA,UGANDA,Fundings of start-ups,"By sector (energy, green, digital)",Non-energy,Later stage,2019,14127551,USD,1
UGA,UGANDA,Probability to receive funding,"By sector (energy, green, digital)",Non-energy,Later stage,2021,0.731707335,Percentage,410
UGA,UGANDA,Fundings of start-ups,"By sector (energy, green, digital)",Non-energy,Later stage,2022,4.790867805,Years,414
UGA,UGANDA,Fundings of start-ups,By technology,Energy efficiency,all,2015,7845.303711,USD,0.333333343
UGA,UGANDA,Fundings of start-ups,By technology,Fossil fuels,all,2015,7845.303711,USD,0.333333343
UGA,UGANDA,Fundings of start-ups,By technology,Other energy,all,2015,7845.303711,USD,0.333333343
UGA,UGANDA,Fundings of start-ups,By technology,Other renewables,all,2019,27168.36719,USD,0.5
UGA,UGANDA,Fundings of start-ups,By technology,Other renewables,all,2021,443750,USD,1
UGA,UGANDA,Fundings of start-ups,By technology,Solar,all,2019,27168.36719,USD,0.5
UGA,UGANDA,Fundings of start-ups,By technology,Solar,all,2021,443750,USD,1
UGA,UGANDA,Probability to receive funding,By technology,Bioenergy,Early stage,2019,0,Percentage,0.333333343
UGA,UGANDA,Probability to receive funding,By technology,Bioenergy,Early stage,2020,0,Percentage,0.333333343
UGA,UGANDA,Probability to receive funding,By technology,Bioenergy,Early stage,2021,0,Percentage,0.333333343
UGA,UGANDA,Fundings of start-ups,By technology,Clean energy,Early stage,2015,23535.91211,USD,1
UGA,UGANDA,Probability to receive funding,By technology,Clean energy,Early stage,2021,14.28571415,Percentage,14
UGA,UGANDA,Fundings of start-ups,By technology,Clean energy,Early stage,2021,887500,USD,2
UGA,UGANDA,Fundings of start-ups,By technology,Clean energy,Early stage,2022,2.658904076,Years,14
UGA,UGANDA,Probability to receive funding,By technology,Energy efficiency,Early stage,2015,50,Percentage,0.666666687
UGA,UGANDA,Probability to receive funding,By technology,Energy efficiency,Early stage,2016,50,Percentage,0.666666687
UGA,UGANDA,Probability to receive funding,By technology,Energy efficiency,Early stage,2017,50,Percentage,0.666666687
UGA,UGANDA,Probability to receive funding,By technology,Energy efficiency,Early stage,2018,50,Percentage,0.666666687
UGA,UGANDA,Probability to receive funding,By technology,Energy efficiency,Early stage,2019,50,Percentage,0.666666687
UGA,UGANDA,Probability to receive funding,By technology,Energy efficiency,Early stage,2020,50,Percentage,0.666666687
UGA,UGANDA,Probability to receive funding,By technology,Energy efficiency,Early stage,2021,50,Percentage,0.666666687
UGA,UGANDA,Probability to receive funding,By technology,Energy storage and batteries,Early stage,2017,0,Percentage,0.5
UGA,UGANDA,Probability to receive funding,By technology,Energy storage and batteries,Early stage,2018,0,Percentage,0.5
UGA,UGANDA,Probability to receive funding,By technology,Energy storage and batteries,Early stage,2019,0,Percentage,0.5
UGA,UGANDA,Probability to receive funding,By technology,Energy storage and batteries,Early stage,2020,0,Percentage,0.5
UGA,UGANDA,Probability to receive funding,By technology,Energy storage and batteries,Early stage,2021,0,Percentage,0.5
UGA,UGANDA,Probability to receive funding,By technology,Fossil fuels,Early stage,2015,50,Percentage,0.666666687
UGA,UGANDA,Probability to receive funding,By technology,Fossil fuels,Early stage,2016,50,Percentage,0.666666687
UGA,UGANDA,Probability to receive funding,By technology,Fossil fuels,Early stage,2017,50,Percentage,0.666666687
UGA,UGANDA,Probability to receive funding,By technology,Fossil fuels,Early stage,2018,50,Percentage,0.666666687
UGA,UGANDA,Probability to receive funding,By technology,Fossil fuels,Early stage,2019,50,Percentage,0.666666687
UGA,UGANDA,Probability to receive funding,By technology,Fossil fuels,Early stage,2020,50,Percentage,0.666666687
UGA,UGANDA,Probability to receive funding,By technology,Fossil fuels,Early stage,2021,50,Percentage,0.666666687
UGA,UGANDA,Probability to receive funding,By technology,Grid,Early stage,2015,0,Percentage,1.833333373
UGA,UGANDA,Probability to receive funding,By technology,Grid,Early stage,2016,0,Percentage,1.833333373
UGA,UGANDA,Probability to receive funding,By technology,Grid,Early stage,2017,0,Percentage,1.833333373
UGA,UGANDA,Probability to receive funding,By technology,Grid,Early stage,2018,0,Percentage,1.833333373
UGA,UGANDA,Probability to receive funding,By technology,Grid,Early stage,2019,0,Percentage,1.833333373
UGA,UGANDA,Probability to receive funding,By technology,Grid,Early stage,2020,0,Percentage,1.833333373
UGA,UGANDA,Probability to receive funding,By technology,Grid,Early stage,2021,0,Percentage,1.833333373
UGA,UGANDA,Probability to receive funding,By technology,Non-clean energy,Early stage,2021,5.882352829,Percentage,17
UGA,UGANDA,Probability to receive funding,By technology,Other energy,Early stage,2015,3.030303001,Percentage,11
UGA,UGANDA,Probability to receive funding,By technology,Other energy,Early stage,2016,2.56410265,Percentage,13
UGA,UGANDA,Probability to receive funding,By technology,Other energy,Early stage,2017,2.325581312,Percentage,14.33333302
UGA,UGANDA,Probability to receive funding,By technology,Other energy,Early stage,2018,2.247190952,Percentage,14.83333302
UGA,UGANDA,Probability to receive funding,By technology,Other energy,Early stage,2019,8.247422218,Percentage,16.16666603
UGA,UGANDA,Probability to receive funding,By technology,Other energy,Early stage,2020,8.247422218,Percentage,16.16666603
UGA,UGANDA,Probability to receive funding,By technology,Other energy,Early stage,2021,8.247422218,Percentage,16.16666603
UGA,UGANDA,Probability to receive funding,By technology,Other renewables,Early stage,2015,0,Percentage,4.333333492
UGA,UGANDA,Probability to receive funding,By technology,Other renewables,Early stage,2016,8.571428299,Percentage,5.833333492
UGA,UGANDA,Probability to receive funding,By technology,Other renewables,Early stage,2017,7.5,Percentage,6.666666508
UGA,UGANDA,Probability to receive funding,By technology,Other renewables,Early stage,2018,7.5,Percentage,6.666666508
UGA,UGANDA,Probability to receive funding,By technology,Other renewables,Early stage,2019,7.142857075,Percentage,7
UGA,UGANDA,Probability to receive funding,By technology,Other renewables,Early stage,2020,7.142857075,Percentage,7
UGA,UGANDA,Probability to receive funding,By technology,Other renewables,Early stage,2021,7.142857075,Percentage,7
UGA,UGANDA,Probability to receive funding,By technology,Solar,Early stage,2015,0,Percentage,2.5
UGA,UGANDA,Probability to receive funding,By technology,Solar,Early stage,2016,16.66666603,Percentage,3
UGA,UGANDA,Probability to receive funding,By technology,Solar,Early stage,2017,15,Percentage,3.333333254
UGA,UGANDA,Probability to receive funding,By technology,Solar,Early stage,2018,13.04347801,Percentage,3.833333254
UGA,UGANDA,Probability to receive funding,By technology,Solar,Early stage,2019,13.04347801,Percentage,3.833333254
UGA,UGANDA,Probability to receive funding,By technology,Solar,Early stage,2020,13.04347801,Percentage,3.833333254
UGA,UGANDA,Probability to receive funding,By technology,Solar,Early stage,2021,13.04347801,Percentage,3.833333254
UGA,UGANDA,Probability to receive funding,By technology,Bioenergy,Later stage,2019,0,Percentage,0.333333343
UGA,UGANDA,Probability to receive funding,By technology,Bioenergy,Later stage,2020,0,Percentage,0.333333343
UGA,UGANDA,Probability to receive funding,By technology,Bioenergy,Later stage,2021,0,Percentage,0.333333343
UGA,UGANDA,Probability to receive funding,By technology,Clean energy,Later stage,2021,0,Percentage,14
UGA,UGANDA,Probability to receive funding,By technology,Energy efficiency,Later stage,2015,0,Percentage,0.666666687
UGA,UGANDA,Probability to receive funding,By technology,Energy efficiency,Later stage,2016,0,Percentage,0.666666687
UGA,UGANDA,Probability to receive funding,By technology,Energy efficiency,Later stage,2017,0,Percentage,0.666666687
UGA,UGANDA,Probability to receive funding,By technology,Energy efficiency,Later stage,2018,0,Percentage,0.666666687
UGA,UGANDA,Probability to receive funding,By technology,Energy efficiency,Later stage,2019,0,Percentage,0.666666687
UGA,UGANDA,Probability to receive funding,By technology,Energy efficiency,Later stage,2020,0,Percentage,0.666666687
UGA,UGANDA,Probability to receive funding,By technology,Energy efficiency,Later stage,2021,0,Percentage,0.666666687
UGA,UGANDA,Probability to receive funding,By technology,Energy storage and batteries,Later stage,2017,0,Percentage,0.5
UGA,UGANDA,Probability to receive funding,By technology,Energy storage and batteries,Later stage,2018,0,Percentage,0.5
UGA,UGANDA,Probability to receive funding,By technology,Energy storage and batteries,Later stage,2019,0,Percentage,0.5
UGA,UGANDA,Probability to receive funding,By technology,Energy storage and batteries,Later stage,2020,0,Percentage,0.5
UGA,UGANDA,Probability to receive funding,By technology,Energy storage and batteries,Later stage,2021,0,Percentage,0.5
UGA,UGANDA,Probability to receive funding,By technology,Fossil fuels,Later stage,2015,0,Percentage,0.666666687
UGA,UGANDA,Probability to receive funding,By technology,Fossil fuels,Later stage,2016,0,Percentage,0.666666687
UGA,UGANDA,Probability to receive funding,By technology,Fossil fuels,Later stage,2017,0,Percentage,0.666666687
UGA,UGANDA,Probability to receive funding,By technology,Fossil fuels,Later stage,2018,0,Percentage,0.666666687
UGA,UGANDA,Probability to receive funding,By technology,Fossil fuels,Later stage,2019,0,Percentage,0.666666687
UGA,UGANDA,Probability to receive funding,By technology,Fossil fuels,Later stage,2020,0,Percentage,0.666666687
UGA,UGANDA,Probability to receive funding,By technology,Fossil fuels,Later stage,2021,0,Percentage,0.666666687
UGA,UGANDA,Probability to receive funding,By technology,Grid,Later stage,2015,0,Percentage,1.833333373
UGA,UGANDA,Probability to receive funding,By technology,Grid,Later stage,2016,0,Percentage,1.833333373
UGA,UGANDA,Probability to receive funding,By technology,Grid,Later stage,2017,0,Percentage,1.833333373
UGA,UGANDA,Probability to receive funding,By technology,Grid,Later stage,2018,0,Percentage,1.833333373
UGA,UGANDA,Probability to receive funding,By technology,Grid,Later stage,2019,0,Percentage,1.833333373
UGA,UGANDA,Probability to receive funding,By technology,Grid,Later stage,2020,0,Percentage,1.833333373
UGA,UGANDA,Probability to receive funding,By technology,Grid,Later stage,2021,0,Percentage,1.833333373
UGA,UGANDA,Probability to receive funding,By technology,Non-clean energy,Later stage,2021,0,Percentage,17
UGA,UGANDA,Probability to receive funding,By technology,Other energy,Later stage,2015,0,Percentage,11
UGA,UGANDA,Probability to receive funding,By technology,Other energy,Later stage,2016,0,Percentage,13
UGA,UGANDA,Probability to receive funding,By technology,Other energy,Later stage,2017,0,Percentage,14.33333302
UGA,UGANDA,Probability to receive funding,By technology,Other energy,Later stage,2018,0,Percentage,14.83333302
UGA,UGANDA,Probability to receive funding,By technology,Other energy,Later stage,2019,0,Percentage,16.16666603
UGA,UGANDA,Probability to receive funding,By technology,Other energy,Later stage,2020,0,Percentage,16.16666603
UGA,UGANDA,Probability to receive funding,By technology,Other energy,Later stage,2021,0,Percentage,16.16666603
UGA,UGANDA,Probability to receive funding,By technology,Other renewables,Later stage,2015,0,Percentage,4.333333492
UGA,UGANDA,Probability to receive funding,By technology,Other renewables,Later stage,2016,0,Percentage,5.833333492
UGA,UGANDA,Probability to receive funding,By technology,Other renewables,Later stage,2017,0,Percentage,6.666666508
UGA,UGANDA,Probability to receive funding,By technology,Other renewables,Later stage,2018,0,Percentage,6.666666508
UGA,UGANDA,Probability to receive funding,By technology,Other renewables,Later stage,2019,0,Percentage,7
UGA,UGANDA,Probability to receive funding,By technology,Other renewables,Later stage,2020,0,Percentage,7
UGA,UGANDA,Probability to receive funding,By technology,Other renewables,Later stage,2021,0,Percentage,7
UGA,UGANDA,Probability to receive funding,By technology,Solar,Later stage,2015,0,Percentage,2.5
UGA,UGANDA,Probability to receive funding,By technology,Solar,Later stage,2016,0,Percentage,3
UGA,UGANDA,Probability to receive funding,By technology,Solar,Later stage,2017,0,Percentage,3.333333254
UGA,UGANDA,Probability to receive funding,By technology,Solar,Later stage,2018,0,Percentage,3.833333254
UGA,UGANDA,Probability to receive funding,By technology,Solar,Later stage,2019,0,Percentage,3.833333254
UGA,UGANDA,Probability to receive funding,By technology,Solar,Later stage,2020,0,Percentage,3.833333254
UGA,UGANDA,Probability to receive funding,By technology,Solar,Later stage,2021,0,Percentage,3.833333254
UKR,UKRAINE,Fundings of start-ups,"By sector (energy, green, digital)",Energy,Early stage,2005,71476.50781,USD,1
UKR,UKRAINE,Fundings of start-ups,"By sector (energy, green, digital)",Energy,Early stage,2010,127544.9141,USD,1
UKR,UKRAINE,Fundings of start-ups,"By sector (energy, green, digital)",Energy,Early stage,2013,1980421.375,USD,2
UKR,UKRAINE,Fundings of start-ups,"By sector (energy, green, digital)",Energy,Early stage,2016,115760.8672,USD,1
UKR,UKRAINE,Probability to receive funding,"By sector (energy, green, digital)",Energy,Early stage,2021,4.098360538,Percentage,122
UKR,UKRAINE,Fundings of start-ups,"By sector (energy, green, digital)",Energy,Early stage,2022,1.105753422,Years,122
UKR,UKRAINE,Fundings of start-ups,"By sector (energy, green, digital)",Energy and digital,Early stage,2005,71476.50781,USD,1
UKR,UKRAINE,Fundings of start-ups,"By sector (energy, green, digital)",Energy and digital,Early stage,2010,127544.9141,USD,1
UKR,UKRAINE,Probability to receive funding,"By sector (energy, green, digital)",Energy and digital,Early stage,2021,2.127659559,Percentage,47
UKR,UKRAINE,Fundings of start-ups,"By sector (energy, green, digital)",Energy and digital,Early stage,2022,0,Years,47
UKR,UKRAINE,Fundings of start-ups,"By sector (energy, green, digital)",Energy and non-digital,Early stage,2013,1980421.375,USD,2
UKR,UKRAINE,Fundings of start-ups,"By sector (energy, green, digital)",Energy and non-digital,Early stage,2016,115760.8672,USD,1
UKR,UKRAINE,Probability to receive funding,"By sector (energy, green, digital)",Energy and non-digital,Early stage,2021,5.333333492,Percentage,75
UKR,UKRAINE,Fundings of start-ups,"By sector (energy, green, digital)",Energy and non-digital,Early stage,2022,1.382191777,Years,75
UKR,UKRAINE,Fundings of start-ups,"By sector (energy, green, digital)",Non-energy,Early stage,2000,49700000,USD,1
UKR,UKRAINE,Fundings of start-ups,"By sector (energy, green, digital)",Non-energy,Early stage,2004,36724.13672,USD,1
UKR,UKRAINE,Fundings of start-ups,"By sector (energy, green, digital)",Non-energy,Early stage,2007,66981.13281,USD,1
UKR,UKRAINE,Fundings of start-ups,"By sector (energy, green, digital)",Non-energy,Early stage,2008,258181.8125,USD,1
UKR,UKRAINE,Fundings of start-ups,"By sector (energy, green, digital)",Non-energy,Early stage,2009,441585.375,USD,3
UKR,UKRAINE,Fundings of start-ups,"By sector (energy, green, digital)",Non-energy,Early stage,2010,6675700.5,USD,5
UKR,UKRAINE,Fundings of start-ups,"By sector (energy, green, digital)",Non-energy,Early stage,2011,3925639.5,USD,6
UKR,UKRAINE,Fundings of start-ups,"By sector (energy, green, digital)",Non-energy,Early stage,2012,1482528.375,USD,12
UKR,UKRAINE,Fundings of start-ups,"By sector (energy, green, digital)",Non-energy,Early stage,2013,11906439,USD,24
UKR,UKRAINE,Fundings of start-ups,"By sector (energy, green, digital)",Non-energy,Early stage,2014,10450793,USD,27
UKR,UKRAINE,Fundings of start-ups,"By sector (energy, green, digital)",Non-energy,Early stage,2015,5590956,USD,13
UKR,UKRAINE,Fundings of start-ups,"By sector (energy, green, digital)",Non-energy,Early stage,2016,6644089.5,USD,10
UKR,UKRAINE,Fundings of start-ups,"By sector (energy, green, digital)",Non-energy,Early stage,2017,1778776.625,USD,9
UKR,UKRAINE,Fundings of start-ups,"By sector (energy, green, digital)",Non-energy,Early stage,2018,1945504.25,USD,11
UKR,UKRAINE,Fundings of start-ups,"By sector (energy, green, digital)",Non-energy,Early stage,2019,19883428,USD,13
UKR,UKRAINE,Fundings of start-ups,"By sector (energy, green, digital)",Non-energy,Early stage,2020,16024672,USD,10
UKR,UKRAINE,Fundings of start-ups,"By sector (energy, green, digital)",Non-energy,Early stage,2021,19072246,USD,10
UKR,UKRAINE,Probability to receive funding,"By sector (energy, green, digital)",Non-energy,Early stage,2021,4.651162624,Percentage,3483
UKR,UKRAINE,Fundings of start-ups,"By sector (energy, green, digital)",Non-energy,Early stage,2022,1.501387119,Years,3491
UKR,UKRAINE,Fundings of start-ups,"By sector (energy, green, digital)",Non-energy,Early stage,2022,5746699,USD,10
UKR,UKRAINE,Probability to receive funding,"By sector (energy, green, digital)",Energy,Later stage,2021,0,Percentage,122
UKR,UKRAINE,Probability to receive funding,"By sector (energy, green, digital)",Energy and digital,Later stage,2021,0,Percentage,47
UKR,UKRAINE,Probability to receive funding,"By sector (energy, green, digital)",Energy and non-digital,Later stage,2021,0,Percentage,75
UKR,UKRAINE,Fundings of start-ups,"By sector (energy, green, digital)",Non-energy,Later stage,2015,1765193.375,USD,1
UKR,UKRAINE,Fundings of start-ups,"By sector (energy, green, digital)",Non-energy,Later stage,2016,2894021.75,USD,2
UKR,UKRAINE,Fundings of start-ups,"By sector (energy, green, digital)",Non-energy,Later stage,2020,5378788,USD,1
UKR,UKRAINE,Fundings of start-ups,"By sector (energy, green, digital)",Non-energy,Later stage,2021,1955072.5,USD,1
UKR,UKRAINE,Probability to receive funding,"By sector (energy, green, digital)",Non-energy,Later stage,2021,0.373241454,Percentage,3483
UKR,UKRAINE,Fundings of start-ups,"By sector (energy, green, digital)",Non-energy,Later stage,2022,3.900948286,Years,3491
UKR,UKRAINE,Fundings of start-ups,By technology,Electric mobility,all,2016,57880.43359,USD,0.5
UKR,UKRAINE,Fundings of start-ups,By technology,Energy efficiency,all,2005,14295.30176,USD,0.200000003
UKR,UKRAINE,Fundings of start-ups,By technology,Energy efficiency,all,2010,25508.98242,USD,0.200000003
UKR,UKRAINE,Fundings of start-ups,By technology,Energy efficiency,all,2013,1794943.875,USD,1
UKR,UKRAINE,Fundings of start-ups,By technology,Grid,all,2005,14295.30176,USD,0.200000003
UKR,UKRAINE,Fundings of start-ups,By technology,Grid,all,2010,25508.98242,USD,0.200000003
UKR,UKRAINE,Fundings of start-ups,By technology,Grid,all,2013,221376.4063,USD,2
UKR,UKRAINE,Fundings of start-ups,By technology,Grid,all,2015,294198.9063,USD,1
UKR,UKRAINE,Fundings of start-ups,By technology,Other energy,all,2005,14295.30176,USD,0.200000003
UKR,UKRAINE,Fundings of start-ups,By technology,Other energy,all,2010,25508.98242,USD,0.200000003
UKR,UKRAINE,Fundings of start-ups,By technology,Other energy,all,2016,57880.43359,USD,0.5
UKR,UKRAINE,Fundings of start-ups,By technology,Other renewables,all,2005,14295.30176,USD,0.200000003
UKR,UKRAINE,Fundings of start-ups,By technology,Other renewables,all,2010,25508.98242,USD,0.200000003
UKR,UKRAINE,Fundings of start-ups,By technology,Solar,all,2005,14295.30176,USD,0.200000003
UKR,UKRAINE,Fundings of start-ups,By technology,Solar,all,2010,25508.98242,USD,0.200000003
UKR,UKRAINE,Probability to receive funding,By technology,Bioenergy,Early stage,2015,0,Percentage,2.333333254
UKR,UKRAINE,Probability to receive funding,By technology,Bioenergy,Early stage,2016,0,Percentage,2.333333254
UKR,UKRAINE,Probability to receive funding,By technology,Bioenergy,Early stage,2017,0,Percentage,2.333333254
UKR,UKRAINE,Probability to receive funding,By technology,Bioenergy,Early stage,2018,0,Percentage,2.333333254
UKR,UKRAINE,Probability to receive funding,By technology,Bioenergy,Early stage,2019,0,Percentage,2.333333254
UKR,UKRAINE,Probability to receive funding,By technology,Bioenergy,Early stage,2020,0,Percentage,2.333333254
UKR,UKRAINE,Probability to receive funding,By technology,Bioenergy,Early stage,2021,0,Percentage,2.333333254
UKR,UKRAINE,Fundings of start-ups,By technology,Clean energy,Early stage,2005,71476.50781,USD,1
UKR,UKRAINE,Fundings of start-ups,By technology,Clean energy,Early stage,2010,127544.9141,USD,1
UKR,UKRAINE,Fundings of start-ups,By technology,Clean energy,Early stage,2016,115760.8672,USD,1
UKR,UKRAINE,Probability to receive funding,By technology,Clean energy,Early stage,2021,6.521739006,Percentage,46
UKR,UKRAINE,Fundings of start-ups,By technology,Clean energy,Early stage,2022,1.261187196,Years,46
UKR,UKRAINE,Probability to receive funding,By technology,Electric mobility,Early stage,2015,75,Percentage,2
UKR,UKRAINE,Probability to receive funding,By technology,Electric mobility,Early stage,2016,75,Percentage,2
UKR,UKRAINE,Probability to receive funding,By technology,Electric mobility,Early stage,2017,75,Percentage,2
UKR,UKRAINE,Probability to receive funding,By technology,Electric mobility,Early stage,2018,75,Percentage,2
UKR,UKRAINE,Probability to receive funding,By technology,Electric mobility,Early stage,2019,75,Percentage,2
UKR,UKRAINE,Probability to receive funding,By technology,Electric mobility,Early stage,2020,75,Percentage,2
UKR,UKRAINE,Probability to receive funding,By technology,Electric mobility,Early stage,2021,75,Percentage,2
UKR,UKRAINE,Probability to receive funding,By technology,Energy efficiency,Early stage,2015,5.228758335,Percentage,22.95000076
UKR,UKRAINE,Probability to receive funding,By technology,Energy efficiency,Early stage,2016,4.624277592,Percentage,25.95000076
UKR,UKRAINE,Probability to receive funding,By technology,Energy efficiency,Early stage,2017,4.07470274,Percentage,29.45000076
UKR,UKRAINE,Probability to receive funding,By technology,Energy efficiency,Early stage,2018,3.815580368,Percentage,31.45000076
UKR,UKRAINE,Probability to receive funding,By technology,Energy efficiency,Early stage,2019,3.755868435,Percentage,31.95000076
UKR,UKRAINE,Probability to receive funding,By technology,Energy efficiency,Early stage,2020,3.755868435,Percentage,31.95000076
UKR,UKRAINE,Probability to receive funding,By technology,Energy efficiency,Early stage,2021,3.641881704,Percentage,32.95000076
UKR,UKRAINE,Probability to receive funding,By technology,Energy storage and batteries,Early stage,2015,0,Percentage,3.25
UKR,UKRAINE,Probability to receive funding,By technology,Energy storage and batteries,Early stage,2016,0,Percentage,3.25
UKR,UKRAINE,Probability to receive funding,By technology,Energy storage and batteries,Early stage,2017,0,Percentage,3.25
UKR,UKRAINE,Probability to receive funding,By technology,Energy storage and batteries,Early stage,2018,0,Percentage,3.25
UKR,UKRAINE,Probability to receive funding,By technology,Energy storage and batteries,Early stage,2019,0,Percentage,3.25
UKR,UKRAINE,Probability to receive funding,By technology,Energy storage and batteries,Early stage,2020,0,Percentage,4.25
UKR,UKRAINE,Probability to receive funding,By technology,Energy storage and batteries,Early stage,2021,0,Percentage,4.25
UKR,UKRAINE,Probability to receive funding,By technology,Fossil fuels,Early stage,2015,0,Percentage,10.16666698
UKR,UKRAINE,Probability to receive funding,By technology,Fossil fuels,Early stage,2016,0,Percentage,10.66666698
UKR,UKRAINE,Probability to receive funding,By technology,Fossil fuels,Early stage,2017,0,Percentage,11.66666698
UKR,UKRAINE,Probability to receive funding,By technology,Fossil fuels,Early stage,2018,0,Percentage,11.66666698
UKR,UKRAINE,Probability to receive funding,By technology,Fossil fuels,Early stage,2019,0,Percentage,12.66666698
UKR,UKRAINE,Probability to receive funding,By technology,Fossil fuels,Early stage,2020,0,Percentage,12.66666698
UKR,UKRAINE,Probability to receive funding,By technology,Fossil fuels,Early stage,2021,0,Percentage,12.66666698
UKR,UKRAINE,Probability to receive funding,By technology,Grid,Early stage,2015,6.844106674,Percentage,17.53333282
UKR,UKRAINE,Probability to receive funding,By technology,Grid,Early stage,2016,6.654343605,Percentage,18.03333282
UKR,UKRAINE,Probability to receive funding,By technology,Grid,Early stage,2017,6.654343605,Percentage,18.03333282
UKR,UKRAINE,Probability to receive funding,By technology,Grid,Early stage,2018,6.360424042,Percentage,18.86666679
UKR,UKRAINE,Probability to receive funding,By technology,Grid,Early stage,2019,6.196213245,Percentage,19.36666679
UKR,UKRAINE,Probability to receive funding,By technology,Grid,Early stage,2020,6.196213245,Percentage,19.36666679
UKR,UKRAINE,Probability to receive funding,By technology,Grid,Early stage,2021,6.196213245,Percentage,19.36666679
UKR,UKRAINE,Probability to receive funding,By technology,Hydrogen and fuel cells,Early stage,2015,0,Percentage,0.333333343
UKR,UKRAINE,Probability to receive funding,By technology,Hydrogen and fuel cells,Early stage,2016,0,Percentage,0.333333343
UKR,UKRAINE,Probability to receive funding,By technology,Hydrogen and fuel cells,Early stage,2017,0,Percentage,0.333333343
UKR,UKRAINE,Probability to receive funding,By technology,Hydrogen and fuel cells,Early stage,2018,0,Percentage,0.333333343
UKR,UKRAINE,Probability to receive funding,By technology,Hydrogen and fuel cells,Early stage,2019,0,Percentage,0.333333343
UKR,UKRAINE,Probability to receive funding,By technology,Hydrogen and fuel cells,Early stage,2020,0,Percentage,0.333333343
UKR,UKRAINE,Probability to receive funding,By technology,Hydrogen and fuel cells,Early stage,2021,0,Percentage,0.333333343
UKR,UKRAINE,Fundings of start-ups,By technology,Non-clean energy,Early stage,2013,1980421.375,USD,2
UKR,UKRAINE,Probability to receive funding,By technology,Non-clean energy,Early stage,2021,2.631578922,Percentage,76
UKR,UKRAINE,Fundings of start-ups,By technology,Non-clean energy,Early stage,2022,0.872602761,Years,76
UKR,UKRAINE,Probability to receive funding,By technology,Other energy,Early stage,2015,3.354632616,Percentage,20.86666679
UKR,UKRAINE,Probability to receive funding,By technology,Other energy,Early stage,2016,3.153153181,Percentage,22.20000076
UKR,UKRAINE,Probability to receive funding,By technology,Other energy,Early stage,2017,3.083700418,Percentage,22.70000076
UKR,UKRAINE,Probability to receive funding,By technology,Other energy,Early stage,2018,2.932960987,Percentage,23.86666679
UKR,UKRAINE,Probability to receive funding,By technology,Other energy,Early stage,2019,2.932960987,Percentage,23.86666679
UKR,UKRAINE,Probability to receive funding,By technology,Other energy,Early stage,2020,2.932960987,Percentage,23.86666679
UKR,UKRAINE,Probability to receive funding,By technology,Other energy,Early stage,2021,2.932960987,Percentage,23.86666679
UKR,UKRAINE,Probability to receive funding,By technology,Other renewables,Early stage,2015,2.366863966,Percentage,8.449999809
UKR,UKRAINE,Probability to receive funding,By technology,Other renewables,Early stage,2016,2.15439868,Percentage,9.283333778
UKR,UKRAINE,Probability to receive funding,By technology,Other renewables,Early stage,2017,2.15439868,Percentage,9.283333778
UKR,UKRAINE,Probability to receive funding,By technology,Other renewables,Early stage,2018,2.02702713,Percentage,9.866666794
UKR,UKRAINE,Probability to receive funding,By technology,Other renewables,Early stage,2019,2.02702713,Percentage,9.866666794
UKR,UKRAINE,Probability to receive funding,By technology,Other renewables,Early stage,2020,2.02702713,Percentage,9.866666794
UKR,UKRAINE,Probability to receive funding,By technology,Other renewables,Early stage,2021,2.02702713,Percentage,9.866666794
UKR,UKRAINE,Probability to receive funding,By technology,Solar,Early stage,2015,3.18302393,Percentage,6.283333302
UKR,UKRAINE,Probability to receive funding,By technology,Solar,Early stage,2016,2.193784237,Percentage,9.116666794
UKR,UKRAINE,Probability to receive funding,By technology,Solar,Early stage,2017,2.193784237,Percentage,9.116666794
UKR,UKRAINE,Probability to receive funding,By technology,Solar,Early stage,2018,1.898734212,Percentage,10.53333378
UKR,UKRAINE,Probability to receive funding,By technology,Solar,Early stage,2019,1.898734212,Percentage,10.53333378
UKR,UKRAINE,Probability to receive funding,By technology,Solar,Early stage,2020,1.898734212,Percentage,10.53333378
UKR,UKRAINE,Probability to receive funding,By technology,Solar,Early stage,2021,1.898734212,Percentage,10.53333378
UKR,UKRAINE,Probability to receive funding,By technology,Wind,Early stage,2015,0,Percentage,0.833333313
UKR,UKRAINE,Probability to receive funding,By technology,Wind,Early stage,2016,0,Percentage,0.833333313
UKR,UKRAINE,Probability to receive funding,By technology,Wind,Early stage,2017,0,Percentage,0.833333313
UKR,UKRAINE,Probability to receive funding,By technology,Wind,Early stage,2018,0,Percentage,0.833333313
UKR,UKRAINE,Probability to receive funding,By technology,Wind,Early stage,2019,0,Percentage,0.833333313
UKR,UKRAINE,Probability to receive funding,By technology,Wind,Early stage,2020,0,Percentage,0.833333313
UKR,UKRAINE,Probability to receive funding,By technology,Wind,Early stage,2021,0,Percentage,0.833333313
UKR,UKRAINE,Probability to receive funding,By technology,Bioenergy,Later stage,2015,0,Percentage,2.333333254
UKR,UKRAINE,Probability to receive funding,By technology,Bioenergy,Later stage,2016,0,Percentage,2.333333254
UKR,UKRAINE,Probability to receive funding,By technology,Bioenergy,Later stage,2017,0,Percentage,2.333333254
UKR,UKRAINE,Probability to receive funding,By technology,Bioenergy,Later stage,2018,0,Percentage,2.333333254
UKR,UKRAINE,Probability to receive funding,By technology,Bioenergy,Later stage,2019,0,Percentage,2.333333254
UKR,UKRAINE,Probability to receive funding,By technology,Bioenergy,Later stage,2020,0,Percentage,2.333333254
UKR,UKRAINE,Probability to receive funding,By technology,Bioenergy,Later stage,2021,0,Percentage,2.333333254
UKR,UKRAINE,Probability to receive funding,By technology,Clean energy,Later stage,2021,0,Percentage,46
UKR,UKRAINE,Probability to receive funding,By technology,Electric mobility,Later stage,2015,0,Percentage,2
UKR,UKRAINE,Probability to receive funding,By technology,Electric mobility,Later stage,2016,0,Percentage,2
UKR,UKRAINE,Probability to receive funding,By technology,Electric mobility,Later stage,2017,0,Percentage,2
UKR,UKRAINE,Probability to receive funding,By technology,Electric mobility,Later stage,2018,0,Percentage,2
UKR,UKRAINE,Probability to receive funding,By technology,Electric mobility,Later stage,2019,0,Percentage,2
UKR,UKRAINE,Probability to receive funding,By technology,Electric mobility,Later stage,2020,0,Percentage,2
UKR,UKRAINE,Probability to receive funding,By technology,Electric mobility,Later stage,2021,0,Percentage,2
UKR,UKRAINE,Probability to receive funding,By technology,Energy efficiency,Later stage,2015,0,Percentage,22.95000076
UKR,UKRAINE,Probability to receive funding,By technology,Energy efficiency,Later stage,2016,0,Percentage,25.95000076
UKR,UKRAINE,Probability to receive funding,By technology,Energy efficiency,Later stage,2017,0,Percentage,29.45000076
UKR,UKRAINE,Probability to receive funding,By technology,Energy efficiency,Later stage,2018,0,Percentage,31.45000076
UKR,UKRAINE,Probability to receive funding,By technology,Energy efficiency,Later stage,2019,0,Percentage,31.95000076
UKR,UKRAINE,Probability to receive funding,By technology,Energy efficiency,Later stage,2020,0,Percentage,31.95000076
UKR,UKRAINE,Probability to receive funding,By technology,Energy efficiency,Later stage,2021,0,Percentage,32.95000076
UKR,UKRAINE,Probability to receive funding,By technology,Energy storage and batteries,Later stage,2015,0,Percentage,3.25
UKR,UKRAINE,Probability to receive funding,By technology,Energy storage and batteries,Later stage,2016,0,Percentage,3.25
UKR,UKRAINE,Probability to receive funding,By technology,Energy storage and batteries,Later stage,2017,0,Percentage,3.25
UKR,UKRAINE,Probability to receive funding,By technology,Energy storage and batteries,Later stage,2018,0,Percentage,3.25
UKR,UKRAINE,Probability to receive funding,By technology,Energy storage and batteries,Later stage,2019,0,Percentage,3.25
UKR,UKRAINE,Probability to receive funding,By technology,Energy storage and batteries,Later stage,2020,0,Percentage,4.25
UKR,UKRAINE,Probability to receive funding,By technology,Energy storage and batteries,Later stage,2021,0,Percentage,4.25
UKR,UKRAINE,Probability to receive funding,By technology,Fossil fuels,Later stage,2015,0,Percentage,10.16666698
UKR,UKRAINE,Probability to receive funding,By technology,Fossil fuels,Later stage,2016,0,Percentage,10.66666698
UKR,UKRAINE,Probability to receive funding,By technology,Fossil fuels,Later stage,2017,0,Percentage,11.66666698
UKR,UKRAINE,Probability to receive funding,By technology,Fossil fuels,Later stage,2018,0,Percentage,11.66666698
UKR,UKRAINE,Probability to receive funding,By technology,Fossil fuels,Later stage,2019,0,Percentage,12.66666698
UKR,UKRAINE,Probability to receive funding,By technology,Fossil fuels,Later stage,2020,0,Percentage,12.66666698
UKR,UKRAINE,Probability to receive funding,By technology,Fossil fuels,Later stage,2021,0,Percentage,12.66666698
UKR,UKRAINE,Probability to receive funding,By technology,Grid,Later stage,2015,0,Percentage,17.53333282
UKR,UKRAINE,Probability to receive funding,By technology,Grid,Later stage,2016,0,Percentage,18.03333282
UKR,UKRAINE,Probability to receive funding,By technology,Grid,Later stage,2017,0,Percentage,18.03333282
UKR,UKRAINE,Probability to receive funding,By technology,Grid,Later stage,2018,0,Percentage,18.86666679
UKR,UKRAINE,Probability to receive funding,By technology,Grid,Later stage,2019,0,Percentage,19.36666679
UKR,UKRAINE,Probability to receive funding,By technology,Grid,Later stage,2020,0,Percentage,19.36666679
UKR,UKRAINE,Probability to receive funding,By technology,Grid,Later stage,2021,0,Percentage,19.36666679
UKR,UKRAINE,Probability to receive funding,By technology,Hydrogen and fuel cells,Later stage,2015,0,Percentage,0.333333343
UKR,UKRAINE,Probability to receive funding,By technology,Hydrogen and fuel cells,Later stage,2016,0,Percentage,0.333333343
UKR,UKRAINE,Probability to receive funding,By technology,Hydrogen and fuel cells,Later stage,2017,0,Percentage,0.333333343
UKR,UKRAINE,Probability to receive funding,By technology,Hydrogen and fuel cells,Later stage,2018,0,Percentage,0.333333343
UKR,UKRAINE,Probability to receive funding,By technology,Hydrogen and fuel cells,Later stage,2019,0,Percentage,0.333333343
UKR,UKRAINE,Probability to receive funding,By technology,Hydrogen and fuel cells,Later stage,2020,0,Percentage,0.333333343
UKR,UKRAINE,Probability to receive funding,By technology,Hydrogen and fuel cells,Later stage,2021,0,Percentage,0.333333343
UKR,UKRAINE,Probability to receive funding,By technology,Non-clean energy,Later stage,2021,0,Percentage,76
UKR,UKRAINE,Probability to receive funding,By technology,Other energy,Later stage,2015,0,Percentage,20.86666679
UKR,UKRAINE,Probability to receive funding,By technology,Other energy,Later stage,2016,0,Percentage,22.20000076
UKR,UKRAINE,Probability to receive funding,By technology,Other energy,Later stage,2017,0,Percentage,22.70000076
UKR,UKRAINE,Probability to receive funding,By technology,Other energy,Later stage,2018,0,Percentage,23.86666679
UKR,UKRAINE,Probability to receive funding,By technology,Other energy,Later stage,2019,0,Percentage,23.86666679
UKR,UKRAINE,Probability to receive funding,By technology,Other energy,Later stage,2020,0,Percentage,23.86666679
UKR,UKRAINE,Probability to receive funding,By technology,Other energy,Later stage,2021,0,Percentage,23.86666679
UKR,UKRAINE,Probability to receive funding,By technology,Other renewables,Later stage,2015,0,Percentage,8.449999809
UKR,UKRAINE,Probability to receive funding,By technology,Other renewables,Later stage,2016,0,Percentage,9.283333778
UKR,UKRAINE,Probability to receive funding,By technology,Other renewables,Later stage,2017,0,Percentage,9.283333778
UKR,UKRAINE,Probability to receive funding,By technology,Other renewables,Later stage,2018,0,Percentage,9.866666794
UKR,UKRAINE,Probability to receive funding,By technology,Other renewables,Later stage,2019,0,Percentage,9.866666794
UKR,UKRAINE,Probability to receive funding,By technology,Other renewables,Later stage,2020,0,Percentage,9.866666794
UKR,UKRAINE,Probability to receive funding,By technology,Other renewables,Later stage,2021,0,Percentage,9.866666794
UKR,UKRAINE,Probability to receive funding,By technology,Solar,Later stage,2015,0,Percentage,6.283333302
UKR,UKRAINE,Probability to receive funding,By technology,Solar,Later stage,2016,0,Percentage,9.116666794
UKR,UKRAINE,Probability to receive funding,By technology,Solar,Later stage,2017,0,Percentage,9.116666794
UKR,UKRAINE,Probability to receive funding,By technology,Solar,Later stage,2018,0,Percentage,10.53333378
UKR,UKRAINE,Probability to receive funding,By technology,Solar,Later stage,2019,0,Percentage,10.53333378
UKR,UKRAINE,Probability to receive funding,By technology,Solar,Later stage,2020,0,Percentage,10.53333378
UKR,UKRAINE,Probability to receive funding,By technology,Solar,Later stage,2021,0,Percentage,10.53333378
UKR,UKRAINE,Probability to receive funding,By technology,Wind,Later stage,2015,0,Percentage,0.833333313
UKR,UKRAINE,Probability to receive funding,By technology,Wind,Later stage,2016,0,Percentage,0.833333313
UKR,UKRAINE,Probability to receive funding,By technology,Wind,Later stage,2017,0,Percentage,0.833333313
UKR,UKRAINE,Probability to receive funding,By technology,Wind,Later stage,2018,0,Percentage,0.833333313
UKR,UKRAINE,Probability to receive funding,By technology,Wind,Later stage,2019,0,Percentage,0.833333313
UKR,UKRAINE,Probability to receive funding,By technology,Wind,Later stage,2020,0,Percentage,0.833333313
UKR,UKRAINE,Probability to receive funding,By technology,Wind,Later stage,2021,0,Percentage,0.833333313
ARE,UNITED ARAB EMIRATES,Fundings of start-ups,"By sector (energy, green, digital)",Energy,Early stage,2010,19131736,USD,1
ARE,UNITED ARAB EMIRATES,Fundings of start-ups,"By sector (energy, green, digital)",Energy,Early stage,2016,8103261,USD,2
ARE,UNITED ARAB EMIRATES,Fundings of start-ups,"By sector (energy, green, digital)",Energy,Early stage,2018,2773437.5,USD,1
ARE,UNITED ARAB EMIRATES,Fundings of start-ups,"By sector (energy, green, digital)",Energy,Early stage,2019,70996376,USD,3
ARE,UNITED ARAB EMIRATES,Probability to receive funding,"By sector (energy, green, digital)",Energy,Early stage,2021,7.633587837,Percentage,131
ARE,UNITED ARAB EMIRATES,Fundings of start-ups,"By sector (energy, green, digital)",Energy,Early stage,2021,19962318,USD,2
ARE,UNITED ARAB EMIRATES,Fundings of start-ups,"By sector (energy, green, digital)",Energy,Early stage,2022,2.555342436,Years,132
ARE,UNITED ARAB EMIRATES,Fundings of start-ups,"By sector (energy, green, digital)",Energy,Early stage,2022,1000000,USD,1
ARE,UNITED ARAB EMIRATES,Fundings of start-ups,"By sector (energy, green, digital)",Energy and digital,Early stage,2016,2315217.5,USD,1
ARE,UNITED ARAB EMIRATES,Fundings of start-ups,"By sector (energy, green, digital)",Energy and digital,Early stage,2018,2773437.5,USD,1
ARE,UNITED ARAB EMIRATES,Fundings of start-ups,"By sector (energy, green, digital)",Energy and digital,Early stage,2021,7202898.5,USD,1
ARE,UNITED ARAB EMIRATES,Probability to receive funding,"By sector (energy, green, digital)",Energy and digital,Early stage,2021,8.695652008,Percentage,46
ARE,UNITED ARAB EMIRATES,Fundings of start-ups,"By sector (energy, green, digital)",Energy and digital,Early stage,2022,0.295205474,Years,47
ARE,UNITED ARAB EMIRATES,Fundings of start-ups,"By sector (energy, green, digital)",Energy and non-digital,Early stage,2010,19131736,USD,1
ARE,UNITED ARAB EMIRATES,Fundings of start-ups,"By sector (energy, green, digital)",Energy and non-digital,Early stage,2016,5788043.5,USD,1
ARE,UNITED ARAB EMIRATES,Fundings of start-ups,"By sector (energy, green, digital)",Energy and non-digital,Early stage,2019,70996376,USD,3
ARE,UNITED ARAB EMIRATES,Fundings of start-ups,"By sector (energy, green, digital)",Energy and non-digital,Early stage,2021,12759420,USD,1
ARE,UNITED ARAB EMIRATES,Probability to receive funding,"By sector (energy, green, digital)",Energy and non-digital,Early stage,2021,7.058823586,Percentage,85
ARE,UNITED ARAB EMIRATES,Fundings of start-ups,"By sector (energy, green, digital)",Energy and non-digital,Early stage,2022,4.06210041,Years,85
ARE,UNITED ARAB EMIRATES,Fundings of start-ups,"By sector (energy, green, digital)",Energy and non-digital,Early stage,2022,1000000,USD,1
ARE,UNITED ARAB EMIRATES,Fundings of start-ups,"By sector (energy, green, digital)",Non-energy,Early stage,2000,24204546,USD,1
ARE,UNITED ARAB EMIRATES,Fundings of start-ups,"By sector (energy, green, digital)",Non-energy,Early stage,2009,4628537,USD,5
ARE,UNITED ARAB EMIRATES,Fundings of start-ups,"By sector (energy, green, digital)",Non-energy,Early stage,2010,15305389,USD,1
ARE,UNITED ARAB EMIRATES,Fundings of start-ups,"By sector (energy, green, digital)",Non-energy,Early stage,2011,1347348.875,USD,4
ARE,UNITED ARAB EMIRATES,Fundings of start-ups,"By sector (energy, green, digital)",Non-energy,Early stage,2012,4960721.5,USD,8
ARE,UNITED ARAB EMIRATES,Fundings of start-ups,"By sector (energy, green, digital)",Non-energy,Early stage,2013,20997938,USD,21
ARE,UNITED ARAB EMIRATES,Fundings of start-ups,"By sector (energy, green, digital)",Non-energy,Early stage,2014,29796876,USD,21
ARE,UNITED ARAB EMIRATES,Fundings of start-ups,"By sector (energy, green, digital)",Non-energy,Early stage,2015,58915616,USD,40
ARE,UNITED ARAB EMIRATES,Fundings of start-ups,"By sector (energy, green, digital)",Non-energy,Early stage,2016,175822080,USD,53
ARE,UNITED ARAB EMIRATES,Fundings of start-ups,"By sector (energy, green, digital)",Non-energy,Early stage,2017,160082096,USD,65
ARE,UNITED ARAB EMIRATES,Fundings of start-ups,"By sector (energy, green, digital)",Non-energy,Early stage,2018,393122592,USD,85
ARE,UNITED ARAB EMIRATES,Fundings of start-ups,"By sector (energy, green, digital)",Non-energy,Early stage,2019,297493024,USD,77
ARE,UNITED ARAB EMIRATES,Fundings of start-ups,"By sector (energy, green, digital)",Non-energy,Early stage,2020,208848560,USD,72
ARE,UNITED ARAB EMIRATES,Probability to receive funding,"By sector (energy, green, digital)",Non-energy,Early stage,2021,9.79412365,Percentage,5003
ARE,UNITED ARAB EMIRATES,Fundings of start-ups,"By sector (energy, green, digital)",Non-energy,Early stage,2021,681506112,USD,111
ARE,UNITED ARAB EMIRATES,Fundings of start-ups,"By sector (energy, green, digital)",Non-energy,Early stage,2022,1.544642925,Years,5077
ARE,UNITED ARAB EMIRATES,Fundings of start-ups,"By sector (energy, green, digital)",Non-energy,Early stage,2022,456796672,USD,64
ARE,UNITED ARAB EMIRATES,Probability to receive funding,"By sector (energy, green, digital)",Energy,Later stage,2021,1.526717544,Percentage,131
ARE,UNITED ARAB EMIRATES,Fundings of start-ups,"By sector (energy, green, digital)",Energy,Later stage,2022,5.15342474,Years,132
ARE,UNITED ARAB EMIRATES,Probability to receive funding,"By sector (energy, green, digital)",Energy and digital,Later stage,2021,2.173913002,Percentage,46
ARE,UNITED ARAB EMIRATES,Fundings of start-ups,"By sector (energy, green, digital)",Energy and digital,Later stage,2022,7.158904076,Years,47
ARE,UNITED ARAB EMIRATES,Probability to receive funding,"By sector (energy, green, digital)",Energy and non-digital,Later stage,2021,1.176470637,Percentage,85
ARE,UNITED ARAB EMIRATES,Fundings of start-ups,"By sector (energy, green, digital)",Energy and non-digital,Later stage,2022,3.147945166,Years,85
ARE,UNITED ARAB EMIRATES,Fundings of start-ups,"By sector (energy, green, digital)",Non-energy,Later stage,2012,7866477.5,USD,2
ARE,UNITED ARAB EMIRATES,Fundings of start-ups,"By sector (energy, green, digital)",Non-energy,Later stage,2013,58036516,USD,2
ARE,UNITED ARAB EMIRATES,Fundings of start-ups,"By sector (energy, green, digital)",Non-energy,Later stage,2014,13415470,USD,2
ARE,UNITED ARAB EMIRATES,Fundings of start-ups,"By sector (energy, green, digital)",Non-energy,Later stage,2015,73549720,USD,3
ARE,UNITED ARAB EMIRATES,Fundings of start-ups,"By sector (energy, green, digital)",Non-energy,Later stage,2016,434566304,USD,4
ARE,UNITED ARAB EMIRATES,Fundings of start-ups,"By sector (energy, green, digital)",Non-energy,Later stage,2017,170558624,USD,2
ARE,UNITED ARAB EMIRATES,Fundings of start-ups,"By sector (energy, green, digital)",Non-energy,Later stage,2018,321384704,USD,6
ARE,UNITED ARAB EMIRATES,Fundings of start-ups,"By sector (energy, green, digital)",Non-energy,Later stage,2019,141384176,USD,5
ARE,UNITED ARAB EMIRATES,Fundings of start-ups,"By sector (energy, green, digital)",Non-energy,Later stage,2020,277420480,USD,9
ARE,UNITED ARAB EMIRATES,Probability to receive funding,"By sector (energy, green, digital)",Non-energy,Later stage,2021,1.319208503,Percentage,5003
ARE,UNITED ARAB EMIRATES,Fundings of start-ups,"By sector (energy, green, digital)",Non-energy,Later stage,2021,777943936,USD,8
ARE,UNITED ARAB EMIRATES,Fundings of start-ups,"By sector (energy, green, digital)",Non-energy,Later stage,2022,668000000,USD,7
ARE,UNITED ARAB EMIRATES,Fundings of start-ups,"By sector (energy, green, digital)",Non-energy,Later stage,2022,3.498837709,Years,5077
ARE,UNITED ARAB EMIRATES,Fundings of start-ups,By technology,Energy efficiency,all,2019,63392.85547,USD,0.333333343
ARE,UNITED ARAB EMIRATES,Fundings of start-ups,By technology,Energy efficiency,all,2022,333333.3438,USD,0.333333343
ARE,UNITED ARAB EMIRATES,Fundings of start-ups,By technology,Energy storage and batteries,all,2016,723505.4375,USD,0.125
ARE,UNITED ARAB EMIRATES,Fundings of start-ups,By technology,Energy storage and batteries,all,2019,31696.42773,USD,0.166666672
ARE,UNITED ARAB EMIRATES,Fundings of start-ups,By technology,Energy storage and batteries,all,2022,166666.6719,USD,0.166666672
ARE,UNITED ARAB EMIRATES,Fundings of start-ups,By technology,Fossil fuels,all,2016,1881114.125,USD,0.625
ARE,UNITED ARAB EMIRATES,Fundings of start-ups,By technology,Fossil fuels,all,2018,1386718.75,USD,0.5
ARE,UNITED ARAB EMIRATES,Fundings of start-ups,By technology,Fossil fuels,all,2019,168443.875,USD,1
ARE,UNITED ARAB EMIRATES,Fundings of start-ups,By technology,Fossil fuels,all,2021,16360870,USD,1.5
ARE,UNITED ARAB EMIRATES,Fundings of start-ups,By technology,Grid,all,2016,723505.4375,USD,0.125
ARE,UNITED ARAB EMIRATES,Fundings of start-ups,By technology,Hydrogen and fuel cells,all,2016,723505.4375,USD,0.125
ARE,UNITED ARAB EMIRATES,Fundings of start-ups,By technology,Other energy,all,2016,1881114.125,USD,0.625
ARE,UNITED ARAB EMIRATES,Fundings of start-ups,By technology,Other energy,all,2018,1386718.75,USD,0.5
ARE,UNITED ARAB EMIRATES,Fundings of start-ups,By technology,Other energy,all,2019,31696.42773,USD,0.166666672
ARE,UNITED ARAB EMIRATES,Fundings of start-ups,By technology,Other energy,all,2021,3601449.25,USD,0.5
ARE,UNITED ARAB EMIRATES,Fundings of start-ups,By technology,Other energy,all,2022,166666.6719,USD,0.166666672
ARE,UNITED ARAB EMIRATES,Fundings of start-ups,By technology,Other renewables,all,2010,19131736,USD,1
ARE,UNITED ARAB EMIRATES,Fundings of start-ups,By technology,Other renewables,all,2016,723505.4375,USD,0.125
ARE,UNITED ARAB EMIRATES,Fundings of start-ups,By technology,Other renewables,all,2019,70669448,USD,1.166666627
ARE,UNITED ARAB EMIRATES,Fundings of start-ups,By technology,Other renewables,all,2022,166666.6719,USD,0.166666672
ARE,UNITED ARAB EMIRATES,Fundings of start-ups,By technology,Solar,all,2016,723505.4375,USD,0.125
ARE,UNITED ARAB EMIRATES,Fundings of start-ups,By technology,Solar,all,2019,31696.42773,USD,0.166666672
ARE,UNITED ARAB EMIRATES,Fundings of start-ups,By technology,Solar,all,2022,166666.6719,USD,0.166666672
ARE,UNITED ARAB EMIRATES,Fundings of start-ups,By technology,Wind,all,2016,723505.4375,USD,0.125
ARE,UNITED ARAB EMIRATES,Fundings of start-ups,By technology,Clean energy,Early stage,2010,19131736,USD,1
ARE,UNITED ARAB EMIRATES,Fundings of start-ups,By technology,Clean energy,Early stage,2016,5788043.5,USD,1
ARE,UNITED ARAB EMIRATES,Fundings of start-ups,By technology,Clean energy,Early stage,2019,70827936,USD,2
ARE,UNITED ARAB EMIRATES,Probability to receive funding,By technology,Clean energy,Early stage,2021,11.6279068,Percentage,43
ARE,UNITED ARAB EMIRATES,Fundings of start-ups,By technology,Clean energy,Early stage,2022,1000000,USD,1
ARE,UNITED ARAB EMIRATES,Fundings of start-ups,By technology,Clean energy,Early stage,2022,4.390137196,Years,43
ARE,UNITED ARAB EMIRATES,Probability to receive funding,By technology,Electric mobility,Early stage,2015,0,Percentage,0.25
ARE,UNITED ARAB EMIRATES,Probability to receive funding,By technology,Electric mobility,Early stage,2016,0,Percentage,0.25
ARE,UNITED ARAB EMIRATES,Probability to receive funding,By technology,Electric mobility,Early stage,2017,0,Percentage,0.25
ARE,UNITED ARAB EMIRATES,Probability to receive funding,By technology,Electric mobility,Early stage,2018,0,Percentage,0.25
ARE,UNITED ARAB EMIRATES,Probability to receive funding,By technology,Electric mobility,Early stage,2019,0,Percentage,1.25
ARE,UNITED ARAB EMIRATES,Probability to receive funding,By technology,Electric mobility,Early stage,2020,0,Percentage,1.25
ARE,UNITED ARAB EMIRATES,Probability to receive funding,By technology,Electric mobility,Early stage,2021,0,Percentage,1.25
ARE,UNITED ARAB EMIRATES,Probability to receive funding,By technology,Energy efficiency,Early stage,2015,0,Percentage,16.08333397
ARE,UNITED ARAB EMIRATES,Probability to receive funding,By technology,Energy efficiency,Early stage,2016,5.853658676,Percentage,17.08333397
ARE,UNITED ARAB EMIRATES,Probability to receive funding,By technology,Energy efficiency,Early stage,2017,7.111111164,Percentage,18.75
ARE,UNITED ARAB EMIRATES,Probability to receive funding,By technology,Energy efficiency,Early stage,2018,6.130268097,Percentage,21.75
ARE,UNITED ARAB EMIRATES,Probability to receive funding,By technology,Energy efficiency,Early stage,2019,6.090266228,Percentage,21.8928566
ARE,UNITED ARAB EMIRATES,Probability to receive funding,By technology,Energy efficiency,Early stage,2020,6.090266228,Percentage,21.8928566
ARE,UNITED ARAB EMIRATES,Probability to receive funding,By technology,Energy efficiency,Early stage,2021,6.090266228,Percentage,21.8928566
ARE,UNITED ARAB EMIRATES,Fundings of start-ups,By technology,Energy efficiency,Early stage,2022,0.899315059,Years,21.8928566
ARE,UNITED ARAB EMIRATES,Probability to receive funding,By technology,Energy storage and batteries,Early stage,2015,9.090909004,Percentage,1.375
ARE,UNITED ARAB EMIRATES,Probability to receive funding,By technology,Energy storage and batteries,Early stage,2016,9.090909004,Percentage,1.375
ARE,UNITED ARAB EMIRATES,Probability to receive funding,By technology,Energy storage and batteries,Early stage,2017,15.55555534,Percentage,1.875
ARE,UNITED ARAB EMIRATES,Probability to receive funding,By technology,Energy storage and batteries,Early stage,2018,15.55555534,Percentage,1.875
ARE,UNITED ARAB EMIRATES,Probability to receive funding,By technology,Energy storage and batteries,Early stage,2019,14.45427704,Percentage,2.017857075
ARE,UNITED ARAB EMIRATES,Probability to receive funding,By technology,Energy storage and batteries,Early stage,2020,14.45427704,Percentage,2.017857075
ARE,UNITED ARAB EMIRATES,Probability to receive funding,By technology,Energy storage and batteries,Early stage,2021,22.46913528,Percentage,2.410714388
ARE,UNITED ARAB EMIRATES,Probability to receive funding,By technology,Fossil fuels,Early stage,2015,0.4497751,Percentage,27.79166603
ARE,UNITED ARAB EMIRATES,Probability to receive funding,By technology,Fossil fuels,Early stage,2016,2.133712769,Percentage,29.29166603
ARE,UNITED ARAB EMIRATES,Probability to receive funding,By technology,Fossil fuels,Early stage,2017,2.063273668,Percentage,30.29166603
ARE,UNITED ARAB EMIRATES,Probability to receive funding,By technology,Fossil fuels,Early stage,2018,1.997336864,Percentage,31.29166603
ARE,UNITED ARAB EMIRATES,Probability to receive funding,By technology,Fossil fuels,Early stage,2019,4.844720364,Percentage,33.54166794
ARE,UNITED ARAB EMIRATES,Probability to receive funding,By technology,Fossil fuels,Early stage,2020,4.844720364,Percentage,33.54166794
ARE,UNITED ARAB EMIRATES,Probability to receive funding,By technology,Fossil fuels,Early stage,2021,4.824173927,Percentage,33.68452454
ARE,UNITED ARAB EMIRATES,Fundings of start-ups,By technology,Fossil fuels,Early stage,2022,1.53382504,Years,33.68452454
ARE,UNITED ARAB EMIRATES,Probability to receive funding,By technology,Grid,Early stage,2015,3.703703642,Percentage,3.375
ARE,UNITED ARAB EMIRATES,Probability to receive funding,By technology,Grid,Early stage,2016,3.370786428,Percentage,3.708333254
ARE,UNITED ARAB EMIRATES,Probability to receive funding,By technology,Grid,Early stage,2017,2.189780951,Percentage,5.708333492
ARE,UNITED ARAB EMIRATES,Probability to receive funding,By technology,Grid,Early stage,2018,2.189780951,Percentage,5.708333492
ARE,UNITED ARAB EMIRATES,Probability to receive funding,By technology,Grid,Early stage,2019,2.09790206,Percentage,5.958333492
ARE,UNITED ARAB EMIRATES,Probability to receive funding,By technology,Grid,Early stage,2020,2.09790206,Percentage,5.958333492
ARE,UNITED ARAB EMIRATES,Probability to receive funding,By technology,Grid,Early stage,2021,2.001906633,Percentage,6.244047642
ARE,UNITED ARAB EMIRATES,Probability to receive funding,By technology,Hydrogen and fuel cells,Early stage,2015,100,Percentage,0.125
ARE,UNITED ARAB EMIRATES,Probability to receive funding,By technology,Hydrogen and fuel cells,Early stage,2016,100,Percentage,0.125
ARE,UNITED ARAB EMIRATES,Probability to receive funding,By technology,Hydrogen and fuel cells,Early stage,2017,100,Percentage,0.125
ARE,UNITED ARAB EMIRATES,Probability to receive funding,By technology,Hydrogen and fuel cells,Early stage,2018,100,Percentage,0.125
ARE,UNITED ARAB EMIRATES,Probability to receive funding,By technology,Hydrogen and fuel cells,Early stage,2019,100,Percentage,0.125
ARE,UNITED ARAB EMIRATES,Probability to receive funding,By technology,Hydrogen and fuel cells,Early stage,2020,100,Percentage,0.125
ARE,UNITED ARAB EMIRATES,Probability to receive funding,By technology,Hydrogen and fuel cells,Early stage,2021,100,Percentage,0.125
ARE,UNITED ARAB EMIRATES,Fundings of start-ups,By technology,Non-clean energy,Early stage,2016,2315217.5,USD,1
ARE,UNITED ARAB EMIRATES,Fundings of start-ups,By technology,Non-clean energy,Early stage,2018,2773437.5,USD,1
ARE,UNITED ARAB EMIRATES,Fundings of start-ups,By technology,Non-clean energy,Early stage,2019,168443.875,USD,1
ARE,UNITED ARAB EMIRATES,Fundings of start-ups,By technology,Non-clean energy,Early stage,2021,19962318,USD,2
ARE,UNITED ARAB EMIRATES,Probability to receive funding,By technology,Non-clean energy,Early stage,2021,5.681818008,Percentage,88
ARE,UNITED ARAB EMIRATES,Fundings of start-ups,By technology,Non-clean energy,Early stage,2022,0.720547974,Years,89
ARE,UNITED ARAB EMIRATES,Probability to receive funding,By technology,Nuclear,Early stage,2016,0,Percentage,0.333333343
ARE,UNITED ARAB EMIRATES,Probability to receive funding,By technology,Nuclear,Early stage,2017,0,Percentage,0.333333343
ARE,UNITED ARAB EMIRATES,Probability to receive funding,By technology,Nuclear,Early stage,2018,0,Percentage,0.333333343
ARE,UNITED ARAB EMIRATES,Probability to receive funding,By technology,Nuclear,Early stage,2019,0,Percentage,0.333333343
ARE,UNITED ARAB EMIRATES,Probability to receive funding,By technology,Nuclear,Early stage,2020,0,Percentage,0.333333343
ARE,UNITED ARAB EMIRATES,Probability to receive funding,By technology,Nuclear,Early stage,2021,0,Percentage,0.333333343
ARE,UNITED ARAB EMIRATES,Probability to receive funding,By technology,Other energy,Early stage,2015,0.65934068,Percentage,18.95833397
ARE,UNITED ARAB EMIRATES,Probability to receive funding,By technology,Other energy,Early stage,2016,2.958579779,Percentage,21.125
ARE,UNITED ARAB EMIRATES,Probability to receive funding,By technology,Other energy,Early stage,2017,7.692307472,Percentage,23.29166603
ARE,UNITED ARAB EMIRATES,Probability to receive funding,By technology,Other energy,Early stage,2018,9.433961868,Percentage,24.29166603
ARE,UNITED ARAB EMIRATES,Probability to receive funding,By technology,Other energy,Early stage,2019,8.751989365,Percentage,26.18452454
ARE,UNITED ARAB EMIRATES,Probability to receive funding,By technology,Other energy,Early stage,2020,8.751989365,Percentage,26.18452454
ARE,UNITED ARAB EMIRATES,Probability to receive funding,By technology,Other energy,Early stage,2021,9.614951134,Percentage,26.43452454
ARE,UNITED ARAB EMIRATES,Fundings of start-ups,By technology,Other energy,Early stage,2022,1.646081328,Years,26.43452454
ARE,UNITED ARAB EMIRATES,Probability to receive funding,By technology,Other renewables,Early stage,2015,20.48192787,Percentage,10.375
ARE,UNITED ARAB EMIRATES,Probability to receive funding,By technology,Other renewables,Early stage,2016,17.64705849,Percentage,12.04166698
ARE,UNITED ARAB EMIRATES,Probability to receive funding,By technology,Other renewables,Early stage,2017,18.77133179,Percentage,12.20833302
ARE,UNITED ARAB EMIRATES,Probability to receive funding,By technology,Other renewables,Early stage,2018,18.77133179,Percentage,12.20833302
ARE,UNITED ARAB EMIRATES,Probability to receive funding,By technology,Other renewables,Early stage,2019,17.30337143,Percentage,13.24404716
ARE,UNITED ARAB EMIRATES,Probability to receive funding,By technology,Other renewables,Early stage,2020,17.30337143,Percentage,13.24404716
ARE,UNITED ARAB EMIRATES,Probability to receive funding,By technology,Other renewables,Early stage,2021,19.89817619,Percentage,14.02976227
ARE,UNITED ARAB EMIRATES,Probability to receive funding,By technology,Solar,Early stage,2015,2.91262126,Percentage,4.291666508
ARE,UNITED ARAB EMIRATES,Probability to receive funding,By technology,Solar,Early stage,2016,2.91262126,Percentage,4.291666508
ARE,UNITED ARAB EMIRATES,Probability to receive funding,By technology,Solar,Early stage,2017,5.035971165,Percentage,5.791666508
ARE,UNITED ARAB EMIRATES,Probability to receive funding,By technology,Solar,Early stage,2018,11.65644169,Percentage,6.791666508
ARE,UNITED ARAB EMIRATES,Probability to receive funding,By technology,Solar,Early stage,2019,11.41630936,Percentage,6.934523582
ARE,UNITED ARAB EMIRATES,Probability to receive funding,By technology,Solar,Early stage,2020,11.41630936,Percentage,6.934523582
ARE,UNITED ARAB EMIRATES,Probability to receive funding,By technology,Solar,Early stage,2021,9.801032066,Percentage,8.077381134
ARE,UNITED ARAB EMIRATES,Probability to receive funding,By technology,Wind,Early stage,2015,33.33333206,Percentage,0.375
ARE,UNITED ARAB EMIRATES,Probability to receive funding,By technology,Wind,Early stage,2016,33.33333206,Percentage,0.375
ARE,UNITED ARAB EMIRATES,Probability to receive funding,By technology,Wind,Early stage,2017,33.33333206,Percentage,0.375
ARE,UNITED ARAB EMIRATES,Probability to receive funding,By technology,Wind,Early stage,2018,33.33333206,Percentage,0.375
ARE,UNITED ARAB EMIRATES,Probability to receive funding,By technology,Wind,Early stage,2019,24.13793182,Percentage,0.517857134
ARE,UNITED ARAB EMIRATES,Probability to receive funding,By technology,Wind,Early stage,2020,24.13793182,Percentage,0.517857134
ARE,UNITED ARAB EMIRATES,Probability to receive funding,By technology,Wind,Early stage,2021,24.13793182,Percentage,0.517857134
ARE,UNITED ARAB EMIRATES,Probability to receive funding,By technology,Clean energy,Later stage,2021,4.651162624,Percentage,43
ARE,UNITED ARAB EMIRATES,Fundings of start-ups,By technology,Clean energy,Later stage,2022,5.15342474,Years,43
ARE,UNITED ARAB EMIRATES,Probability to receive funding,By technology,Electric mobility,Later stage,2015,0,Percentage,0.25
ARE,UNITED ARAB EMIRATES,Probability to receive funding,By technology,Electric mobility,Later stage,2016,0,Percentage,0.25
ARE,UNITED ARAB EMIRATES,Probability to receive funding,By technology,Electric mobility,Later stage,2017,0,Percentage,0.25
ARE,UNITED ARAB EMIRATES,Probability to receive funding,By technology,Electric mobility,Later stage,2018,0,Percentage,0.25
ARE,UNITED ARAB EMIRATES,Probability to receive funding,By technology,Electric mobility,Later stage,2019,0,Percentage,1.25
ARE,UNITED ARAB EMIRATES,Probability to receive funding,By technology,Electric mobility,Later stage,2020,0,Percentage,1.25
ARE,UNITED ARAB EMIRATES,Probability to receive funding,By technology,Electric mobility,Later stage,2021,0,Percentage,1.25
ARE,UNITED ARAB EMIRATES,Probability to receive funding,By technology,Energy efficiency,Later stage,2015,6.217616558,Percentage,16.08333397
ARE,UNITED ARAB EMIRATES,Probability to receive funding,By technology,Energy efficiency,Later stage,2016,5.853658676,Percentage,17.08333397
ARE,UNITED ARAB EMIRATES,Probability to receive funding,By technology,Energy efficiency,Later stage,2017,5.333333492,Percentage,18.75
ARE,UNITED ARAB EMIRATES,Probability to receive funding,By technology,Energy efficiency,Later stage,2018,4.597701073,Percentage,21.75
ARE,UNITED ARAB EMIRATES,Probability to receive funding,By technology,Energy efficiency,Later stage,2019,4.567699909,Percentage,21.8928566
ARE,UNITED ARAB EMIRATES,Probability to receive funding,By technology,Energy efficiency,Later stage,2020,4.567699909,Percentage,21.8928566
ARE,UNITED ARAB EMIRATES,Probability to receive funding,By technology,Energy efficiency,Later stage,2021,4.567699909,Percentage,21.8928566
ARE,UNITED ARAB EMIRATES,Fundings of start-ups,By technology,Energy efficiency,Later stage,2022,7.158904076,Years,21.8928566
ARE,UNITED ARAB EMIRATES,Probability to receive funding,By technology,Energy storage and batteries,Later stage,2015,0,Percentage,1.375
ARE,UNITED ARAB EMIRATES,Probability to receive funding,By technology,Energy storage and batteries,Later stage,2016,0,Percentage,1.375
ARE,UNITED ARAB EMIRATES,Probability to receive funding,By technology,Energy storage and batteries,Later stage,2017,0,Percentage,1.875
ARE,UNITED ARAB EMIRATES,Probability to receive funding,By technology,Energy storage and batteries,Later stage,2018,0,Percentage,1.875
ARE,UNITED ARAB EMIRATES,Probability to receive funding,By technology,Energy storage and batteries,Later stage,2019,0,Percentage,2.017857075
ARE,UNITED ARAB EMIRATES,Probability to receive funding,By technology,Energy storage and batteries,Later stage,2020,0,Percentage,2.017857075
ARE,UNITED ARAB EMIRATES,Probability to receive funding,By technology,Energy storage and batteries,Later stage,2021,0,Percentage,2.410714388
ARE,UNITED ARAB EMIRATES,Probability to receive funding,By technology,Fossil fuels,Later stage,2015,1.799100399,Percentage,27.79166603
ARE,UNITED ARAB EMIRATES,Probability to receive funding,By technology,Fossil fuels,Later stage,2016,1.706970096,Percentage,29.29166603
ARE,UNITED ARAB EMIRATES,Probability to receive funding,By technology,Fossil fuels,Later stage,2017,1.65061903,Percentage,30.29166603
ARE,UNITED ARAB EMIRATES,Probability to receive funding,By technology,Fossil fuels,Later stage,2018,1.597869515,Percentage,31.29166603
ARE,UNITED ARAB EMIRATES,Probability to receive funding,By technology,Fossil fuels,Later stage,2019,1.490683198,Percentage,33.54166794
ARE,UNITED ARAB EMIRATES,Probability to receive funding,By technology,Fossil fuels,Later stage,2020,1.490683198,Percentage,33.54166794
ARE,UNITED ARAB EMIRATES,Probability to receive funding,By technology,Fossil fuels,Later stage,2021,1.484361172,Percentage,33.68452454
ARE,UNITED ARAB EMIRATES,Fundings of start-ups,By technology,Fossil fuels,Later stage,2022,3.147945166,Years,33.68452454
ARE,UNITED ARAB EMIRATES,Probability to receive funding,By technology,Grid,Later stage,2015,0,Percentage,3.375
ARE,UNITED ARAB EMIRATES,Probability to receive funding,By technology,Grid,Later stage,2016,0,Percentage,3.708333254
ARE,UNITED ARAB EMIRATES,Probability to receive funding,By technology,Grid,Later stage,2017,0,Percentage,5.708333492
ARE,UNITED ARAB EMIRATES,Probability to receive funding,By technology,Grid,Later stage,2018,0,Percentage,5.708333492
ARE,UNITED ARAB EMIRATES,Probability to receive funding,By technology,Grid,Later stage,2019,0,Percentage,5.958333492
ARE,UNITED ARAB EMIRATES,Probability to receive funding,By technology,Grid,Later stage,2020,0,Percentage,5.958333492
ARE,UNITED ARAB EMIRATES,Probability to receive funding,By technology,Grid,Later stage,2021,0,Percentage,6.244047642
ARE,UNITED ARAB EMIRATES,Probability to receive funding,By technology,Hydrogen and fuel cells,Later stage,2015,0,Percentage,0.125
ARE,UNITED ARAB EMIRATES,Probability to receive funding,By technology,Hydrogen and fuel cells,Later stage,2016,0,Percentage,0.125
ARE,UNITED ARAB EMIRATES,Probability to receive funding,By technology,Hydrogen and fuel cells,Later stage,2017,0,Percentage,0.125
ARE,UNITED ARAB EMIRATES,Probability to receive funding,By technology,Hydrogen and fuel cells,Later stage,2018,0,Percentage,0.125
ARE,UNITED ARAB EMIRATES,Probability to receive funding,By technology,Hydrogen and fuel cells,Later stage,2019,0,Percentage,0.125
ARE,UNITED ARAB EMIRATES,Probability to receive funding,By technology,Hydrogen and fuel cells,Later stage,2020,0,Percentage,0.125
ARE,UNITED ARAB EMIRATES,Probability to receive funding,By technology,Hydrogen and fuel cells,Later stage,2021,0,Percentage,0.125
ARE,UNITED ARAB EMIRATES,Probability to receive funding,By technology,Non-clean energy,Later stage,2021,0,Percentage,88
ARE,UNITED ARAB EMIRATES,Probability to receive funding,By technology,Nuclear,Later stage,2016,0,Percentage,0.333333343
ARE,UNITED ARAB EMIRATES,Probability to receive funding,By technology,Nuclear,Later stage,2017,0,Percentage,0.333333343
ARE,UNITED ARAB EMIRATES,Probability to receive funding,By technology,Nuclear,Later stage,2018,0,Percentage,0.333333343
ARE,UNITED ARAB EMIRATES,Probability to receive funding,By technology,Nuclear,Later stage,2019,0,Percentage,0.333333343
ARE,UNITED ARAB EMIRATES,Probability to receive funding,By technology,Nuclear,Later stage,2020,0,Percentage,0.333333343
ARE,UNITED ARAB EMIRATES,Probability to receive funding,By technology,Nuclear,Later stage,2021,0,Percentage,0.333333343
ARE,UNITED ARAB EMIRATES,Probability to receive funding,By technology,Other energy,Later stage,2015,2.637362719,Percentage,18.95833397
ARE,UNITED ARAB EMIRATES,Probability to receive funding,By technology,Other energy,Later stage,2016,2.366863966,Percentage,21.125
ARE,UNITED ARAB EMIRATES,Probability to receive funding,By technology,Other energy,Later stage,2017,2.146690607,Percentage,23.29166603
ARE,UNITED ARAB EMIRATES,Probability to receive funding,By technology,Other energy,Later stage,2018,2.058319092,Percentage,24.29166603
ARE,UNITED ARAB EMIRATES,Probability to receive funding,By technology,Other energy,Later stage,2019,1.909524918,Percentage,26.18452454
ARE,UNITED ARAB EMIRATES,Probability to receive funding,By technology,Other energy,Later stage,2020,1.909524918,Percentage,26.18452454
ARE,UNITED ARAB EMIRATES,Probability to receive funding,By technology,Other energy,Later stage,2021,1.891465902,Percentage,26.43452454
ARE,UNITED ARAB EMIRATES,Fundings of start-ups,By technology,Other energy,Later stage,2022,3.147945166,Years,26.43452454
ARE,UNITED ARAB EMIRATES,Probability to receive funding,By technology,Other renewables,Later stage,2015,0,Percentage,10.375
ARE,UNITED ARAB EMIRATES,Probability to receive funding,By technology,Other renewables,Later stage,2016,0,Percentage,12.04166698
ARE,UNITED ARAB EMIRATES,Probability to receive funding,By technology,Other renewables,Later stage,2017,0,Percentage,12.20833302
ARE,UNITED ARAB EMIRATES,Probability to receive funding,By technology,Other renewables,Later stage,2018,0,Percentage,12.20833302
ARE,UNITED ARAB EMIRATES,Probability to receive funding,By technology,Other renewables,Later stage,2019,0,Percentage,13.24404716
ARE,UNITED ARAB EMIRATES,Probability to receive funding,By technology,Other renewables,Later stage,2020,0,Percentage,13.24404716
ARE,UNITED ARAB EMIRATES,Probability to receive funding,By technology,Other renewables,Later stage,2021,0,Percentage,14.02976227
ARE,UNITED ARAB EMIRATES,Probability to receive funding,By technology,Solar,Later stage,2015,0,Percentage,4.291666508
ARE,UNITED ARAB EMIRATES,Probability to receive funding,By technology,Solar,Later stage,2016,0,Percentage,4.291666508
ARE,UNITED ARAB EMIRATES,Probability to receive funding,By technology,Solar,Later stage,2017,0,Percentage,5.791666508
ARE,UNITED ARAB EMIRATES,Probability to receive funding,By technology,Solar,Later stage,2018,0,Percentage,6.791666508
ARE,UNITED ARAB EMIRATES,Probability to receive funding,By technology,Solar,Later stage,2019,0,Percentage,6.934523582
ARE,UNITED ARAB EMIRATES,Probability to receive funding,By technology,Solar,Later stage,2020,0,Percentage,6.934523582
ARE,UNITED ARAB EMIRATES,Probability to receive funding,By technology,Solar,Later stage,2021,0,Percentage,8.077381134
ARE,UNITED ARAB EMIRATES,Probability to receive funding,By technology,Wind,Later stage,2015,0,Percentage,0.375
ARE,UNITED ARAB EMIRATES,Probability to receive funding,By technology,Wind,Later stage,2016,0,Percentage,0.375
ARE,UNITED ARAB EMIRATES,Probability to receive funding,By technology,Wind,Later stage,2017,0,Percentage,0.375
ARE,UNITED ARAB EMIRATES,Probability to receive funding,By technology,Wind,Later stage,2018,0,Percentage,0.375
ARE,UNITED ARAB EMIRATES,Probability to receive funding,By technology,Wind,Later stage,2019,0,Percentage,0.517857134
ARE,UNITED ARAB EMIRATES,Probability to receive funding,By technology,Wind,Later stage,2020,0,Percentage,0.517857134
ARE,UNITED ARAB EMIRATES,Probability to receive funding,By technology,Wind,Later stage,2021,0,Percentage,0.517857134
GBR,UNITED KINGDOM,Fundings of start-ups,"By sector (energy, green, digital)",Energy,Early stage,2003,34750484,USD,2
GBR,UNITED KINGDOM,Fundings of start-ups,"By sector (energy, green, digital)",Energy,Early stage,2004,30034292,USD,2
GBR,UNITED KINGDOM,Fundings of start-ups,"By sector (energy, green, digital)",Energy,Early stage,2005,32995526,USD,3
GBR,UNITED KINGDOM,Fundings of start-ups,"By sector (energy, green, digital)",Energy,Early stage,2006,16804084,USD,6
GBR,UNITED KINGDOM,Fundings of start-ups,"By sector (energy, green, digital)",Energy,Early stage,2007,28387286,USD,2
GBR,UNITED KINGDOM,Fundings of start-ups,"By sector (energy, green, digital)",Energy,Early stage,2008,79679088,USD,9
GBR,UNITED KINGDOM,Fundings of start-ups,"By sector (energy, green, digital)",Energy,Early stage,2009,34701364,USD,5
GBR,UNITED KINGDOM,Fundings of start-ups,"By sector (energy, green, digital)",Energy,Early stage,2010,52352652,USD,16
GBR,UNITED KINGDOM,Fundings of start-ups,"By sector (energy, green, digital)",Energy,Early stage,2011,84024776,USD,18
GBR,UNITED KINGDOM,Fundings of start-ups,"By sector (energy, green, digital)",Energy,Early stage,2012,20478232,USD,16
GBR,UNITED KINGDOM,Fundings of start-ups,"By sector (energy, green, digital)",Energy,Early stage,2013,35142628,USD,22
GBR,UNITED KINGDOM,Fundings of start-ups,"By sector (energy, green, digital)",Energy,Early stage,2014,33368330,USD,21
GBR,UNITED KINGDOM,Fundings of start-ups,"By sector (energy, green, digital)",Energy,Early stage,2015,86090456,USD,41
GBR,UNITED KINGDOM,Fundings of start-ups,"By sector (energy, green, digital)",Energy,Early stage,2016,68453872,USD,46
GBR,UNITED KINGDOM,Fundings of start-ups,"By sector (energy, green, digital)",Energy,Early stage,2017,78330832,USD,46
GBR,UNITED KINGDOM,Fundings of start-ups,"By sector (energy, green, digital)",Energy,Early stage,2018,141244944,USD,66
GBR,UNITED KINGDOM,Fundings of start-ups,"By sector (energy, green, digital)",Energy,Early stage,2019,205908256,USD,58
GBR,UNITED KINGDOM,Fundings of start-ups,"By sector (energy, green, digital)",Energy,Early stage,2020,536609728,USD,53
GBR,UNITED KINGDOM,Fundings of start-ups,"By sector (energy, green, digital)",Energy,Early stage,2021,646848768,USD,49
GBR,UNITED KINGDOM,Probability to receive funding,"By sector (energy, green, digital)",Energy,Early stage,2021,12.3104372,Percentage,2242
GBR,UNITED KINGDOM,Fundings of start-ups,"By sector (energy, green, digital)",Energy,Early stage,2022,2.662713766,Years,2255
GBR,UNITED KINGDOM,Fundings of start-ups,"By sector (energy, green, digital)",Energy,Early stage,2022,623612800,USD,31
GBR,UNITED KINGDOM,Fundings of start-ups,"By sector (energy, green, digital)",Energy and digital,Early stage,2003,25680852,USD,1
GBR,UNITED KINGDOM,Fundings of start-ups,"By sector (energy, green, digital)",Energy and digital,Early stage,2004,10566539,USD,1
GBR,UNITED KINGDOM,Fundings of start-ups,"By sector (energy, green, digital)",Energy and digital,Early stage,2005,14258436,USD,2
GBR,UNITED KINGDOM,Fundings of start-ups,"By sector (energy, green, digital)",Energy and digital,Early stage,2006,5388474,USD,2
GBR,UNITED KINGDOM,Fundings of start-ups,"By sector (energy, green, digital)",Energy and digital,Early stage,2007,28387286,USD,2
GBR,UNITED KINGDOM,Fundings of start-ups,"By sector (energy, green, digital)",Energy and digital,Early stage,2008,16929486,USD,2
GBR,UNITED KINGDOM,Fundings of start-ups,"By sector (energy, green, digital)",Energy and digital,Early stage,2009,21075148,USD,3
GBR,UNITED KINGDOM,Fundings of start-ups,"By sector (energy, green, digital)",Energy and digital,Early stage,2010,42024852,USD,9
GBR,UNITED KINGDOM,Fundings of start-ups,"By sector (energy, green, digital)",Energy and digital,Early stage,2011,5708776.5,USD,7
GBR,UNITED KINGDOM,Fundings of start-ups,"By sector (energy, green, digital)",Energy and digital,Early stage,2012,8305583,USD,11
GBR,UNITED KINGDOM,Fundings of start-ups,"By sector (energy, green, digital)",Energy and digital,Early stage,2013,8110615,USD,11
GBR,UNITED KINGDOM,Fundings of start-ups,"By sector (energy, green, digital)",Energy and digital,Early stage,2014,14072109,USD,13
GBR,UNITED KINGDOM,Fundings of start-ups,"By sector (energy, green, digital)",Energy and digital,Early stage,2015,62340876,USD,27
GBR,UNITED KINGDOM,Fundings of start-ups,"By sector (energy, green, digital)",Energy and digital,Early stage,2016,57418580,USD,36
GBR,UNITED KINGDOM,Fundings of start-ups,"By sector (energy, green, digital)",Energy and digital,Early stage,2017,59829544,USD,37
GBR,UNITED KINGDOM,Fundings of start-ups,"By sector (energy, green, digital)",Energy and digital,Early stage,2018,116217200,USD,51
GBR,UNITED KINGDOM,Fundings of start-ups,"By sector (energy, green, digital)",Energy and digital,Early stage,2019,139602912,USD,47
GBR,UNITED KINGDOM,Fundings of start-ups,"By sector (energy, green, digital)",Energy and digital,Early stage,2020,157150016,USD,33
GBR,UNITED KINGDOM,Fundings of start-ups,"By sector (energy, green, digital)",Energy and digital,Early stage,2021,356540256,USD,29
GBR,UNITED KINGDOM,Probability to receive funding,"By sector (energy, green, digital)",Energy and digital,Early stage,2021,22.6744194,Percentage,688
GBR,UNITED KINGDOM,Fundings of start-ups,"By sector (energy, green, digital)",Energy and digital,Early stage,2022,524877888,USD,16
GBR,UNITED KINGDOM,Fundings of start-ups,"By sector (energy, green, digital)",Energy and digital,Early stage,2022,2.320369959,Years,696
GBR,UNITED KINGDOM,Fundings of start-ups,"By sector (energy, green, digital)",Energy and non-digital,Early stage,2003,9069634,USD,1
GBR,UNITED KINGDOM,Fundings of start-ups,"By sector (energy, green, digital)",Energy and non-digital,Early stage,2004,19467752,USD,1
GBR,UNITED KINGDOM,Fundings of start-ups,"By sector (energy, green, digital)",Energy and non-digital,Early stage,2005,18737090,USD,1
GBR,UNITED KINGDOM,Fundings of start-ups,"By sector (energy, green, digital)",Energy and non-digital,Early stage,2006,11415611,USD,4
GBR,UNITED KINGDOM,Fundings of start-ups,"By sector (energy, green, digital)",Energy and non-digital,Early stage,2008,62749600,USD,7
GBR,UNITED KINGDOM,Fundings of start-ups,"By sector (energy, green, digital)",Energy and non-digital,Early stage,2009,13626218,USD,2
GBR,UNITED KINGDOM,Fundings of start-ups,"By sector (energy, green, digital)",Energy and non-digital,Early stage,2010,10327797,USD,7
GBR,UNITED KINGDOM,Fundings of start-ups,"By sector (energy, green, digital)",Energy and non-digital,Early stage,2011,78316000,USD,11
GBR,UNITED KINGDOM,Fundings of start-ups,"By sector (energy, green, digital)",Energy and non-digital,Early stage,2012,12172649,USD,5
GBR,UNITED KINGDOM,Fundings of start-ups,"By sector (energy, green, digital)",Energy and non-digital,Early stage,2013,27032012,USD,11
GBR,UNITED KINGDOM,Fundings of start-ups,"By sector (energy, green, digital)",Energy and non-digital,Early stage,2014,19296220,USD,8
GBR,UNITED KINGDOM,Fundings of start-ups,"By sector (energy, green, digital)",Energy and non-digital,Early stage,2015,23749578,USD,14
GBR,UNITED KINGDOM,Fundings of start-ups,"By sector (energy, green, digital)",Energy and non-digital,Early stage,2016,11035290,USD,10
GBR,UNITED KINGDOM,Fundings of start-ups,"By sector (energy, green, digital)",Energy and non-digital,Early stage,2017,18501292,USD,9
GBR,UNITED KINGDOM,Fundings of start-ups,"By sector (energy, green, digital)",Energy and non-digital,Early stage,2018,25027750,USD,15
GBR,UNITED KINGDOM,Fundings of start-ups,"By sector (energy, green, digital)",Energy and non-digital,Early stage,2019,66305336,USD,11
GBR,UNITED KINGDOM,Fundings of start-ups,"By sector (energy, green, digital)",Energy and non-digital,Early stage,2020,379459712,USD,20
GBR,UNITED KINGDOM,Probability to receive funding,"By sector (energy, green, digital)",Energy and non-digital,Early stage,2021,7.722007751,Percentage,1554
GBR,UNITED KINGDOM,Fundings of start-ups,"By sector (energy, green, digital)",Energy and non-digital,Early stage,2021,290308480,USD,20
GBR,UNITED KINGDOM,Fundings of start-ups,"By sector (energy, green, digital)",Energy and non-digital,Early stage,2022,98734904,USD,15
GBR,UNITED KINGDOM,Fundings of start-ups,"By sector (energy, green, digital)",Energy and non-digital,Early stage,2022,3.102054834,Years,1559
GBR,UNITED KINGDOM,Fundings of start-ups,"By sector (energy, green, digital)",Non-energy,Early stage,2000,537414464,USD,34
GBR,UNITED KINGDOM,Fundings of start-ups,"By sector (energy, green, digital)",Non-energy,Early stage,2001,548913792,USD,41
GBR,UNITED KINGDOM,Fundings of start-ups,"By sector (energy, green, digital)",Non-energy,Early stage,2002,308640192,USD,26
GBR,UNITED KINGDOM,Fundings of start-ups,"By sector (energy, green, digital)",Non-energy,Early stage,2003,399339776,USD,42
GBR,UNITED KINGDOM,Fundings of start-ups,"By sector (energy, green, digital)",Non-energy,Early stage,2004,297624640,USD,29
GBR,UNITED KINGDOM,Fundings of start-ups,"By sector (energy, green, digital)",Non-energy,Early stage,2005,499094688,USD,70
GBR,UNITED KINGDOM,Fundings of start-ups,"By sector (energy, green, digital)",Non-energy,Early stage,2006,646579264,USD,79
GBR,UNITED KINGDOM,Fundings of start-ups,"By sector (energy, green, digital)",Non-energy,Early stage,2007,872888960,USD,118
GBR,UNITED KINGDOM,Fundings of start-ups,"By sector (energy, green, digital)",Non-energy,Early stage,2008,810600704,USD,137
GBR,UNITED KINGDOM,Fundings of start-ups,"By sector (energy, green, digital)",Non-energy,Early stage,2009,396629664,USD,120
GBR,UNITED KINGDOM,Fundings of start-ups,"By sector (energy, green, digital)",Non-energy,Early stage,2010,600296320,USD,187
GBR,UNITED KINGDOM,Fundings of start-ups,"By sector (energy, green, digital)",Non-energy,Early stage,2011,748369600,USD,287
GBR,UNITED KINGDOM,Fundings of start-ups,"By sector (energy, green, digital)",Non-energy,Early stage,2012,826145792,USD,366
GBR,UNITED KINGDOM,Fundings of start-ups,"By sector (energy, green, digital)",Non-energy,Early stage,2013,1252021888,USD,605
GBR,UNITED KINGDOM,Fundings of start-ups,"By sector (energy, green, digital)",Non-energy,Early stage,2014,2075465984,USD,788
GBR,UNITED KINGDOM,Fundings of start-ups,"By sector (energy, green, digital)",Non-energy,Early stage,2015,3567165184,USD,940
GBR,UNITED KINGDOM,Fundings of start-ups,"By sector (energy, green, digital)",Non-energy,Early stage,2016,2853997312,USD,955
GBR,UNITED KINGDOM,Fundings of start-ups,"By sector (energy, green, digital)",Non-energy,Early stage,2017,4578695168,USD,1004
GBR,UNITED KINGDOM,Fundings of start-ups,"By sector (energy, green, digital)",Non-energy,Early stage,2018,5110150656,USD,1037
GBR,UNITED KINGDOM,Fundings of start-ups,"By sector (energy, green, digital)",Non-energy,Early stage,2019,5283606016,USD,1051
GBR,UNITED KINGDOM,Fundings of start-ups,"By sector (energy, green, digital)",Non-energy,Early stage,2020,6508552704,USD,984
GBR,UNITED KINGDOM,Probability to receive funding,"By sector (energy, green, digital)",Non-energy,Early stage,2021,9.985563278,Percentage,69961
GBR,UNITED KINGDOM,Fundings of start-ups,"By sector (energy, green, digital)",Non-energy,Early stage,2021,12535907328,USD,1176
GBR,UNITED KINGDOM,Fundings of start-ups,"By sector (energy, green, digital)",Non-energy,Early stage,2022,7863014400,USD,680
GBR,UNITED KINGDOM,Fundings of start-ups,"By sector (energy, green, digital)",Non-energy,Early stage,2022,2.039565563,Years,70267
GBR,UNITED KINGDOM,Fundings of start-ups,"By sector (energy, green, digital)",Energy,Later stage,2006,21752720,USD,3
GBR,UNITED KINGDOM,Fundings of start-ups,"By sector (energy, green, digital)",Energy,Later stage,2007,34830188,USD,1
GBR,UNITED KINGDOM,Fundings of start-ups,"By sector (energy, green, digital)",Energy,Later stage,2008,55695548,USD,4
GBR,UNITED KINGDOM,Fundings of start-ups,"By sector (energy, green, digital)",Energy,Later stage,2009,24776168,USD,5
GBR,UNITED KINGDOM,Fundings of start-ups,"By sector (energy, green, digital)",Energy,Later stage,2010,28233370,USD,6
GBR,UNITED KINGDOM,Fundings of start-ups,"By sector (energy, green, digital)",Energy,Later stage,2011,21872276,USD,6
GBR,UNITED KINGDOM,Fundings of start-ups,"By sector (energy, green, digital)",Energy,Later stage,2012,22761814,USD,7
GBR,UNITED KINGDOM,Fundings of start-ups,"By sector (energy, green, digital)",Energy,Later stage,2013,40201420,USD,6
GBR,UNITED KINGDOM,Fundings of start-ups,"By sector (energy, green, digital)",Energy,Later stage,2014,26803724,USD,6
GBR,UNITED KINGDOM,Fundings of start-ups,"By sector (energy, green, digital)",Energy,Later stage,2015,38157852,USD,9
GBR,UNITED KINGDOM,Fundings of start-ups,"By sector (energy, green, digital)",Energy,Later stage,2016,89978496,USD,11
GBR,UNITED KINGDOM,Fundings of start-ups,"By sector (energy, green, digital)",Energy,Later stage,2017,74604728,USD,12
GBR,UNITED KINGDOM,Fundings of start-ups,"By sector (energy, green, digital)",Energy,Later stage,2018,91093016,USD,17
GBR,UNITED KINGDOM,Fundings of start-ups,"By sector (energy, green, digital)",Energy,Later stage,2019,251777488,USD,16
GBR,UNITED KINGDOM,Fundings of start-ups,"By sector (energy, green, digital)",Energy,Later stage,2020,28693748,USD,10
GBR,UNITED KINGDOM,Fundings of start-ups,"By sector (energy, green, digital)",Energy,Later stage,2021,275163488,USD,9
GBR,UNITED KINGDOM,Probability to receive funding,"By sector (energy, green, digital)",Energy,Later stage,2021,9.054415703,Percentage,2242
GBR,UNITED KINGDOM,Fundings of start-ups,"By sector (energy, green, digital)",Energy,Later stage,2022,777708736,USD,11
GBR,UNITED KINGDOM,Fundings of start-ups,"By sector (energy, green, digital)",Energy,Later stage,2022,4.872038841,Years,2255
GBR,UNITED KINGDOM,Fundings of start-ups,"By sector (energy, green, digital)",Energy and digital,Later stage,2006,5902199.5,USD,2
GBR,UNITED KINGDOM,Fundings of start-ups,"By sector (energy, green, digital)",Energy and digital,Later stage,2008,42812276,USD,2
GBR,UNITED KINGDOM,Fundings of start-ups,"By sector (energy, green, digital)",Energy and digital,Later stage,2009,12052489,USD,3
GBR,UNITED KINGDOM,Fundings of start-ups,"By sector (energy, green, digital)",Energy and digital,Later stage,2010,11861677,USD,2
GBR,UNITED KINGDOM,Fundings of start-ups,"By sector (energy, green, digital)",Energy and digital,Later stage,2011,18304174,USD,5
GBR,UNITED KINGDOM,Fundings of start-ups,"By sector (energy, green, digital)",Energy and digital,Later stage,2012,9019485,USD,4
GBR,UNITED KINGDOM,Fundings of start-ups,"By sector (energy, green, digital)",Energy and digital,Later stage,2013,25150378,USD,5
GBR,UNITED KINGDOM,Fundings of start-ups,"By sector (energy, green, digital)",Energy and digital,Later stage,2014,9309552,USD,3
GBR,UNITED KINGDOM,Fundings of start-ups,"By sector (energy, green, digital)",Energy and digital,Later stage,2015,11412625,USD,3
GBR,UNITED KINGDOM,Fundings of start-ups,"By sector (energy, green, digital)",Energy and digital,Later stage,2016,17601574,USD,4
GBR,UNITED KINGDOM,Fundings of start-ups,"By sector (energy, green, digital)",Energy and digital,Later stage,2017,51851316,USD,9
GBR,UNITED KINGDOM,Fundings of start-ups,"By sector (energy, green, digital)",Energy and digital,Later stage,2018,49430416,USD,8
GBR,UNITED KINGDOM,Fundings of start-ups,"By sector (energy, green, digital)",Energy and digital,Later stage,2019,112281376,USD,7
GBR,UNITED KINGDOM,Fundings of start-ups,"By sector (energy, green, digital)",Energy and digital,Later stage,2020,14836566,USD,7
GBR,UNITED KINGDOM,Probability to receive funding,"By sector (energy, green, digital)",Energy and digital,Later stage,2021,10.7558136,Percentage,688
GBR,UNITED KINGDOM,Fundings of start-ups,"By sector (energy, green, digital)",Energy and digital,Later stage,2021,247288592,USD,6
GBR,UNITED KINGDOM,Fundings of start-ups,"By sector (energy, green, digital)",Energy and digital,Later stage,2022,356914272,USD,6
GBR,UNITED KINGDOM,Fundings of start-ups,"By sector (energy, green, digital)",Energy and digital,Later stage,2022,4.771306992,Years,696
GBR,UNITED KINGDOM,Fundings of start-ups,"By sector (energy, green, digital)",Energy and non-digital,Later stage,2006,15850519,USD,1
GBR,UNITED KINGDOM,Fundings of start-ups,"By sector (energy, green, digital)",Energy and non-digital,Later stage,2007,34830188,USD,1
GBR,UNITED KINGDOM,Fundings of start-ups,"By sector (energy, green, digital)",Energy and non-digital,Later stage,2008,12883273,USD,2
GBR,UNITED KINGDOM,Fundings of start-ups,"By sector (energy, green, digital)",Energy and non-digital,Later stage,2009,12723678,USD,2
GBR,UNITED KINGDOM,Fundings of start-ups,"By sector (energy, green, digital)",Energy and non-digital,Later stage,2010,16371694,USD,4
GBR,UNITED KINGDOM,Fundings of start-ups,"By sector (energy, green, digital)",Energy and non-digital,Later stage,2011,3568101.75,USD,1
GBR,UNITED KINGDOM,Fundings of start-ups,"By sector (energy, green, digital)",Energy and non-digital,Later stage,2012,13742329,USD,3
GBR,UNITED KINGDOM,Fundings of start-ups,"By sector (energy, green, digital)",Energy and non-digital,Later stage,2013,15051041,USD,1
GBR,UNITED KINGDOM,Fundings of start-ups,"By sector (energy, green, digital)",Energy and non-digital,Later stage,2014,17494172,USD,3
GBR,UNITED KINGDOM,Fundings of start-ups,"By sector (energy, green, digital)",Energy and non-digital,Later stage,2015,26745228,USD,6
GBR,UNITED KINGDOM,Fundings of start-ups,"By sector (energy, green, digital)",Energy and non-digital,Later stage,2016,72376928,USD,7
GBR,UNITED KINGDOM,Fundings of start-ups,"By sector (energy, green, digital)",Energy and non-digital,Later stage,2017,22753408,USD,3
GBR,UNITED KINGDOM,Fundings of start-ups,"By sector (energy, green, digital)",Energy and non-digital,Later stage,2018,41662604,USD,9
GBR,UNITED KINGDOM,Fundings of start-ups,"By sector (energy, green, digital)",Energy and non-digital,Later stage,2019,139496112,USD,9
GBR,UNITED KINGDOM,Fundings of start-ups,"By sector (energy, green, digital)",Energy and non-digital,Later stage,2020,13857183,USD,3
GBR,UNITED KINGDOM,Probability to receive funding,"By sector (energy, green, digital)",Energy and non-digital,Later stage,2021,8.301157951,Percentage,1554
GBR,UNITED KINGDOM,Fundings of start-ups,"By sector (energy, green, digital)",Energy and non-digital,Later stage,2021,27874886,USD,3
GBR,UNITED KINGDOM,Fundings of start-ups,"By sector (energy, green, digital)",Energy and non-digital,Later stage,2022,420794464,USD,5
GBR,UNITED KINGDOM,Fundings of start-ups,"By sector (energy, green, digital)",Energy and non-digital,Later stage,2022,4.92937851,Years,1559
GBR,UNITED KINGDOM,Fundings of start-ups,"By sector (energy, green, digital)",Non-energy,Later stage,2000,80805784,USD,2
GBR,UNITED KINGDOM,Fundings of start-ups,"By sector (energy, green, digital)",Non-energy,Later stage,2001,153192704,USD,4
GBR,UNITED KINGDOM,Fundings of start-ups,"By sector (energy, green, digital)",Non-energy,Later stage,2002,22181292,USD,3
GBR,UNITED KINGDOM,Fundings of start-ups,"By sector (energy, green, digital)",Non-energy,Later stage,2003,143352864,USD,10
GBR,UNITED KINGDOM,Fundings of start-ups,"By sector (energy, green, digital)",Non-energy,Later stage,2004,341950240,USD,14
GBR,UNITED KINGDOM,Fundings of start-ups,"By sector (energy, green, digital)",Non-energy,Later stage,2005,200955840,USD,18
GBR,UNITED KINGDOM,Fundings of start-ups,"By sector (energy, green, digital)",Non-energy,Later stage,2006,392357568,USD,25
GBR,UNITED KINGDOM,Fundings of start-ups,"By sector (energy, green, digital)",Non-energy,Later stage,2007,592786048,USD,39
GBR,UNITED KINGDOM,Fundings of start-ups,"By sector (energy, green, digital)",Non-energy,Later stage,2008,519121408,USD,36
GBR,UNITED KINGDOM,Fundings of start-ups,"By sector (energy, green, digital)",Non-energy,Later stage,2009,550500800,USD,47
GBR,UNITED KINGDOM,Fundings of start-ups,"By sector (energy, green, digital)",Non-energy,Later stage,2010,444662176,USD,42
GBR,UNITED KINGDOM,Fundings of start-ups,"By sector (energy, green, digital)",Non-energy,Later stage,2011,773386432,USD,38
GBR,UNITED KINGDOM,Fundings of start-ups,"By sector (energy, green, digital)",Non-energy,Later stage,2012,898525760,USD,76
GBR,UNITED KINGDOM,Fundings of start-ups,"By sector (energy, green, digital)",Non-energy,Later stage,2013,719600128,USD,71
GBR,UNITED KINGDOM,Fundings of start-ups,"By sector (energy, green, digital)",Non-energy,Later stage,2014,1320811520,USD,113
GBR,UNITED KINGDOM,Fundings of start-ups,"By sector (energy, green, digital)",Non-energy,Later stage,2015,1946843008,USD,118
GBR,UNITED KINGDOM,Fundings of start-ups,"By sector (energy, green, digital)",Non-energy,Later stage,2016,3735154176,USD,130
GBR,UNITED KINGDOM,Fundings of start-ups,"By sector (energy, green, digital)",Non-energy,Later stage,2017,4419468288,USD,152
GBR,UNITED KINGDOM,Fundings of start-ups,"By sector (energy, green, digital)",Non-energy,Later stage,2018,2813683968,USD,166
GBR,UNITED KINGDOM,Fundings of start-ups,"By sector (energy, green, digital)",Non-energy,Later stage,2019,5996764672,USD,158
GBR,UNITED KINGDOM,Fundings of start-ups,"By sector (energy, green, digital)",Non-energy,Later stage,2020,5508810752,USD,191
GBR,UNITED KINGDOM,Probability to receive funding,"By sector (energy, green, digital)",Non-energy,Later stage,2021,3.074570179,Percentage,69961
GBR,UNITED KINGDOM,Fundings of start-ups,"By sector (energy, green, digital)",Non-energy,Later stage,2021,17185091584,USD,200
GBR,UNITED KINGDOM,Fundings of start-ups,"By sector (energy, green, digital)",Non-energy,Later stage,2022,7244870144,USD,127
GBR,UNITED KINGDOM,Fundings of start-ups,"By sector (energy, green, digital)",Non-energy,Later stage,2022,5.407980919,Years,70267
GBR,UNITED KINGDOM,Fundings of start-ups,By technology,Bioenergy,all,2005,1586778.5,USD,1
GBR,UNITED KINGDOM,Fundings of start-ups,By technology,Bioenergy,all,2006,5902199.5,USD,2
GBR,UNITED KINGDOM,Fundings of start-ups,By technology,Bioenergy,all,2008,8239840.5,USD,2
GBR,UNITED KINGDOM,Fundings of start-ups,By technology,Bioenergy,all,2009,6632473,USD,2
GBR,UNITED KINGDOM,Fundings of start-ups,By technology,Bioenergy,all,2010,9272515,USD,1
GBR,UNITED KINGDOM,Fundings of start-ups,By technology,Bioenergy,all,2011,13749985,USD,2
GBR,UNITED KINGDOM,Fundings of start-ups,By technology,Bioenergy,all,2013,2326882.5,USD,1
GBR,UNITED KINGDOM,Fundings of start-ups,By technology,Bioenergy,all,2017,2706735,USD,2
GBR,UNITED KINGDOM,Fundings of start-ups,By technology,Bioenergy,all,2019,851240.375,USD,1
GBR,UNITED KINGDOM,Fundings of start-ups,By technology,Bioenergy,all,2021,8231884,USD,2
GBR,UNITED KINGDOM,Fundings of start-ups,By technology,Bioenergy,all,2022,16000000,USD,1
GBR,UNITED KINGDOM,Fundings of start-ups,By technology,Electric mobility,all,2014,6456697,USD,3
GBR,UNITED KINGDOM,Fundings of start-ups,By technology,Electric mobility,all,2015,8116405,USD,4.333333492
GBR,UNITED KINGDOM,Fundings of start-ups,By technology,Electric mobility,all,2016,15063745,USD,6.166666508
GBR,UNITED KINGDOM,Fundings of start-ups,By technology,Electric mobility,all,2017,21990418,USD,11
GBR,UNITED KINGDOM,Fundings of start-ups,By technology,Electric mobility,all,2018,9668323,USD,10.5
GBR,UNITED KINGDOM,Fundings of start-ups,By technology,Electric mobility,all,2019,56030300,USD,13.66666698
GBR,UNITED KINGDOM,Fundings of start-ups,By technology,Electric mobility,all,2020,283076320,USD,15.16666698
GBR,UNITED KINGDOM,Fundings of start-ups,By technology,Electric mobility,all,2021,915481408,USD,19.33333397
GBR,UNITED KINGDOM,Fundings of start-ups,By technology,Electric mobility,all,2022,483475104,USD,10.66666698
GBR,UNITED KINGDOM,Fundings of start-ups,By technology,Energy efficiency,all,2003,30215668,USD,1.5
GBR,UNITED KINGDOM,Fundings of start-ups,By technology,Energy efficiency,all,2004,9733876,USD,0.5
GBR,UNITED KINGDOM,Fundings of start-ups,By technology,Energy efficiency,all,2007,17415094,USD,0.5
GBR,UNITED KINGDOM,Fundings of start-ups,By technology,Energy efficiency,all,2008,6742848.5,USD,1.333333373
GBR,UNITED KINGDOM,Fundings of start-ups,By technology,Energy efficiency,all,2009,22371872,USD,3.333333254
GBR,UNITED KINGDOM,Fundings of start-ups,By technology,Energy efficiency,all,2010,3857131.5,USD,4.333333492
GBR,UNITED KINGDOM,Fundings of start-ups,By technology,Energy efficiency,all,2011,29935870,USD,7.166666508
GBR,UNITED KINGDOM,Fundings of start-ups,By technology,Energy efficiency,all,2012,3702199.5,USD,6.5
GBR,UNITED KINGDOM,Fundings of start-ups,By technology,Energy efficiency,all,2013,3633835.5,USD,9.533333778
GBR,UNITED KINGDOM,Fundings of start-ups,By technology,Energy efficiency,all,2014,27244576,USD,13.19999981
GBR,UNITED KINGDOM,Fundings of start-ups,By technology,Energy efficiency,all,2015,29829118,USD,23.16666603
GBR,UNITED KINGDOM,Fundings of start-ups,By technology,Energy efficiency,all,2016,24271138,USD,22.03333282
GBR,UNITED KINGDOM,Fundings of start-ups,By technology,Energy efficiency,all,2017,67992416,USD,26.76666641
GBR,UNITED KINGDOM,Fundings of start-ups,By technology,Energy efficiency,all,2018,73928360,USD,30.23333359
GBR,UNITED KINGDOM,Fundings of start-ups,By technology,Energy efficiency,all,2019,102574976,USD,28.79999924
GBR,UNITED KINGDOM,Fundings of start-ups,By technology,Energy efficiency,all,2020,87311696,USD,22.86666679
GBR,UNITED KINGDOM,Fundings of start-ups,By technology,Energy efficiency,all,2021,34637668,USD,7.833333492
GBR,UNITED KINGDOM,Fundings of start-ups,By technology,Energy efficiency,all,2022,64626416,USD,5.066666603
GBR,UNITED KINGDOM,Fundings of start-ups,By technology,Energy storage and batteries,all,2006,1828447.375,USD,1.5
GBR,UNITED KINGDOM,Fundings of start-ups,By technology,Energy storage and batteries,all,2010,1310774.625,USD,1.5
GBR,UNITED KINGDOM,Fundings of start-ups,By technology,Energy storage and batteries,all,2011,164084.2969,USD,0.5
GBR,UNITED KINGDOM,Fundings of start-ups,By technology,Energy storage and batteries,all,2012,895969.375,USD,3
GBR,UNITED KINGDOM,Fundings of start-ups,By technology,Energy storage and batteries,all,2013,1649926.125,USD,2.5
GBR,UNITED KINGDOM,Fundings of start-ups,By technology,Energy storage and batteries,all,2014,2467989.75,USD,2
GBR,UNITED KINGDOM,Fundings of start-ups,By technology,Energy storage and batteries,all,2015,6628134.5,USD,3.5
GBR,UNITED KINGDOM,Fundings of start-ups,By technology,Energy storage and batteries,all,2016,3962026.75,USD,1.416666627
GBR,UNITED KINGDOM,Fundings of start-ups,By technology,Energy storage and batteries,all,2017,11185486,USD,4.666666508
GBR,UNITED KINGDOM,Fundings of start-ups,By technology,Energy storage and batteries,all,2018,12384671,USD,6
GBR,UNITED KINGDOM,Fundings of start-ups,By technology,Energy storage and batteries,all,2019,10164781,USD,2.833333254
GBR,UNITED KINGDOM,Fundings of start-ups,By technology,Energy storage and batteries,all,2020,10788625,USD,4.5
GBR,UNITED KINGDOM,Fundings of start-ups,By technology,Energy storage and batteries,all,2021,93164304,USD,5.166666508
GBR,UNITED KINGDOM,Fundings of start-ups,By technology,Energy storage and batteries,all,2022,2404458752,USD,5.5
GBR,UNITED KINGDOM,Fundings of start-ups,By technology,Fossil fuels,all,2004,15017146,USD,1
GBR,UNITED KINGDOM,Fundings of start-ups,By technology,Fossil fuels,all,2005,6966662,USD,1
GBR,UNITED KINGDOM,Fundings of start-ups,By technology,Fossil fuels,all,2006,15172792,USD,2
GBR,UNITED KINGDOM,Fundings of start-ups,By technology,Fossil fuels,all,2007,4785800.5,USD,1
GBR,UNITED KINGDOM,Fundings of start-ups,By technology,Fossil fuels,all,2008,30426660,USD,2
GBR,UNITED KINGDOM,Fundings of start-ups,By technology,Fossil fuels,all,2009,1929970.875,USD,1
GBR,UNITED KINGDOM,Fundings of start-ups,By technology,Fossil fuels,all,2010,9378716,USD,3.666666746
GBR,UNITED KINGDOM,Fundings of start-ups,By technology,Fossil fuels,all,2011,7663909.5,USD,4
GBR,UNITED KINGDOM,Fundings of start-ups,By technology,Fossil fuels,all,2012,25569762,USD,6
GBR,UNITED KINGDOM,Fundings of start-ups,By technology,Fossil fuels,all,2013,33693512,USD,4.5
GBR,UNITED KINGDOM,Fundings of start-ups,By technology,Fossil fuels,all,2014,7721989.5,USD,1.5
GBR,UNITED KINGDOM,Fundings of start-ups,By technology,Fossil fuels,all,2015,19635710,USD,6.166666508
GBR,UNITED KINGDOM,Fundings of start-ups,By technology,Fossil fuels,all,2016,20671454,USD,7.166666508
GBR,UNITED KINGDOM,Fundings of start-ups,By technology,Fossil fuels,all,2017,22446868,USD,12.66666698
GBR,UNITED KINGDOM,Fundings of start-ups,By technology,Fossil fuels,all,2018,21139894,USD,9.833333015
GBR,UNITED KINGDOM,Fundings of start-ups,By technology,Fossil fuels,all,2019,21518032,USD,9
GBR,UNITED KINGDOM,Fundings of start-ups,By technology,Fossil fuels,all,2020,52354292,USD,7.166666508
GBR,UNITED KINGDOM,Fundings of start-ups,By technology,Fossil fuels,all,2021,74290488,USD,6.5
GBR,UNITED KINGDOM,Fundings of start-ups,By technology,Fossil fuels,all,2022,259963008,USD,4.333333492
GBR,UNITED KINGDOM,Fundings of start-ups,By technology,Grid,all,2008,1249600,USD,1
GBR,UNITED KINGDOM,Fundings of start-ups,By technology,Grid,all,2010,2451700.75,USD,3.5
GBR,UNITED KINGDOM,Fundings of start-ups,By technology,Grid,all,2011,304302.6875,USD,1.5
GBR,UNITED KINGDOM,Fundings of start-ups,By technology,Grid,all,2012,6387371.5,USD,2
GBR,UNITED KINGDOM,Fundings of start-ups,By technology,Grid,all,2013,4448168.5,USD,2.200000048
GBR,UNITED KINGDOM,Fundings of start-ups,By technology,Grid,all,2014,5198112.5,USD,2.5
GBR,UNITED KINGDOM,Fundings of start-ups,By technology,Grid,all,2015,11478797,USD,5.733333111
GBR,UNITED KINGDOM,Fundings of start-ups,By technology,Grid,all,2016,13549213,USD,3.566666603
GBR,UNITED KINGDOM,Fundings of start-ups,By technology,Grid,all,2017,8122270,USD,4.400000095
GBR,UNITED KINGDOM,Fundings of start-ups,By technology,Grid,all,2018,11547821,USD,6.400000095
GBR,UNITED KINGDOM,Fundings of start-ups,By technology,Grid,all,2019,36780424,USD,6.633333206
GBR,UNITED KINGDOM,Fundings of start-ups,By technology,Grid,all,2020,2302555,USD,2.866666555
GBR,UNITED KINGDOM,Fundings of start-ups,By technology,Grid,all,2021,5137168,USD,1
GBR,UNITED KINGDOM,Fundings of start-ups,By technology,Grid,all,2022,5817728,USD,0.400000006
GBR,UNITED KINGDOM,Fundings of start-ups,By technology,Hydrogen and fuel cells,all,2020,2801341,USD,0.5
GBR,UNITED KINGDOM,Fundings of start-ups,By technology,Hydrogen and fuel cells,all,2022,11839620,USD,0.25
GBR,UNITED KINGDOM,Fundings of start-ups,By technology,Nuclear,all,2011,341120.75,USD,1
GBR,UNITED KINGDOM,Fundings of start-ups,By technology,Nuclear,all,2018,295833.3438,USD,0.333333343
GBR,UNITED KINGDOM,Fundings of start-ups,By technology,Nuclear,all,2019,1267857.125,USD,0.333333343
GBR,UNITED KINGDOM,Fundings of start-ups,By technology,Nuclear,all,2020,5522222,USD,0.333333343
GBR,UNITED KINGDOM,Fundings of start-ups,By technology,Nuclear,all,2021,40473428,USD,0.333333343
GBR,UNITED KINGDOM,Fundings of start-ups,By technology,Nuclear,all,2022,105162368,USD,0.333333343
GBR,UNITED KINGDOM,Fundings of start-ups,By technology,Other energy,all,2003,4534817,USD,0.5
GBR,UNITED KINGDOM,Fundings of start-ups,By technology,Other energy,all,2004,5283269.5,USD,0.5
GBR,UNITED KINGDOM,Fundings of start-ups,By technology,Other energy,all,2005,6966662,USD,1
GBR,UNITED KINGDOM,Fundings of start-ups,By technology,Other energy,all,2006,16010387,USD,4.5
GBR,UNITED KINGDOM,Fundings of start-ups,By technology,Other energy,all,2007,45802380,USD,2.5
GBR,UNITED KINGDOM,Fundings of start-ups,By technology,Other energy,all,2008,62900712,USD,4.166666508
GBR,UNITED KINGDOM,Fundings of start-ups,By technology,Other energy,all,2009,29464716,USD,3.833333254
GBR,UNITED KINGDOM,Fundings of start-ups,By technology,Other energy,all,2010,45840928,USD,6
GBR,UNITED KINGDOM,Fundings of start-ups,By technology,Other energy,all,2011,34595864,USD,5.666666508
GBR,UNITED KINGDOM,Fundings of start-ups,By technology,Other energy,all,2012,13274916,USD,4.833333492
GBR,UNITED KINGDOM,Fundings of start-ups,By technology,Other energy,all,2013,22863216,USD,5.533333302
GBR,UNITED KINGDOM,Fundings of start-ups,By technology,Other energy,all,2014,14350523,USD,3.233333349
GBR,UNITED KINGDOM,Fundings of start-ups,By technology,Other energy,all,2015,38109908,USD,13.6833334
GBR,UNITED KINGDOM,Fundings of start-ups,By technology,Other energy,all,2016,63316632,USD,15.91666698
GBR,UNITED KINGDOM,Fundings of start-ups,By technology,Other energy,all,2017,35091652,USD,15.63333321
GBR,UNITED KINGDOM,Fundings of start-ups,By technology,Other energy,all,2018,70693480,USD,17.14999962
GBR,UNITED KINGDOM,Fundings of start-ups,By technology,Other energy,all,2019,121521680,USD,16.29999924
GBR,UNITED KINGDOM,Fundings of start-ups,By technology,Other energy,all,2020,102276768,USD,17.53333282
GBR,UNITED KINGDOM,Fundings of start-ups,By technology,Other energy,all,2021,108981512,USD,11.33333302
GBR,UNITED KINGDOM,Fundings of start-ups,By technology,Other energy,all,2022,177642672,USD,11.64999962
GBR,UNITED KINGDOM,Fundings of start-ups,By technology,Other renewables,all,2008,21409588,USD,2.166666746
GBR,UNITED KINGDOM,Fundings of start-ups,By technology,Other renewables,all,2009,1043333.125,USD,0.5
GBR,UNITED KINGDOM,Fundings of start-ups,By technology,Other renewables,all,2010,9782576,USD,3.666666746
GBR,UNITED KINGDOM,Fundings of start-ups,By technology,Other renewables,all,2011,8775810,USD,2.5
GBR,UNITED KINGDOM,Fundings of start-ups,By technology,Other renewables,all,2012,7521745,USD,4.333333492
GBR,UNITED KINGDOM,Fundings of start-ups,By technology,Other renewables,all,2013,9804222,USD,4.866666794
GBR,UNITED KINGDOM,Fundings of start-ups,By technology,Other renewables,all,2014,11862168,USD,6.5
GBR,UNITED KINGDOM,Fundings of start-ups,By technology,Other renewables,all,2015,35673212,USD,9.149999619
GBR,UNITED KINGDOM,Fundings of start-ups,By technology,Other renewables,all,2016,18583658,USD,12.0666666
GBR,UNITED KINGDOM,Fundings of start-ups,By technology,Other renewables,all,2017,25392980,USD,20.89999962
GBR,UNITED KINGDOM,Fundings of start-ups,By technology,Other renewables,all,2018,47442060,USD,22.98333359
GBR,UNITED KINGDOM,Fundings of start-ups,By technology,Other renewables,all,2019,94578504,USD,18.63333321
GBR,UNITED KINGDOM,Fundings of start-ups,By technology,Other renewables,all,2020,106864368,USD,22.03333282
GBR,UNITED KINGDOM,Fundings of start-ups,By technology,Other renewables,all,2021,74397640,USD,16.66666603
GBR,UNITED KINGDOM,Fundings of start-ups,By technology,Other renewables,all,2022,205588032,USD,9.899999619
GBR,UNITED KINGDOM,Fundings of start-ups,By technology,Solar,all,2009,4285975.5,USD,0.333333343
GBR,UNITED KINGDOM,Fundings of start-ups,By technology,Solar,all,2010,1798383.25,USD,1.333333373
GBR,UNITED KINGDOM,Fundings of start-ups,By technology,Solar,all,2011,20140140,USD,1.666666627
GBR,UNITED KINGDOM,Fundings of start-ups,By technology,Solar,all,2012,64378.44141,USD,0.333333343
GBR,UNITED KINGDOM,Fundings of start-ups,By technology,Solar,all,2013,2458775,USD,1.366666675
GBR,UNITED KINGDOM,Fundings of start-ups,By technology,Solar,all,2014,300352.1875,USD,1.066666722
GBR,UNITED KINGDOM,Fundings of start-ups,By technology,Solar,all,2015,15893296,USD,1.766666651
GBR,UNITED KINGDOM,Fundings of start-ups,By technology,Solar,all,2016,15164145,USD,2.166666746
GBR,UNITED KINGDOM,Fundings of start-ups,By technology,Solar,all,2017,7788488.5,USD,2.966666698
GBR,UNITED KINGDOM,Fundings of start-ups,By technology,Solar,all,2018,12651990,USD,2.566666603
GBR,UNITED KINGDOM,Fundings of start-ups,By technology,Solar,all,2019,66351120,USD,1.799999952
GBR,UNITED KINGDOM,Fundings of start-ups,By technology,Solar,all,2020,2709858.75,USD,1.033333302
GBR,UNITED KINGDOM,Fundings of start-ups,By technology,Solar,all,2021,2088708,USD,0.833333313
GBR,UNITED KINGDOM,Fundings of start-ups,By technology,Solar,all,2022,7361267,USD,0.899999976
GBR,UNITED KINGDOM,Fundings of start-ups,By technology,Wind,all,2008,4405386.5,USD,0.333333343
GBR,UNITED KINGDOM,Fundings of start-ups,By technology,Wind,all,2013,21742.75195,USD,0.5
GBR,UNITED KINGDOM,Fundings of start-ups,By technology,Wind,all,2014,440599.3125,USD,1
GBR,UNITED KINGDOM,Fundings of start-ups,By technology,Wind,all,2015,90657.97656,USD,0.5
GBR,UNITED KINGDOM,Fundings of start-ups,By technology,Wind,all,2016,50075.83594,USD,0.5
GBR,UNITED KINGDOM,Probability to receive funding,By technology,Bioenergy,Early stage,2015,47.74535751,Percentage,6.283333302
GBR,UNITED KINGDOM,Probability to receive funding,By technology,Bioenergy,Early stage,2016,45.34004974,Percentage,6.616666794
GBR,UNITED KINGDOM,Probability to receive funding,By technology,Bioenergy,Early stage,2017,45.34004974,Percentage,6.616666794
GBR,UNITED KINGDOM,Probability to receive funding,By technology,Bioenergy,Early stage,2018,45.34004974,Percentage,6.616666794
GBR,UNITED KINGDOM,Probability to receive funding,By technology,Bioenergy,Early stage,2019,39.38731003,Percentage,7.616666794
GBR,UNITED KINGDOM,Probability to receive funding,By technology,Bioenergy,Early stage,2020,46.42166519,Percentage,8.616666794
GBR,UNITED KINGDOM,Probability to receive funding,By technology,Bioenergy,Early stage,2021,46.42166519,Percentage,8.616666794
GBR,UNITED KINGDOM,Fundings of start-ups,By technology,Bioenergy,Early stage,2022,2.47808218,Years,8.616666794
GBR,UNITED KINGDOM,Fundings of start-ups,By technology,Clean energy,Early stage,2003,34750484,USD,2
GBR,UNITED KINGDOM,Fundings of start-ups,By technology,Clean energy,Early stage,2004,19467752,USD,1
GBR,UNITED KINGDOM,Fundings of start-ups,By technology,Clean energy,Early stage,2005,20323868,USD,2
GBR,UNITED KINGDOM,Fundings of start-ups,By technology,Clean energy,Early stage,2008,61756808,USD,7
GBR,UNITED KINGDOM,Fundings of start-ups,By technology,Clean energy,Early stage,2009,14719999,USD,2
GBR,UNITED KINGDOM,Fundings of start-ups,By technology,Clean energy,Early stage,2010,18074386,USD,6
GBR,UNITED KINGDOM,Fundings of start-ups,By technology,Clean energy,Early stage,2011,72866800,USD,6
GBR,UNITED KINGDOM,Fundings of start-ups,By technology,Clean energy,Early stage,2012,4120929.25,USD,7
GBR,UNITED KINGDOM,Fundings of start-ups,By technology,Clean energy,Early stage,2013,5446221,USD,9
GBR,UNITED KINGDOM,Fundings of start-ups,By technology,Clean energy,Early stage,2014,26433554,USD,13
GBR,UNITED KINGDOM,Fundings of start-ups,By technology,Clean energy,Early stage,2015,34034400,USD,17
GBR,UNITED KINGDOM,Fundings of start-ups,By technology,Clean energy,Early stage,2016,20387166,USD,22
GBR,UNITED KINGDOM,Fundings of start-ups,By technology,Clean energy,Early stage,2017,31073124,USD,25
GBR,UNITED KINGDOM,Fundings of start-ups,By technology,Clean energy,Early stage,2018,66789564,USD,41
GBR,UNITED KINGDOM,Fundings of start-ups,By technology,Clean energy,Early stage,2019,135352304,USD,34
GBR,UNITED KINGDOM,Fundings of start-ups,By technology,Clean energy,Early stage,2020,487369344,USD,43
GBR,UNITED KINGDOM,Probability to receive funding,By technology,Clean energy,Early stage,2021,15.43379021,Percentage,1095
GBR,UNITED KINGDOM,Fundings of start-ups,By technology,Clean energy,Early stage,2021,391230272,USD,34
GBR,UNITED KINGDOM,Fundings of start-ups,By technology,Clean energy,Early stage,2022,595593024,USD,23
GBR,UNITED KINGDOM,Fundings of start-ups,By technology,Clean energy,Early stage,2022,2.677185297,Years,1106
GBR,UNITED KINGDOM,Probability to receive funding,By technology,Electric mobility,Early stage,2015,22.34862328,Percentage,43.25396729
GBR,UNITED KINGDOM,Probability to receive funding,By technology,Electric mobility,Early stage,2016,22.22061157,Percentage,54.75396729
GBR,UNITED KINGDOM,Probability to receive funding,By technology,Electric mobility,Early stage,2017,29.83795166,Percentage,67.58730316
GBR,UNITED KINGDOM,Probability to receive funding,By technology,Electric mobility,Early stage,2018,28.33016968,Percentage,79.42063141
GBR,UNITED KINGDOM,Probability to receive funding,By technology,Electric mobility,Early stage,2019,32.03481674,Percentage,92.08730316
GBR,UNITED KINGDOM,Probability to receive funding,By technology,Electric mobility,Early stage,2020,31.47252464,Percentage,100.0873032
GBR,UNITED KINGDOM,Probability to receive funding,By technology,Electric mobility,Early stage,2021,31.1241169,Percentage,104.4206314
GBR,UNITED KINGDOM,Fundings of start-ups,By technology,Electric mobility,Early stage,2022,2.159360647,Years,104.4206314
GBR,UNITED KINGDOM,Probability to receive funding,By technology,Energy efficiency,Early stage,2015,14.09668064,Percentage,300.0706482
GBR,UNITED KINGDOM,Probability to receive funding,By technology,Energy efficiency,Early stage,2016,15.47614479,Percentage,333.6317444
GBR,UNITED KINGDOM,Probability to receive funding,By technology,Energy efficiency,Early stage,2017,16.33640671,Percentage,357.3817444
GBR,UNITED KINGDOM,Probability to receive funding,By technology,Energy efficiency,Early stage,2018,16.99344826,Percentage,374.9484253
GBR,UNITED KINGDOM,Probability to receive funding,By technology,Energy efficiency,Early stage,2019,16.70384598,Percentage,392.4245911
GBR,UNITED KINGDOM,Probability to receive funding,By technology,Energy efficiency,Early stage,2020,16.73128128,Percentage,397.7579346
GBR,UNITED KINGDOM,Probability to receive funding,By technology,Energy efficiency,Early stage,2021,16.67538261,Percentage,399.0912781
GBR,UNITED KINGDOM,Fundings of start-ups,By technology,Energy efficiency,Early stage,2022,2.293357611,Years,398.0912781
GBR,UNITED KINGDOM,Probability to receive funding,By technology,Energy storage and batteries,Early stage,2015,12.71942425,Percentage,36.03412628
GBR,UNITED KINGDOM,Probability to receive funding,By technology,Energy storage and batteries,Early stage,2016,16.90753937,Percentage,39.92301559
GBR,UNITED KINGDOM,Probability to receive funding,By technology,Energy storage and batteries,Early stage,2017,18.02059555,Percentage,43.00634766
GBR,UNITED KINGDOM,Probability to receive funding,By technology,Energy storage and batteries,Early stage,2018,23.11512375,Percentage,46.50634766
GBR,UNITED KINGDOM,Probability to receive funding,By technology,Energy storage and batteries,Early stage,2019,23.33701134,Percentage,50.34920502
GBR,UNITED KINGDOM,Probability to receive funding,By technology,Energy storage and batteries,Early stage,2020,23.65452766,Percentage,51.0825386
GBR,UNITED KINGDOM,Probability to receive funding,By technology,Energy storage and batteries,Early stage,2021,23.50117302,Percentage,51.41587448
GBR,UNITED KINGDOM,Fundings of start-ups,By technology,Energy storage and batteries,Early stage,2022,3.317619324,Years,51.41587448
GBR,UNITED KINGDOM,Probability to receive funding,By technology,Fossil fuels,Early stage,2015,6.359268188,Percentage,235.8761902
GBR,UNITED KINGDOM,Probability to receive funding,By technology,Fossil fuels,Early stage,2016,7.844425201,Percentage,246.4595184
GBR,UNITED KINGDOM,Probability to receive funding,By technology,Fossil fuels,Early stage,2017,8.917778015,Percentage,256.0428467
GBR,UNITED KINGDOM,Probability to receive funding,By technology,Fossil fuels,Early stage,2018,8.507957458,Percentage,268.3761902
GBR,UNITED KINGDOM,Probability to receive funding,By technology,Fossil fuels,Early stage,2019,8.498510361,Percentage,276.519043
GBR,UNITED KINGDOM,Probability to receive funding,By technology,Fossil fuels,Early stage,2020,8.661762238,Percentage,282.8523865
GBR,UNITED KINGDOM,Probability to receive funding,By technology,Fossil fuels,Early stage,2021,9.090299606,Percentage,284.1856995
GBR,UNITED KINGDOM,Fundings of start-ups,By technology,Fossil fuels,Early stage,2022,3.24868989,Years,283.1856995
GBR,UNITED KINGDOM,Probability to receive funding,By technology,Grid,Early stage,2015,7.432944775,Percentage,103.5928574
GBR,UNITED KINGDOM,Probability to receive funding,By technology,Grid,Early stage,2016,6.987044334,Percentage,110.2039719
GBR,UNITED KINGDOM,Probability to receive funding,By technology,Grid,Early stage,2017,6.560414314,Percentage,117.370636
GBR,UNITED KINGDOM,Probability to receive funding,By technology,Grid,Early stage,2018,7.548988342,Percentage,121.870636
GBR,UNITED KINGDOM,Probability to receive funding,By technology,Grid,Early stage,2019,8.12507534,Percentage,125.5373001
GBR,UNITED KINGDOM,Probability to receive funding,By technology,Grid,Early stage,2020,8.029137611,Percentage,127.0373001
GBR,UNITED KINGDOM,Probability to receive funding,By technology,Grid,Early stage,2021,8.029137611,Percentage,127.0373001
GBR,UNITED KINGDOM,Fundings of start-ups,By technology,Grid,Early stage,2022,2.449440479,Years,126.0373001
GBR,UNITED KINGDOM,Probability to receive funding,By technology,Hydrogen and fuel cells,Early stage,2015,0,Percentage,5.402380943
GBR,UNITED KINGDOM,Probability to receive funding,By technology,Hydrogen and fuel cells,Early stage,2016,3.7897017,Percentage,6.5968256
GBR,UNITED KINGDOM,Probability to receive funding,By technology,Hydrogen and fuel cells,Early stage,2017,3.7897017,Percentage,6.5968256
GBR,UNITED KINGDOM,Probability to receive funding,By technology,Hydrogen and fuel cells,Early stage,2018,3.52270174,Percentage,7.0968256
GBR,UNITED KINGDOM,Probability to receive funding,By technology,Hydrogen and fuel cells,Early stage,2019,3.096736193,Percentage,8.073016167
GBR,UNITED KINGDOM,Probability to receive funding,By technology,Hydrogen and fuel cells,Early stage,2020,2.657779217,Percentage,9.406349182
GBR,UNITED KINGDOM,Probability to receive funding,By technology,Hydrogen and fuel cells,Early stage,2021,2.657779217,Percentage,9.406349182
GBR,UNITED KINGDOM,Fundings of start-ups,By technology,Hydrogen and fuel cells,Early stage,2022,4.575342655,Years,9.406349182
GBR,UNITED KINGDOM,Fundings of start-ups,By technology,Non-clean energy,Early stage,2004,10566539,USD,1
GBR,UNITED KINGDOM,Fundings of start-ups,By technology,Non-clean energy,Early stage,2005,12671657,USD,1
GBR,UNITED KINGDOM,Fundings of start-ups,By technology,Non-clean energy,Early stage,2006,16804084,USD,6
GBR,UNITED KINGDOM,Fundings of start-ups,By technology,Non-clean energy,Early stage,2007,28387286,USD,2
GBR,UNITED KINGDOM,Fundings of start-ups,By technology,Non-clean energy,Early stage,2008,17922278,USD,2
GBR,UNITED KINGDOM,Fundings of start-ups,By technology,Non-clean energy,Early stage,2009,19981366,USD,3
GBR,UNITED KINGDOM,Fundings of start-ups,By technology,Non-clean energy,Early stage,2010,34278264,USD,10
GBR,UNITED KINGDOM,Fundings of start-ups,By technology,Non-clean energy,Early stage,2011,11157972,USD,12
GBR,UNITED KINGDOM,Fundings of start-ups,By technology,Non-clean energy,Early stage,2012,16357302,USD,9
GBR,UNITED KINGDOM,Fundings of start-ups,By technology,Non-clean energy,Early stage,2013,29696406,USD,13
GBR,UNITED KINGDOM,Fundings of start-ups,By technology,Non-clean energy,Early stage,2014,6934775,USD,8
GBR,UNITED KINGDOM,Fundings of start-ups,By technology,Non-clean energy,Early stage,2015,52056056,USD,24
GBR,UNITED KINGDOM,Fundings of start-ups,By technology,Non-clean energy,Early stage,2016,48066704,USD,24
GBR,UNITED KINGDOM,Fundings of start-ups,By technology,Non-clean energy,Early stage,2017,47257712,USD,21
GBR,UNITED KINGDOM,Fundings of start-ups,By technology,Non-clean energy,Early stage,2018,74455384,USD,25
GBR,UNITED KINGDOM,Fundings of start-ups,By technology,Non-clean energy,Early stage,2019,70555944,USD,24
GBR,UNITED KINGDOM,Fundings of start-ups,By technology,Non-clean energy,Early stage,2020,49240396,USD,10
GBR,UNITED KINGDOM,Fundings of start-ups,By technology,Non-clean energy,Early stage,2021,255618480,USD,15
GBR,UNITED KINGDOM,Probability to receive funding,By technology,Non-clean energy,Early stage,2021,9.328683853,Percentage,1147
GBR,UNITED KINGDOM,Fundings of start-ups,By technology,Non-clean energy,Early stage,2022,2.63977766,Years,1149
GBR,UNITED KINGDOM,Fundings of start-ups,By technology,Non-clean energy,Early stage,2022,28019760,USD,8
GBR,UNITED KINGDOM,Probability to receive funding,By technology,Nuclear,Early stage,2015,18.46153831,Percentage,5.416666508
GBR,UNITED KINGDOM,Probability to receive funding,By technology,Nuclear,Early stage,2016,15.58441544,Percentage,6.416666508
GBR,UNITED KINGDOM,Probability to receive funding,By technology,Nuclear,Early stage,2017,13.48314571,Percentage,7.416666508
GBR,UNITED KINGDOM,Probability to receive funding,By technology,Nuclear,Early stage,2018,15.23809528,Percentage,8.75
GBR,UNITED KINGDOM,Probability to receive funding,By technology,Nuclear,Early stage,2019,15.23809528,Percentage,8.75
GBR,UNITED KINGDOM,Probability to receive funding,By technology,Nuclear,Early stage,2020,15.23809528,Percentage,8.75
GBR,UNITED KINGDOM,Probability to receive funding,By technology,Nuclear,Early stage,2021,18.34862328,Percentage,9.083333015
GBR,UNITED KINGDOM,Fundings of start-ups,By technology,Nuclear,Early stage,2022,1.826027393,Years,9.083333015
GBR,UNITED KINGDOM,Probability to receive funding,By technology,Other energy,Early stage,2015,6.780153751,Percentage,502.4468384
GBR,UNITED KINGDOM,Probability to receive funding,By technology,Other energy,Early stage,2016,7.882657528,Percentage,538.9468384
GBR,UNITED KINGDOM,Probability to receive funding,By technology,Other energy,Early stage,2017,8.689117432,Percentage,572.3634644
GBR,UNITED KINGDOM,Probability to receive funding,By technology,Other energy,Early stage,2018,9.31507206,Percentage,598.3134766
GBR,UNITED KINGDOM,Probability to receive funding,By technology,Other energy,Early stage,2019,9.418230057,Percentage,609.4563599
GBR,UNITED KINGDOM,Probability to receive funding,By technology,Other energy,Early stage,2020,9.36738205,Percentage,616.322998
GBR,UNITED KINGDOM,Probability to receive funding,By technology,Other energy,Early stage,2021,9.355687141,Percentage,620.6563721
GBR,UNITED KINGDOM,Fundings of start-ups,By technology,Other energy,Early stage,2022,3.036069632,Years,620.1563721
GBR,UNITED KINGDOM,Probability to receive funding,By technology,Other renewables,Early stage,2015,10.12407303,Percentage,269.4896851
GBR,UNITED KINGDOM,Probability to receive funding,By technology,Other renewables,Early stage,2016,11.07001591,Percentage,287.111908
GBR,UNITED KINGDOM,Probability to receive funding,By technology,Other renewables,Early stage,2017,12.7464962,Percentage,312.111908
GBR,UNITED KINGDOM,Probability to receive funding,By technology,Other renewables,Early stage,2018,13.65620708,Percentage,331.5952454
GBR,UNITED KINGDOM,Probability to receive funding,By technology,Other renewables,Early stage,2019,14.19771767,Percentage,345.9476318
GBR,UNITED KINGDOM,Probability to receive funding,By technology,Other renewables,Early stage,2020,15.03455734,Percentage,355.5142822
GBR,UNITED KINGDOM,Probability to receive funding,By technology,Other renewables,Early stage,2021,15.06164551,Percentage,361.5142822
GBR,UNITED KINGDOM,Fundings of start-ups,By technology,Other renewables,Early stage,2022,2.537492275,Years,361.0142822
GBR,UNITED KINGDOM,Probability to receive funding,By technology,Solar,Early stage,2015,6.868504524,Percentage,73.76667023
GBR,UNITED KINGDOM,Probability to receive funding,By technology,Solar,Early stage,2016,6.987935066,Percentage,79.66110992
GBR,UNITED KINGDOM,Probability to receive funding,By technology,Solar,Early stage,2017,7.280485153,Percentage,83.32777405
GBR,UNITED KINGDOM,Probability to receive funding,By technology,Solar,Early stage,2018,7.130730152,Percentage,85.07777405
GBR,UNITED KINGDOM,Probability to receive funding,By technology,Solar,Early stage,2019,6.872246742,Percentage,88.27777863
GBR,UNITED KINGDOM,Probability to receive funding,By technology,Solar,Early stage,2020,6.695279121,Percentage,90.6111145
GBR,UNITED KINGDOM,Probability to receive funding,By technology,Solar,Early stage,2021,6.646378517,Percentage,91.27777863
GBR,UNITED KINGDOM,Fundings of start-ups,By technology,Solar,Early stage,2022,4.054041862,Years,91.27777863
GBR,UNITED KINGDOM,Probability to receive funding,By technology,Wind,Early stage,2015,14.23487568,Percentage,9.366666794
GBR,UNITED KINGDOM,Probability to receive funding,By technology,Wind,Early stage,2016,13.77726746,Percentage,9.677778244
GBR,UNITED KINGDOM,Probability to receive funding,By technology,Wind,Early stage,2017,11.9284296,Percentage,11.17777824
GBR,UNITED KINGDOM,Probability to receive funding,By technology,Wind,Early stage,2018,11.66747665,Percentage,11.42777824
GBR,UNITED KINGDOM,Probability to receive funding,By technology,Wind,Early stage,2019,11.14723682,Percentage,11.96111107
GBR,UNITED KINGDOM,Probability to receive funding,By technology,Wind,Early stage,2020,11.14723682,Percentage,11.96111107
GBR,UNITED KINGDOM,Probability to receive funding,By technology,Wind,Early stage,2021,10.84500694,Percentage,12.29444408
GBR,UNITED KINGDOM,Fundings of start-ups,By technology,Wind,Early stage,2022,1.568493128,Years,12.29444408
GBR,UNITED KINGDOM,Probability to receive funding,By technology,Bioenergy,Later stage,2015,23.87267876,Percentage,6.283333302
GBR,UNITED KINGDOM,Probability to receive funding,By technology,Bioenergy,Later stage,2016,22.67002487,Percentage,6.616666794
GBR,UNITED KINGDOM,Probability to receive funding,By technology,Bioenergy,Later stage,2017,22.67002487,Percentage,6.616666794
GBR,UNITED KINGDOM,Probability to receive funding,By technology,Bioenergy,Later stage,2018,22.67002487,Percentage,6.616666794
GBR,UNITED KINGDOM,Probability to receive funding,By technology,Bioenergy,Later stage,2019,19.69365501,Percentage,7.616666794
GBR,UNITED KINGDOM,Probability to receive funding,By technology,Bioenergy,Later stage,2020,17.40812302,Percentage,8.616666794
GBR,UNITED KINGDOM,Probability to receive funding,By technology,Bioenergy,Later stage,2021,17.40812302,Percentage,8.616666794
GBR,UNITED KINGDOM,Fundings of start-ups,By technology,Bioenergy,Later stage,2022,3.705935955,Years,8.616666794
GBR,UNITED KINGDOM,Fundings of start-ups,By technology,Clean energy,Later stage,2006,5902199.5,USD,2
GBR,UNITED KINGDOM,Fundings of start-ups,By technology,Clean energy,Later stage,2007,34830188,USD,1
GBR,UNITED KINGDOM,Fundings of start-ups,By technology,Clean energy,Later stage,2008,14070909,USD,2
GBR,UNITED KINGDOM,Fundings of start-ups,By technology,Clean energy,Later stage,2009,22846196,USD,4
GBR,UNITED KINGDOM,Fundings of start-ups,By technology,Clean energy,Later stage,2010,14629401,USD,2
GBR,UNITED KINGDOM,Fundings of start-ups,By technology,Clean energy,Later stage,2011,14928868,USD,3
GBR,UNITED KINGDOM,Fundings of start-ups,By technology,Clean energy,Later stage,2012,9582058,USD,1
GBR,UNITED KINGDOM,Fundings of start-ups,By technology,Clean energy,Later stage,2013,17377924,USD,2
GBR,UNITED KINGDOM,Fundings of start-ups,By technology,Clean energy,Later stage,2014,7844258,USD,1
GBR,UNITED KINGDOM,Fundings of start-ups,By technology,Clean energy,Later stage,2015,28723018,USD,6
GBR,UNITED KINGDOM,Fundings of start-ups,By technology,Clean energy,Later stage,2016,66979520,USD,7
GBR,UNITED KINGDOM,Fundings of start-ups,By technology,Clean energy,Later stage,2017,41049420,USD,7
GBR,UNITED KINGDOM,Fundings of start-ups,By technology,Clean energy,Later stage,2018,48051316,USD,8
GBR,UNITED KINGDOM,Fundings of start-ups,By technology,Clean energy,Later stage,2019,134193232,USD,8
GBR,UNITED KINGDOM,Fundings of start-ups,By technology,Clean energy,Later stage,2020,20118594,USD,7
GBR,UNITED KINGDOM,Probability to receive funding,By technology,Clean energy,Later stage,2021,10.86757946,Percentage,1095
GBR,UNITED KINGDOM,Fundings of start-ups,By technology,Clean energy,Later stage,2021,231386512,USD,6
GBR,UNITED KINGDOM,Fundings of start-ups,By technology,Clean energy,Later stage,2022,401847616,USD,8
GBR,UNITED KINGDOM,Fundings of start-ups,By technology,Clean energy,Later stage,2022,4.81815052,Years,1106
GBR,UNITED KINGDOM,Probability to receive funding,By technology,Electric mobility,Later stage,2015,15.74311924,Percentage,43.25396729
GBR,UNITED KINGDOM,Probability to receive funding,By technology,Electric mobility,Later stage,2016,15.17611217,Percentage,54.75396729
GBR,UNITED KINGDOM,Probability to receive funding,By technology,Electric mobility,Later stage,2017,19.69234467,Percentage,67.58730316
GBR,UNITED KINGDOM,Probability to receive funding,By technology,Electric mobility,Later stage,2018,17.38782883,Percentage,79.42063141
GBR,UNITED KINGDOM,Probability to receive funding,By technology,Electric mobility,Later stage,2019,16.08204842,Percentage,92.08730316
GBR,UNITED KINGDOM,Probability to receive funding,By technology,Electric mobility,Later stage,2020,14.79660606,Percentage,100.0873032
GBR,UNITED KINGDOM,Probability to receive funding,By technology,Electric mobility,Later stage,2021,15.14022923,Percentage,104.4206314
GBR,UNITED KINGDOM,Fundings of start-ups,By technology,Electric mobility,Later stage,2022,5.105863094,Years,104.4206314
GBR,UNITED KINGDOM,Probability to receive funding,By technology,Energy efficiency,Later stage,2015,7.734686852,Percentage,300.0706482
GBR,UNITED KINGDOM,Probability to receive funding,By technology,Energy efficiency,Later stage,2016,6.956629276,Percentage,333.6317444
GBR,UNITED KINGDOM,Probability to receive funding,By technology,Energy efficiency,Later stage,2017,6.77413559,Percentage,357.3817444
GBR,UNITED KINGDOM,Probability to receive funding,By technology,Energy efficiency,Later stage,2018,6.590113163,Percentage,374.9484253
GBR,UNITED KINGDOM,Probability to receive funding,By technology,Energy efficiency,Later stage,2019,6.424042702,Percentage,392.4245911
GBR,UNITED KINGDOM,Probability to receive funding,By technology,Energy efficiency,Later stage,2020,6.337905884,Percentage,397.7579346
GBR,UNITED KINGDOM,Probability to receive funding,By technology,Energy efficiency,Later stage,2021,6.400254726,Percentage,399.0912781
GBR,UNITED KINGDOM,Fundings of start-ups,By technology,Energy efficiency,Later stage,2022,4.642588139,Years,398.0912781
GBR,UNITED KINGDOM,Probability to receive funding,By technology,Energy storage and batteries,Later stage,2015,12.35601139,Percentage,36.03412628
GBR,UNITED KINGDOM,Probability to receive funding,By technology,Energy storage and batteries,Later stage,2016,12.40482712,Percentage,39.92301559
GBR,UNITED KINGDOM,Probability to receive funding,By technology,Energy storage and batteries,Later stage,2017,12.0967741,Percentage,43.00634766
GBR,UNITED KINGDOM,Probability to receive funding,By technology,Energy storage and batteries,Later stage,2018,15.48687649,Percentage,46.50634766
GBR,UNITED KINGDOM,Probability to receive funding,By technology,Energy storage and batteries,Later stage,2019,14.30485535,Percentage,50.34920502
GBR,UNITED KINGDOM,Probability to receive funding,By technology,Energy storage and batteries,Later stage,2020,14.75203514,Percentage,51.0825386
GBR,UNITED KINGDOM,Probability to receive funding,By technology,Energy storage and batteries,Later stage,2021,14.65639687,Percentage,51.41587448
GBR,UNITED KINGDOM,Fundings of start-ups,By technology,Energy storage and batteries,Later stage,2022,5.46352005,Years,51.41587448
GBR,UNITED KINGDOM,Probability to receive funding,By technology,Fossil fuels,Later stage,2015,7.843097687,Percentage,235.8761902
GBR,UNITED KINGDOM,Probability to receive funding,By technology,Fossil fuels,Later stage,2016,7.91204977,Percentage,246.4595184
GBR,UNITED KINGDOM,Probability to receive funding,By technology,Fossil fuels,Later stage,2017,7.713552475,Percentage,256.0428467
GBR,UNITED KINGDOM,Probability to receive funding,By technology,Fossil fuels,Later stage,2018,7.545378685,Percentage,268.3761902
GBR,UNITED KINGDOM,Probability to receive funding,By technology,Fossil fuels,Later stage,2019,7.32318449,Percentage,276.519043
GBR,UNITED KINGDOM,Probability to receive funding,By technology,Fossil fuels,Later stage,2020,7.159211636,Percentage,282.8523865
GBR,UNITED KINGDOM,Probability to receive funding,By technology,Fossil fuels,Later stage,2021,7.242916107,Percentage,284.1856995
GBR,UNITED KINGDOM,Fundings of start-ups,By technology,Fossil fuels,Later stage,2022,4.883045673,Years,283.1856995
GBR,UNITED KINGDOM,Probability to receive funding,By technology,Grid,Later stage,2015,10.94945908,Percentage,103.5928574
GBR,UNITED KINGDOM,Probability to receive funding,By technology,Grid,Later stage,2016,10.29260349,Percentage,110.2039719
GBR,UNITED KINGDOM,Probability to receive funding,By technology,Grid,Later stage,2017,9.664134979,Percentage,117.370636
GBR,UNITED KINGDOM,Probability to receive funding,By technology,Grid,Later stage,2018,10.12783527,Percentage,121.870636
GBR,UNITED KINGDOM,Probability to receive funding,By technology,Grid,Later stage,2019,9.832023621,Percentage,125.5373001
GBR,UNITED KINGDOM,Probability to receive funding,By technology,Grid,Later stage,2020,9.715931892,Percentage,127.0373001
GBR,UNITED KINGDOM,Probability to receive funding,By technology,Grid,Later stage,2021,9.715931892,Percentage,127.0373001
GBR,UNITED KINGDOM,Fundings of start-ups,By technology,Grid,Later stage,2022,5.135167122,Years,126.0373001
GBR,UNITED KINGDOM,Probability to receive funding,By technology,Hydrogen and fuel cells,Later stage,2015,15.42529774,Percentage,5.402380943
GBR,UNITED KINGDOM,Probability to receive funding,By technology,Hydrogen and fuel cells,Later stage,2016,20.2117424,Percentage,6.5968256
GBR,UNITED KINGDOM,Probability to receive funding,By technology,Hydrogen and fuel cells,Later stage,2017,20.2117424,Percentage,6.5968256
GBR,UNITED KINGDOM,Probability to receive funding,By technology,Hydrogen and fuel cells,Later stage,2018,18.78774261,Percentage,7.0968256
GBR,UNITED KINGDOM,Probability to receive funding,By technology,Hydrogen and fuel cells,Later stage,2019,20.644907,Percentage,8.073016167
GBR,UNITED KINGDOM,Probability to receive funding,By technology,Hydrogen and fuel cells,Later stage,2020,17.71852875,Percentage,9.406349182
GBR,UNITED KINGDOM,Probability to receive funding,By technology,Hydrogen and fuel cells,Later stage,2021,17.71852875,Percentage,9.406349182
GBR,UNITED KINGDOM,Fundings of start-ups,By technology,Hydrogen and fuel cells,Later stage,2022,5.172602654,Years,9.406349182
GBR,UNITED KINGDOM,Fundings of start-ups,By technology,Non-clean energy,Later stage,2006,15850519,USD,1
GBR,UNITED KINGDOM,Fundings of start-ups,By technology,Non-clean energy,Later stage,2008,41624640,USD,2
GBR,UNITED KINGDOM,Fundings of start-ups,By technology,Non-clean energy,Later stage,2009,1929970.875,USD,1
GBR,UNITED KINGDOM,Fundings of start-ups,By technology,Non-clean energy,Later stage,2010,13603969,USD,4
GBR,UNITED KINGDOM,Fundings of start-ups,By technology,Non-clean energy,Later stage,2011,6943407.5,USD,3
GBR,UNITED KINGDOM,Fundings of start-ups,By technology,Non-clean energy,Later stage,2012,13179756,USD,6
GBR,UNITED KINGDOM,Fundings of start-ups,By technology,Non-clean energy,Later stage,2013,22823496,USD,4
GBR,UNITED KINGDOM,Fundings of start-ups,By technology,Non-clean energy,Later stage,2014,18959466,USD,5
GBR,UNITED KINGDOM,Fundings of start-ups,By technology,Non-clean energy,Later stage,2015,9434835,USD,3
GBR,UNITED KINGDOM,Fundings of start-ups,By technology,Non-clean energy,Later stage,2016,22998980,USD,4
GBR,UNITED KINGDOM,Fundings of start-ups,By technology,Non-clean energy,Later stage,2017,33555304,USD,5
GBR,UNITED KINGDOM,Fundings of start-ups,By technology,Non-clean energy,Later stage,2018,43041700,USD,9
GBR,UNITED KINGDOM,Fundings of start-ups,By technology,Non-clean energy,Later stage,2019,117584256,USD,8
GBR,UNITED KINGDOM,Fundings of start-ups,By technology,Non-clean energy,Later stage,2020,8575154,USD,3
GBR,UNITED KINGDOM,Fundings of start-ups,By technology,Non-clean energy,Later stage,2021,43776960,USD,3
GBR,UNITED KINGDOM,Probability to receive funding,By technology,Non-clean energy,Later stage,2021,7.323452473,Percentage,1147
GBR,UNITED KINGDOM,Fundings of start-ups,By technology,Non-clean energy,Later stage,2022,4.949021339,Years,1149
GBR,UNITED KINGDOM,Fundings of start-ups,By technology,Non-clean energy,Later stage,2022,375861152,USD,3
GBR,UNITED KINGDOM,Probability to receive funding,By technology,Nuclear,Later stage,2015,27.69230843,Percentage,5.416666508
GBR,UNITED KINGDOM,Probability to receive funding,By technology,Nuclear,Later stage,2016,23.37662315,Percentage,6.416666508
GBR,UNITED KINGDOM,Probability to receive funding,By technology,Nuclear,Later stage,2017,20.22472,Percentage,7.416666508
GBR,UNITED KINGDOM,Probability to receive funding,By technology,Nuclear,Later stage,2018,17.1428566,Percentage,8.75
GBR,UNITED KINGDOM,Probability to receive funding,By technology,Nuclear,Later stage,2019,17.1428566,Percentage,8.75
GBR,UNITED KINGDOM,Probability to receive funding,By technology,Nuclear,Later stage,2020,17.1428566,Percentage,8.75
GBR,UNITED KINGDOM,Probability to receive funding,By technology,Nuclear,Later stage,2021,20.18348694,Percentage,9.083333015
GBR,UNITED KINGDOM,Fundings of start-ups,By technology,Nuclear,Later stage,2022,8.51805687,Years,9.083333015
GBR,UNITED KINGDOM,Probability to receive funding,By technology,Other energy,Later stage,2015,10.192029,Percentage,502.4468384
GBR,UNITED KINGDOM,Probability to receive funding,By technology,Other energy,Later stage,2016,10.24396515,Percentage,538.9468384
GBR,UNITED KINGDOM,Probability to receive funding,By technology,Other energy,Later stage,2017,9.951634407,Percentage,572.3634644
GBR,UNITED KINGDOM,Probability to receive funding,By technology,Other energy,Later stage,2018,9.687150002,Percentage,598.3134766
GBR,UNITED KINGDOM,Probability to receive funding,By technology,Other energy,Later stage,2019,9.564730644,Percentage,609.4563599
GBR,UNITED KINGDOM,Probability to receive funding,By technology,Other energy,Later stage,2020,9.674503326,Percentage,616.322998
GBR,UNITED KINGDOM,Probability to receive funding,By technology,Other energy,Later stage,2021,9.714370728,Percentage,620.6563721
GBR,UNITED KINGDOM,Fundings of start-ups,By technology,Other energy,Later stage,2022,4.851355553,Years,620.1563721
GBR,UNITED KINGDOM,Probability to receive funding,By technology,Other renewables,Later stage,2015,13.13947296,Percentage,269.4896851
GBR,UNITED KINGDOM,Probability to receive funding,By technology,Other renewables,Later stage,2016,12.85544872,Percentage,287.111908
GBR,UNITED KINGDOM,Probability to receive funding,By technology,Other renewables,Later stage,2017,12.30633068,Percentage,312.111908
GBR,UNITED KINGDOM,Probability to receive funding,By technology,Other renewables,Later stage,2018,11.73404217,Percentage,331.5952454
GBR,UNITED KINGDOM,Probability to receive funding,By technology,Other renewables,Later stage,2019,11.77717495,Percentage,345.9476318
GBR,UNITED KINGDOM,Probability to receive funding,By technology,Other renewables,Later stage,2020,11.55401993,Percentage,355.5142822
GBR,UNITED KINGDOM,Probability to receive funding,By technology,Other renewables,Later stage,2021,11.45446396,Percentage,361.5142822
GBR,UNITED KINGDOM,Fundings of start-ups,By technology,Other renewables,Later stage,2022,4.791782379,Years,361.0142822
GBR,UNITED KINGDOM,Probability to receive funding,By technology,Solar,Later stage,2015,13.5336647,Percentage,73.76667023
GBR,UNITED KINGDOM,Probability to receive funding,By technology,Solar,Later stage,2016,12.53225422,Percentage,79.66110992
GBR,UNITED KINGDOM,Probability to receive funding,By technology,Solar,Later stage,2017,12.28081894,Percentage,83.32777405
GBR,UNITED KINGDOM,Probability to receive funding,By technology,Solar,Later stage,2018,12.02820969,Percentage,85.07777405
GBR,UNITED KINGDOM,Probability to receive funding,By technology,Solar,Later stage,2019,11.59219646,Percentage,88.27777863
GBR,UNITED KINGDOM,Probability to receive funding,By technology,Solar,Later stage,2020,11.29368496,Percentage,90.6111145
GBR,UNITED KINGDOM,Probability to receive funding,By technology,Solar,Later stage,2021,11.21119881,Percentage,91.27777863
GBR,UNITED KINGDOM,Fundings of start-ups,By technology,Solar,Later stage,2022,5.315648556,Years,91.27777863
GBR,UNITED KINGDOM,Probability to receive funding,By technology,Wind,Later stage,2015,24.02135277,Percentage,9.366666794
GBR,UNITED KINGDOM,Probability to receive funding,By technology,Wind,Later stage,2016,23.24913979,Percentage,9.677778244
GBR,UNITED KINGDOM,Probability to receive funding,By technology,Wind,Later stage,2017,20.12922478,Percentage,11.17777824
GBR,UNITED KINGDOM,Probability to receive funding,By technology,Wind,Later stage,2018,19.68886757,Percentage,11.42777824
GBR,UNITED KINGDOM,Probability to receive funding,By technology,Wind,Later stage,2019,18.81096077,Percentage,11.96111107
GBR,UNITED KINGDOM,Probability to receive funding,By technology,Wind,Later stage,2020,18.81096077,Percentage,11.96111107
GBR,UNITED KINGDOM,Probability to receive funding,By technology,Wind,Later stage,2021,18.3009491,Percentage,12.29444408
GBR,UNITED KINGDOM,Fundings of start-ups,By technology,Wind,Later stage,2022,2.303805113,Years,12.29444408
USA,UNITED STATES,Fundings of start-ups,"By sector (energy, green, digital)",Energy,Early stage,2000,375493184,USD,12
USA,UNITED STATES,Fundings of start-ups,"By sector (energy, green, digital)",Energy,Early stage,2001,154268384,USD,13
USA,UNITED STATES,Fundings of start-ups,"By sector (energy, green, digital)",Energy,Early stage,2002,221958352,USD,24
USA,UNITED STATES,Fundings of start-ups,"By sector (energy, green, digital)",Energy,Early stage,2003,329396192,USD,27
USA,UNITED STATES,Fundings of start-ups,"By sector (energy, green, digital)",Energy,Early stage,2004,401087808,USD,40
USA,UNITED STATES,Fundings of start-ups,"By sector (energy, green, digital)",Energy,Early stage,2005,447973248,USD,32
USA,UNITED STATES,Fundings of start-ups,"By sector (energy, green, digital)",Energy,Early stage,2006,796933888,USD,62
USA,UNITED STATES,Fundings of start-ups,"By sector (energy, green, digital)",Energy,Early stage,2007,2129692416,USD,115
USA,UNITED STATES,Fundings of start-ups,"By sector (energy, green, digital)",Energy,Early stage,2008,2686892288,USD,161
USA,UNITED STATES,Fundings of start-ups,"By sector (energy, green, digital)",Energy,Early stage,2009,781091008,USD,87
USA,UNITED STATES,Fundings of start-ups,"By sector (energy, green, digital)",Energy,Early stage,2010,1689782784,USD,125
USA,UNITED STATES,Fundings of start-ups,"By sector (energy, green, digital)",Energy,Early stage,2011,1306647680,USD,127
USA,UNITED STATES,Fundings of start-ups,"By sector (energy, green, digital)",Energy,Early stage,2012,690305024,USD,143
USA,UNITED STATES,Fundings of start-ups,"By sector (energy, green, digital)",Energy,Early stage,2013,566547200,USD,193
USA,UNITED STATES,Fundings of start-ups,"By sector (energy, green, digital)",Energy,Early stage,2014,813318144,USD,242
USA,UNITED STATES,Fundings of start-ups,"By sector (energy, green, digital)",Energy,Early stage,2015,1037609088,USD,249
USA,UNITED STATES,Fundings of start-ups,"By sector (energy, green, digital)",Energy,Early stage,2016,1038817152,USD,217
USA,UNITED STATES,Fundings of start-ups,"By sector (energy, green, digital)",Energy,Early stage,2017,1357747072,USD,223
USA,UNITED STATES,Fundings of start-ups,"By sector (energy, green, digital)",Energy,Early stage,2018,1508114048,USD,242
USA,UNITED STATES,Fundings of start-ups,"By sector (energy, green, digital)",Energy,Early stage,2019,1766772352,USD,223
USA,UNITED STATES,Fundings of start-ups,"By sector (energy, green, digital)",Energy,Early stage,2020,2344891136,USD,248
USA,UNITED STATES,Fundings of start-ups,"By sector (energy, green, digital)",Energy,Early stage,2021,5081946112,USD,267
USA,UNITED STATES,Probability to receive funding,"By sector (energy, green, digital)",Energy,Early stage,2021,17.52751923,Percentage,10629
USA,UNITED STATES,Fundings of start-ups,"By sector (energy, green, digital)",Energy,Early stage,2022,2.600651026,Years,10666
USA,UNITED STATES,Fundings of start-ups,"By sector (energy, green, digital)",Energy,Early stage,2022,4162794752,USD,185
USA,UNITED STATES,Fundings of start-ups,"By sector (energy, green, digital)",Energy and digital,Early stage,2000,255277280,USD,8
USA,UNITED STATES,Fundings of start-ups,"By sector (energy, green, digital)",Energy and digital,Early stage,2001,124511032,USD,8
USA,UNITED STATES,Fundings of start-ups,"By sector (energy, green, digital)",Energy and digital,Early stage,2002,103559672,USD,12
USA,UNITED STATES,Fundings of start-ups,"By sector (energy, green, digital)",Energy and digital,Early stage,2003,155997568,USD,14
USA,UNITED STATES,Fundings of start-ups,"By sector (energy, green, digital)",Energy and digital,Early stage,2004,244933840,USD,22
USA,UNITED STATES,Fundings of start-ups,"By sector (energy, green, digital)",Energy and digital,Early stage,2005,121035408,USD,15
USA,UNITED STATES,Fundings of start-ups,"By sector (energy, green, digital)",Energy and digital,Early stage,2006,348653248,USD,27
USA,UNITED STATES,Fundings of start-ups,"By sector (energy, green, digital)",Energy and digital,Early stage,2007,633050752,USD,40
USA,UNITED STATES,Fundings of start-ups,"By sector (energy, green, digital)",Energy and digital,Early stage,2008,944320000,USD,74
USA,UNITED STATES,Fundings of start-ups,"By sector (energy, green, digital)",Energy and digital,Early stage,2009,284370880,USD,37
USA,UNITED STATES,Fundings of start-ups,"By sector (energy, green, digital)",Energy and digital,Early stage,2010,667830080,USD,55
USA,UNITED STATES,Fundings of start-ups,"By sector (energy, green, digital)",Energy and digital,Early stage,2011,669769792,USD,72
USA,UNITED STATES,Fundings of start-ups,"By sector (energy, green, digital)",Energy and digital,Early stage,2012,383127264,USD,79
USA,UNITED STATES,Fundings of start-ups,"By sector (energy, green, digital)",Energy and digital,Early stage,2013,351326144,USD,108
USA,UNITED STATES,Fundings of start-ups,"By sector (energy, green, digital)",Energy and digital,Early stage,2014,414272288,USD,149
USA,UNITED STATES,Fundings of start-ups,"By sector (energy, green, digital)",Energy and digital,Early stage,2015,753924416,USD,153
USA,UNITED STATES,Fundings of start-ups,"By sector (energy, green, digital)",Energy and digital,Early stage,2016,697853248,USD,157
USA,UNITED STATES,Fundings of start-ups,"By sector (energy, green, digital)",Energy and digital,Early stage,2017,1070114368,USD,159
USA,UNITED STATES,Fundings of start-ups,"By sector (energy, green, digital)",Energy and digital,Early stage,2018,1040986496,USD,166
USA,UNITED STATES,Fundings of start-ups,"By sector (energy, green, digital)",Energy and digital,Early stage,2019,1043260160,USD,127
USA,UNITED STATES,Fundings of start-ups,"By sector (energy, green, digital)",Energy and digital,Early stage,2020,1619807104,USD,152
USA,UNITED STATES,Probability to receive funding,"By sector (energy, green, digital)",Energy and digital,Early stage,2021,29.44059944,Percentage,3468
USA,UNITED STATES,Fundings of start-ups,"By sector (energy, green, digital)",Energy and digital,Early stage,2021,1672623104,USD,150
USA,UNITED STATES,Fundings of start-ups,"By sector (energy, green, digital)",Energy and digital,Early stage,2022,1643018112,USD,95
USA,UNITED STATES,Fundings of start-ups,"By sector (energy, green, digital)",Energy and digital,Early stage,2022,2.284416199,Years,3483
USA,UNITED STATES,Fundings of start-ups,"By sector (energy, green, digital)",Energy and non-digital,Early stage,2000,120215912,USD,4
USA,UNITED STATES,Fundings of start-ups,"By sector (energy, green, digital)",Energy and non-digital,Early stage,2001,29757352,USD,5
USA,UNITED STATES,Fundings of start-ups,"By sector (energy, green, digital)",Energy and non-digital,Early stage,2002,118398672,USD,12
USA,UNITED STATES,Fundings of start-ups,"By sector (energy, green, digital)",Energy and non-digital,Early stage,2003,173398624,USD,13
USA,UNITED STATES,Fundings of start-ups,"By sector (energy, green, digital)",Energy and non-digital,Early stage,2004,156153968,USD,18
USA,UNITED STATES,Fundings of start-ups,"By sector (energy, green, digital)",Energy and non-digital,Early stage,2005,326937856,USD,17
USA,UNITED STATES,Fundings of start-ups,"By sector (energy, green, digital)",Energy and non-digital,Early stage,2006,448280640,USD,35
USA,UNITED STATES,Fundings of start-ups,"By sector (energy, green, digital)",Energy and non-digital,Early stage,2007,1496641664,USD,75
USA,UNITED STATES,Fundings of start-ups,"By sector (energy, green, digital)",Energy and non-digital,Early stage,2008,1742572416,USD,87
USA,UNITED STATES,Fundings of start-ups,"By sector (energy, green, digital)",Energy and non-digital,Early stage,2009,496720160,USD,50
USA,UNITED STATES,Fundings of start-ups,"By sector (energy, green, digital)",Energy and non-digital,Early stage,2010,1021952704,USD,70
USA,UNITED STATES,Fundings of start-ups,"By sector (energy, green, digital)",Energy and non-digital,Early stage,2011,636877952,USD,55
USA,UNITED STATES,Fundings of start-ups,"By sector (energy, green, digital)",Energy and non-digital,Early stage,2012,307177728,USD,64
USA,UNITED STATES,Fundings of start-ups,"By sector (energy, green, digital)",Energy and non-digital,Early stage,2013,215221088,USD,85
USA,UNITED STATES,Fundings of start-ups,"By sector (energy, green, digital)",Energy and non-digital,Early stage,2014,399045856,USD,93
USA,UNITED STATES,Fundings of start-ups,"By sector (energy, green, digital)",Energy and non-digital,Early stage,2015,283684704,USD,96
USA,UNITED STATES,Fundings of start-ups,"By sector (energy, green, digital)",Energy and non-digital,Early stage,2016,340963904,USD,60
USA,UNITED STATES,Fundings of start-ups,"By sector (energy, green, digital)",Energy and non-digital,Early stage,2017,287632704,USD,64
USA,UNITED STATES,Fundings of start-ups,"By sector (energy, green, digital)",Energy and non-digital,Early stage,2018,467127552,USD,76
USA,UNITED STATES,Fundings of start-ups,"By sector (energy, green, digital)",Energy and non-digital,Early stage,2019,723512192,USD,96
USA,UNITED STATES,Fundings of start-ups,"By sector (energy, green, digital)",Energy and non-digital,Early stage,2020,725084032,USD,96
USA,UNITED STATES,Probability to receive funding,"By sector (energy, green, digital)",Energy and non-digital,Early stage,2021,11.75813389,Percentage,7161
USA,UNITED STATES,Fundings of start-ups,"By sector (energy, green, digital)",Energy and non-digital,Early stage,2021,3409323008,USD,117
USA,UNITED STATES,Fundings of start-ups,"By sector (energy, green, digital)",Energy and non-digital,Early stage,2022,2519776768,USD,90
USA,UNITED STATES,Fundings of start-ups,"By sector (energy, green, digital)",Energy and non-digital,Early stage,2022,2.979982376,Years,7183
USA,UNITED STATES,Fundings of start-ups,"By sector (energy, green, digital)",Non-energy,Early stage,2000,30836586496,USD,1272
USA,UNITED STATES,Fundings of start-ups,"By sector (energy, green, digital)",Non-energy,Early stage,2001,14486903808,USD,611
USA,UNITED STATES,Fundings of start-ups,"By sector (energy, green, digital)",Non-energy,Early stage,2002,9172399104,USD,605
USA,UNITED STATES,Fundings of start-ups,"By sector (energy, green, digital)",Non-energy,Early stage,2003,7945175040,USD,632
USA,UNITED STATES,Fundings of start-ups,"By sector (energy, green, digital)",Non-energy,Early stage,2004,10759030784,USD,759
USA,UNITED STATES,Fundings of start-ups,"By sector (energy, green, digital)",Non-energy,Early stage,2005,12186498048,USD,1037
USA,UNITED STATES,Fundings of start-ups,"By sector (energy, green, digital)",Non-energy,Early stage,2006,12924323840,USD,1213
USA,UNITED STATES,Fundings of start-ups,"By sector (energy, green, digital)",Non-energy,Early stage,2007,16504074240,USD,1676
USA,UNITED STATES,Fundings of start-ups,"By sector (energy, green, digital)",Non-energy,Early stage,2008,12656388096,USD,1597
USA,UNITED STATES,Fundings of start-ups,"By sector (energy, green, digital)",Non-energy,Early stage,2009,9014693888,USD,1581
USA,UNITED STATES,Fundings of start-ups,"By sector (energy, green, digital)",Non-energy,Early stage,2010,11007789056,USD,2141
USA,UNITED STATES,Fundings of start-ups,"By sector (energy, green, digital)",Non-energy,Early stage,2011,14695842816,USD,3024
USA,UNITED STATES,Fundings of start-ups,"By sector (energy, green, digital)",Non-energy,Early stage,2012,14739607552,USD,3902
USA,UNITED STATES,Fundings of start-ups,"By sector (energy, green, digital)",Non-energy,Early stage,2013,20840171520,USD,5442
USA,UNITED STATES,Fundings of start-ups,"By sector (energy, green, digital)",Non-energy,Early stage,2014,28338051072,USD,6234
USA,UNITED STATES,Fundings of start-ups,"By sector (energy, green, digital)",Non-energy,Early stage,2015,36398637056,USD,6316
USA,UNITED STATES,Fundings of start-ups,"By sector (energy, green, digital)",Non-energy,Early stage,2016,31567992832,USD,5416
USA,UNITED STATES,Fundings of start-ups,"By sector (energy, green, digital)",Non-energy,Early stage,2017,37768626176,USD,5679
USA,UNITED STATES,Fundings of start-ups,"By sector (energy, green, digital)",Non-energy,Early stage,2018,48595337216,USD,6188
USA,UNITED STATES,Fundings of start-ups,"By sector (energy, green, digital)",Non-energy,Early stage,2019,51613315072,USD,5964
USA,UNITED STATES,Fundings of start-ups,"By sector (energy, green, digital)",Non-energy,Early stage,2020,56909516800,USD,5800
USA,UNITED STATES,Fundings of start-ups,"By sector (energy, green, digital)",Non-energy,Early stage,2021,1.14876E+11,USD,6912
USA,UNITED STATES,Probability to receive funding,"By sector (energy, green, digital)",Non-energy,Early stage,2021,13.15537453,Percentage,346672
USA,UNITED STATES,Fundings of start-ups,"By sector (energy, green, digital)",Non-energy,Early stage,2022,65247969280,USD,4096
USA,UNITED STATES,Fundings of start-ups,"By sector (energy, green, digital)",Non-energy,Early stage,2022,1.991726756,Years,348121
USA,UNITED STATES,Fundings of start-ups,"By sector (energy, green, digital)",Energy,Later stage,2000,179839776,USD,2
USA,UNITED STATES,Fundings of start-ups,"By sector (energy, green, digital)",Energy,Later stage,2001,171496320,USD,2
USA,UNITED STATES,Fundings of start-ups,"By sector (energy, green, digital)",Energy,Later stage,2002,13303239,USD,2
USA,UNITED STATES,Fundings of start-ups,"By sector (energy, green, digital)",Energy,Later stage,2003,133153704,USD,5
USA,UNITED STATES,Fundings of start-ups,"By sector (energy, green, digital)",Energy,Later stage,2004,237619856,USD,13
USA,UNITED STATES,Fundings of start-ups,"By sector (energy, green, digital)",Energy,Later stage,2005,303133312,USD,16
USA,UNITED STATES,Fundings of start-ups,"By sector (energy, green, digital)",Energy,Later stage,2006,871916864,USD,29
USA,UNITED STATES,Fundings of start-ups,"By sector (energy, green, digital)",Energy,Later stage,2007,1132784384,USD,43
USA,UNITED STATES,Fundings of start-ups,"By sector (energy, green, digital)",Energy,Later stage,2008,2911177984,USD,69
USA,UNITED STATES,Fundings of start-ups,"By sector (energy, green, digital)",Energy,Later stage,2009,2510548736,USD,77
USA,UNITED STATES,Fundings of start-ups,"By sector (energy, green, digital)",Energy,Later stage,2010,3051170816,USD,111
USA,UNITED STATES,Fundings of start-ups,"By sector (energy, green, digital)",Energy,Later stage,2011,3522303232,USD,122
USA,UNITED STATES,Fundings of start-ups,"By sector (energy, green, digital)",Energy,Later stage,2012,3886352896,USD,116
USA,UNITED STATES,Fundings of start-ups,"By sector (energy, green, digital)",Energy,Later stage,2013,1630708864,USD,89
USA,UNITED STATES,Fundings of start-ups,"By sector (energy, green, digital)",Energy,Later stage,2014,2187041536,USD,108
USA,UNITED STATES,Fundings of start-ups,"By sector (energy, green, digital)",Energy,Later stage,2015,1711936000,USD,94
USA,UNITED STATES,Fundings of start-ups,"By sector (energy, green, digital)",Energy,Later stage,2016,2139061888,USD,85
USA,UNITED STATES,Fundings of start-ups,"By sector (energy, green, digital)",Energy,Later stage,2017,2013154048,USD,90
USA,UNITED STATES,Fundings of start-ups,"By sector (energy, green, digital)",Energy,Later stage,2018,3199083520,USD,92
USA,UNITED STATES,Fundings of start-ups,"By sector (energy, green, digital)",Energy,Later stage,2019,2211501312,USD,77
USA,UNITED STATES,Fundings of start-ups,"By sector (energy, green, digital)",Energy,Later stage,2020,2746605568,USD,61
USA,UNITED STATES,Fundings of start-ups,"By sector (energy, green, digital)",Energy,Later stage,2021,9442151424,USD,100
USA,UNITED STATES,Probability to receive funding,"By sector (energy, green, digital)",Energy,Later stage,2021,11.74146175,Percentage,10629
USA,UNITED STATES,Fundings of start-ups,"By sector (energy, green, digital)",Energy,Later stage,2022,8270273536,USD,96
USA,UNITED STATES,Fundings of start-ups,"By sector (energy, green, digital)",Energy,Later stage,2022,4.574722767,Years,10666
USA,UNITED STATES,Fundings of start-ups,"By sector (energy, green, digital)",Energy and digital,Later stage,2000,3953409,USD,1
USA,UNITED STATES,Fundings of start-ups,"By sector (energy, green, digital)",Energy and digital,Later stage,2002,13303239,USD,2
USA,UNITED STATES,Fundings of start-ups,"By sector (energy, green, digital)",Energy and digital,Later stage,2003,36472852,USD,3
USA,UNITED STATES,Fundings of start-ups,"By sector (energy, green, digital)",Energy and digital,Later stage,2004,136114352,USD,9
USA,UNITED STATES,Fundings of start-ups,"By sector (energy, green, digital)",Energy and digital,Later stage,2005,163065088,USD,9
USA,UNITED STATES,Fundings of start-ups,"By sector (energy, green, digital)",Energy and digital,Later stage,2006,507050656,USD,14
USA,UNITED STATES,Fundings of start-ups,"By sector (energy, green, digital)",Energy and digital,Later stage,2007,519753504,USD,22
USA,UNITED STATES,Fundings of start-ups,"By sector (energy, green, digital)",Energy and digital,Later stage,2008,1260128512,USD,33
USA,UNITED STATES,Fundings of start-ups,"By sector (energy, green, digital)",Energy and digital,Later stage,2009,1041303552,USD,36
USA,UNITED STATES,Fundings of start-ups,"By sector (energy, green, digital)",Energy and digital,Later stage,2010,983299520,USD,47
USA,UNITED STATES,Fundings of start-ups,"By sector (energy, green, digital)",Energy and digital,Later stage,2011,1322628992,USD,58
USA,UNITED STATES,Fundings of start-ups,"By sector (energy, green, digital)",Energy and digital,Later stage,2012,1629198720,USD,48
USA,UNITED STATES,Fundings of start-ups,"By sector (energy, green, digital)",Energy and digital,Later stage,2013,924078720,USD,42
USA,UNITED STATES,Fundings of start-ups,"By sector (energy, green, digital)",Energy and digital,Later stage,2014,1074291584,USD,53
USA,UNITED STATES,Fundings of start-ups,"By sector (energy, green, digital)",Energy and digital,Later stage,2015,760883648,USD,49
USA,UNITED STATES,Fundings of start-ups,"By sector (energy, green, digital)",Energy and digital,Later stage,2016,1140047488,USD,46
USA,UNITED STATES,Fundings of start-ups,"By sector (energy, green, digital)",Energy and digital,Later stage,2017,1436447104,USD,51
USA,UNITED STATES,Fundings of start-ups,"By sector (energy, green, digital)",Energy and digital,Later stage,2018,2133524352,USD,50
USA,UNITED STATES,Fundings of start-ups,"By sector (energy, green, digital)",Energy and digital,Later stage,2019,1624523648,USD,45
USA,UNITED STATES,Fundings of start-ups,"By sector (energy, green, digital)",Energy and digital,Later stage,2020,1046641664,USD,38
USA,UNITED STATES,Fundings of start-ups,"By sector (energy, green, digital)",Energy and digital,Later stage,2021,4810723840,USD,55
USA,UNITED STATES,Probability to receive funding,"By sector (energy, green, digital)",Energy and digital,Later stage,2021,14.79238796,Percentage,3468
USA,UNITED STATES,Fundings of start-ups,"By sector (energy, green, digital)",Energy and digital,Later stage,2022,5189901312,USD,57
USA,UNITED STATES,Fundings of start-ups,"By sector (energy, green, digital)",Energy and digital,Later stage,2022,4.75404644,Years,3483
USA,UNITED STATES,Fundings of start-ups,"By sector (energy, green, digital)",Energy and non-digital,Later stage,2000,175886368,USD,1
USA,UNITED STATES,Fundings of start-ups,"By sector (energy, green, digital)",Energy and non-digital,Later stage,2001,171496320,USD,2
USA,UNITED STATES,Fundings of start-ups,"By sector (energy, green, digital)",Energy and non-digital,Later stage,2003,96680848,USD,2
USA,UNITED STATES,Fundings of start-ups,"By sector (energy, green, digital)",Energy and non-digital,Later stage,2004,101505520,USD,4
USA,UNITED STATES,Fundings of start-ups,"By sector (energy, green, digital)",Energy and non-digital,Later stage,2005,140068224,USD,7
USA,UNITED STATES,Fundings of start-ups,"By sector (energy, green, digital)",Energy and non-digital,Later stage,2006,364866240,USD,15
USA,UNITED STATES,Fundings of start-ups,"By sector (energy, green, digital)",Energy and non-digital,Later stage,2007,613030848,USD,21
USA,UNITED STATES,Fundings of start-ups,"By sector (energy, green, digital)",Energy and non-digital,Later stage,2008,1651049472,USD,36
USA,UNITED STATES,Fundings of start-ups,"By sector (energy, green, digital)",Energy and non-digital,Later stage,2009,1469245312,USD,41
USA,UNITED STATES,Fundings of start-ups,"By sector (energy, green, digital)",Energy and non-digital,Later stage,2010,2067871360,USD,64
USA,UNITED STATES,Fundings of start-ups,"By sector (energy, green, digital)",Energy and non-digital,Later stage,2011,2199674112,USD,64
USA,UNITED STATES,Fundings of start-ups,"By sector (energy, green, digital)",Energy and non-digital,Later stage,2012,2257154304,USD,68
USA,UNITED STATES,Fundings of start-ups,"By sector (energy, green, digital)",Energy and non-digital,Later stage,2013,706630080,USD,47
USA,UNITED STATES,Fundings of start-ups,"By sector (energy, green, digital)",Energy and non-digital,Later stage,2014,1112749952,USD,55
USA,UNITED STATES,Fundings of start-ups,"By sector (energy, green, digital)",Energy and non-digital,Later stage,2015,951052352,USD,45
USA,UNITED STATES,Fundings of start-ups,"By sector (energy, green, digital)",Energy and non-digital,Later stage,2016,999014400,USD,39
USA,UNITED STATES,Fundings of start-ups,"By sector (energy, green, digital)",Energy and non-digital,Later stage,2017,576706944,USD,39
USA,UNITED STATES,Fundings of start-ups,"By sector (energy, green, digital)",Energy and non-digital,Later stage,2018,1065559168,USD,42
USA,UNITED STATES,Fundings of start-ups,"By sector (energy, green, digital)",Energy and non-digital,Later stage,2019,586977536,USD,32
USA,UNITED STATES,Fundings of start-ups,"By sector (energy, green, digital)",Energy and non-digital,Later stage,2020,1699963904,USD,23
USA,UNITED STATES,Fundings of start-ups,"By sector (energy, green, digital)",Energy and non-digital,Later stage,2021,4631428096,USD,45
USA,UNITED STATES,Probability to receive funding,"By sector (energy, green, digital)",Energy and non-digital,Later stage,2021,10.26392937,Percentage,7161
USA,UNITED STATES,Fundings of start-ups,"By sector (energy, green, digital)",Energy and non-digital,Later stage,2022,3080371968,USD,39
USA,UNITED STATES,Fundings of start-ups,"By sector (energy, green, digital)",Energy and non-digital,Later stage,2022,4.450219631,Years,7183
USA,UNITED STATES,Fundings of start-ups,"By sector (energy, green, digital)",Non-energy,Later stage,2000,4943341568,USD,127
USA,UNITED STATES,Fundings of start-ups,"By sector (energy, green, digital)",Non-energy,Later stage,2001,6238545920,USD,162
USA,UNITED STATES,Fundings of start-ups,"By sector (energy, green, digital)",Non-energy,Later stage,2002,5323450368,USD,217
USA,UNITED STATES,Fundings of start-ups,"By sector (energy, green, digital)",Non-energy,Later stage,2003,5120773120,USD,274
USA,UNITED STATES,Fundings of start-ups,"By sector (energy, green, digital)",Non-energy,Later stage,2004,7249732096,USD,352
USA,UNITED STATES,Fundings of start-ups,"By sector (energy, green, digital)",Non-energy,Later stage,2005,8269319168,USD,427
USA,UNITED STATES,Fundings of start-ups,"By sector (energy, green, digital)",Non-energy,Later stage,2006,10382969856,USD,505
USA,UNITED STATES,Fundings of start-ups,"By sector (energy, green, digital)",Non-energy,Later stage,2007,13998323712,USD,633
USA,UNITED STATES,Fundings of start-ups,"By sector (energy, green, digital)",Non-energy,Later stage,2008,13144617984,USD,654
USA,UNITED STATES,Fundings of start-ups,"By sector (energy, green, digital)",Non-energy,Later stage,2009,11686447104,USD,1024
USA,UNITED STATES,Fundings of start-ups,"By sector (energy, green, digital)",Non-energy,Later stage,2010,14153600000,USD,1241
USA,UNITED STATES,Fundings of start-ups,"By sector (energy, green, digital)",Non-energy,Later stage,2011,22679814144,USD,1180
USA,UNITED STATES,Fundings of start-ups,"By sector (energy, green, digital)",Non-energy,Later stage,2012,18753544192,USD,1290
USA,UNITED STATES,Fundings of start-ups,"By sector (energy, green, digital)",Non-energy,Later stage,2013,21948917760,USD,1335
USA,UNITED STATES,Fundings of start-ups,"By sector (energy, green, digital)",Non-energy,Later stage,2014,38186024960,USD,1627
USA,UNITED STATES,Fundings of start-ups,"By sector (energy, green, digital)",Non-energy,Later stage,2015,48154345472,USD,1556
USA,UNITED STATES,Fundings of start-ups,"By sector (energy, green, digital)",Non-energy,Later stage,2016,36955930624,USD,1401
USA,UNITED STATES,Fundings of start-ups,"By sector (energy, green, digital)",Non-energy,Later stage,2017,47607214080,USD,1458
USA,UNITED STATES,Fundings of start-ups,"By sector (energy, green, digital)",Non-energy,Later stage,2018,67206660096,USD,1575
USA,UNITED STATES,Fundings of start-ups,"By sector (energy, green, digital)",Non-energy,Later stage,2019,65694507008,USD,1464
USA,UNITED STATES,Fundings of start-ups,"By sector (energy, green, digital)",Non-energy,Later stage,2020,77383901184,USD,1503
USA,UNITED STATES,Fundings of start-ups,"By sector (energy, green, digital)",Non-energy,Later stage,2021,1.66928E+11,USD,1903
USA,UNITED STATES,Probability to receive funding,"By sector (energy, green, digital)",Non-energy,Later stage,2021,5.000980854,Percentage,346672
USA,UNITED STATES,Fundings of start-ups,"By sector (energy, green, digital)",Non-energy,Later stage,2022,4.453593254,Years,348121
USA,UNITED STATES,Fundings of start-ups,"By sector (energy, green, digital)",Non-energy,Later stage,2022,70208159744,USD,1231
USA,UNITED STATES,Fundings of start-ups,By technology,Bioenergy,all,2004,2254862,USD,1.75
USA,UNITED STATES,Fundings of start-ups,By technology,Bioenergy,all,2005,45844556,USD,3.583333254
USA,UNITED STATES,Fundings of start-ups,By technology,Bioenergy,all,2006,84646752,USD,5.833333492
USA,UNITED STATES,Fundings of start-ups,By technology,Bioenergy,all,2007,216465152,USD,7.666666508
USA,UNITED STATES,Fundings of start-ups,By technology,Bioenergy,all,2008,347141216,USD,8.916666985
USA,UNITED STATES,Fundings of start-ups,By technology,Bioenergy,all,2009,60002832,USD,5.333333492
USA,UNITED STATES,Fundings of start-ups,By technology,Bioenergy,all,2010,107990400,USD,9
USA,UNITED STATES,Fundings of start-ups,By technology,Bioenergy,all,2011,245695744,USD,11.83333302
USA,UNITED STATES,Fundings of start-ups,By technology,Bioenergy,all,2012,76184608,USD,6.333333492
USA,UNITED STATES,Fundings of start-ups,By technology,Bioenergy,all,2013,23573484,USD,3
USA,UNITED STATES,Fundings of start-ups,By technology,Bioenergy,all,2014,58657860,USD,6.5
USA,UNITED STATES,Fundings of start-ups,By technology,Bioenergy,all,2015,33194696,USD,2.666666746
USA,UNITED STATES,Fundings of start-ups,By technology,Bioenergy,all,2016,70590976,USD,3.666666746
USA,UNITED STATES,Fundings of start-ups,By technology,Bioenergy,all,2017,2832446.75,USD,0.5
USA,UNITED STATES,Fundings of start-ups,By technology,Bioenergy,all,2018,17832856,USD,1.833333373
USA,UNITED STATES,Fundings of start-ups,By technology,Bioenergy,all,2019,5615591.5,USD,1.833333373
USA,UNITED STATES,Fundings of start-ups,By technology,Bioenergy,all,2021,28470532,USD,2.5
USA,UNITED STATES,Fundings of start-ups,By technology,Bioenergy,all,2022,2800000,USD,0.333333343
USA,UNITED STATES,Fundings of start-ups,By technology,Electric mobility,all,2003,4682978.5,USD,1
USA,UNITED STATES,Fundings of start-ups,By technology,Electric mobility,all,2004,11017241,USD,1
USA,UNITED STATES,Fundings of start-ups,By technology,Electric mobility,all,2005,18583892,USD,1
USA,UNITED STATES,Fundings of start-ups,By technology,Electric mobility,all,2006,55324676,USD,1
USA,UNITED STATES,Fundings of start-ups,By technology,Electric mobility,all,2007,165889936,USD,2.666666746
USA,UNITED STATES,Fundings of start-ups,By technology,Electric mobility,all,2008,361016736,USD,10.83333302
USA,UNITED STATES,Fundings of start-ups,By technology,Electric mobility,all,2009,1658889728,USD,14.91666698
USA,UNITED STATES,Fundings of start-ups,By technology,Electric mobility,all,2010,624806528,USD,17.70000076
USA,UNITED STATES,Fundings of start-ups,By technology,Electric mobility,all,2011,393520704,USD,12.69999981
USA,UNITED STATES,Fundings of start-ups,By technology,Electric mobility,all,2012,911873600,USD,22.36666679
USA,UNITED STATES,Fundings of start-ups,By technology,Electric mobility,all,2013,1408556160,USD,22.58333397
USA,UNITED STATES,Fundings of start-ups,By technology,Electric mobility,all,2014,3340173568,USD,22.75
USA,UNITED STATES,Fundings of start-ups,By technology,Electric mobility,all,2015,1424358144,USD,30.41666603
USA,UNITED STATES,Fundings of start-ups,By technology,Electric mobility,all,2016,2453452288,USD,34.16666794
USA,UNITED STATES,Fundings of start-ups,By technology,Electric mobility,all,2017,4728783872,USD,38.26666641
USA,UNITED STATES,Fundings of start-ups,By technology,Electric mobility,all,2018,3831672064,USD,33.01666641
USA,UNITED STATES,Fundings of start-ups,By technology,Electric mobility,all,2019,6684932608,USD,46.0178566
USA,UNITED STATES,Fundings of start-ups,By technology,Electric mobility,all,2020,2792126976,USD,44.95952225
USA,UNITED STATES,Fundings of start-ups,By technology,Electric mobility,all,2021,4254433536,USD,58.08452225
USA,UNITED STATES,Fundings of start-ups,By technology,Electric mobility,all,2022,1918760576,USD,33.07500076
USA,UNITED STATES,Fundings of start-ups,By technology,Energy efficiency,all,2000,213000000,USD,2
USA,UNITED STATES,Fundings of start-ups,By technology,Energy efficiency,all,2001,27525552,USD,2.75
USA,UNITED STATES,Fundings of start-ups,By technology,Energy efficiency,all,2002,36510592,USD,4
USA,UNITED STATES,Fundings of start-ups,By technology,Energy efficiency,all,2003,129010400,USD,10.91666698
USA,UNITED STATES,Fundings of start-ups,By technology,Energy efficiency,all,2004,137566416,USD,15.25
USA,UNITED STATES,Fundings of start-ups,By technology,Energy efficiency,all,2005,111818568,USD,9.583333015
USA,UNITED STATES,Fundings of start-ups,By technology,Energy efficiency,all,2006,319165984,USD,20.91666603
USA,UNITED STATES,Fundings of start-ups,By technology,Energy efficiency,all,2007,463707424,USD,29.76666641
USA,UNITED STATES,Fundings of start-ups,By technology,Energy efficiency,all,2008,716650880,USD,41.81666565
USA,UNITED STATES,Fundings of start-ups,By technology,Energy efficiency,all,2009,493014944,USD,42.73333359
USA,UNITED STATES,Fundings of start-ups,By technology,Energy efficiency,all,2010,564133568,USD,56.54999924
USA,UNITED STATES,Fundings of start-ups,By technology,Energy efficiency,all,2011,723637760,USD,63.65000153
USA,UNITED STATES,Fundings of start-ups,By technology,Energy efficiency,all,2012,673457280,USD,75.8666687
USA,UNITED STATES,Fundings of start-ups,By technology,Energy efficiency,all,2013,641136576,USD,101.9000015
USA,UNITED STATES,Fundings of start-ups,By technology,Energy efficiency,all,2014,831664576,USD,144.3500061
USA,UNITED STATES,Fundings of start-ups,By technology,Energy efficiency,all,2015,949869248,USD,138.8500061
USA,UNITED STATES,Fundings of start-ups,By technology,Energy efficiency,all,2016,1267720960,USD,125.1738129
USA,UNITED STATES,Fundings of start-ups,By technology,Energy efficiency,all,2017,1824705024,USD,127.3738098
USA,UNITED STATES,Fundings of start-ups,By technology,Energy efficiency,all,2018,2081791872,USD,132.2484131
USA,UNITED STATES,Fundings of start-ups,By technology,Energy efficiency,all,2019,914734208,USD,100.7686539
USA,UNITED STATES,Fundings of start-ups,By technology,Energy efficiency,all,2020,1431907840,USD,110.0095215
USA,UNITED STATES,Fundings of start-ups,By technology,Energy efficiency,all,2021,3090207744,USD,96.25119019
USA,UNITED STATES,Fundings of start-ups,By technology,Energy efficiency,all,2022,2091817088,USD,66.14167023
USA,UNITED STATES,Fundings of start-ups,By technology,Energy storage and batteries,all,2000,53250000,USD,1
USA,UNITED STATES,Fundings of start-ups,By technology,Energy storage and batteries,all,2001,11746324,USD,2
USA,UNITED STATES,Fundings of start-ups,By technology,Energy storage and batteries,all,2002,13376812,USD,1.333333373
USA,UNITED STATES,Fundings of start-ups,By technology,Energy storage and batteries,all,2003,28526516,USD,2.75
USA,UNITED STATES,Fundings of start-ups,By technology,Energy storage and batteries,all,2004,30494010,USD,2.583333254
USA,UNITED STATES,Fundings of start-ups,By technology,Energy storage and batteries,all,2005,67316288,USD,3.916666746
USA,UNITED STATES,Fundings of start-ups,By technology,Energy storage and batteries,all,2006,89862256,USD,5.616666794
USA,UNITED STATES,Fundings of start-ups,By technology,Energy storage and batteries,all,2007,143238256,USD,8.783333778
USA,UNITED STATES,Fundings of start-ups,By technology,Energy storage and batteries,all,2008,206811344,USD,12.85000038
USA,UNITED STATES,Fundings of start-ups,By technology,Energy storage and batteries,all,2009,372592704,USD,15.75
USA,UNITED STATES,Fundings of start-ups,By technology,Energy storage and batteries,all,2010,356362880,USD,19.71666718
USA,UNITED STATES,Fundings of start-ups,By technology,Energy storage and batteries,all,2011,770921088,USD,29.13333321
USA,UNITED STATES,Fundings of start-ups,By technology,Energy storage and batteries,all,2012,178684752,USD,18.38333321
USA,UNITED STATES,Fundings of start-ups,By technology,Energy storage and batteries,all,2013,185307152,USD,23.78333282
USA,UNITED STATES,Fundings of start-ups,By technology,Energy storage and batteries,all,2014,152627600,USD,21.70000076
USA,UNITED STATES,Fundings of start-ups,By technology,Energy storage and batteries,all,2015,279676288,USD,30
USA,UNITED STATES,Fundings of start-ups,By technology,Energy storage and batteries,all,2016,137363488,USD,19.0357151
USA,UNITED STATES,Fundings of start-ups,By technology,Energy storage and batteries,all,2017,197984240,USD,20.20238113
USA,UNITED STATES,Fundings of start-ups,By technology,Energy storage and batteries,all,2018,372446656,USD,32.51745987
USA,UNITED STATES,Fundings of start-ups,By technology,Energy storage and batteries,all,2019,297609152,USD,24.5507946
USA,UNITED STATES,Fundings of start-ups,By technology,Energy storage and batteries,all,2020,802592768,USD,30.1523819
USA,UNITED STATES,Fundings of start-ups,By technology,Energy storage and batteries,all,2021,1568595456,USD,33.25238037
USA,UNITED STATES,Fundings of start-ups,By technology,Energy storage and batteries,all,2022,1337236096,USD,29.88333321
USA,UNITED STATES,Fundings of start-ups,By technology,Fossil fuels,all,2000,141919312,USD,3.833333254
USA,UNITED STATES,Fundings of start-ups,By technology,Fossil fuels,all,2001,116445224,USD,1.5
USA,UNITED STATES,Fundings of start-ups,By technology,Fossil fuels,all,2002,61344000,USD,3.75
USA,UNITED STATES,Fundings of start-ups,By technology,Fossil fuels,all,2003,96377216,USD,3.25
USA,UNITED STATES,Fundings of start-ups,By technology,Fossil fuels,all,2004,117238136,USD,7.25
USA,UNITED STATES,Fundings of start-ups,By technology,Fossil fuels,all,2005,32434042,USD,4.25
USA,UNITED STATES,Fundings of start-ups,By technology,Fossil fuels,all,2006,121507280,USD,5.650000095
USA,UNITED STATES,Fundings of start-ups,By technology,Fossil fuels,all,2007,299054272,USD,12.33333302
USA,UNITED STATES,Fundings of start-ups,By technology,Fossil fuels,all,2008,195005712,USD,14.55000019
USA,UNITED STATES,Fundings of start-ups,By technology,Fossil fuels,all,2009,198004304,USD,13
USA,UNITED STATES,Fundings of start-ups,By technology,Fossil fuels,all,2010,303477600,USD,23.14999962
USA,UNITED STATES,Fundings of start-ups,By technology,Fossil fuels,all,2011,248495232,USD,17.58333397
USA,UNITED STATES,Fundings of start-ups,By technology,Fossil fuels,all,2012,310650464,USD,25.76666641
USA,UNITED STATES,Fundings of start-ups,By technology,Fossil fuels,all,2013,173752640,USD,34.33333206
USA,UNITED STATES,Fundings of start-ups,By technology,Fossil fuels,all,2014,377342496,USD,46.41666794
USA,UNITED STATES,Fundings of start-ups,By technology,Fossil fuels,all,2015,290130976,USD,47.98333359
USA,UNITED STATES,Fundings of start-ups,By technology,Fossil fuels,all,2016,183763456,USD,37.41666794
USA,UNITED STATES,Fundings of start-ups,By technology,Fossil fuels,all,2017,141980192,USD,30.98333359
USA,UNITED STATES,Fundings of start-ups,By technology,Fossil fuels,all,2018,208647776,USD,37.86666489
USA,UNITED STATES,Fundings of start-ups,By technology,Fossil fuels,all,2019,314441408,USD,34.70000076
USA,UNITED STATES,Fundings of start-ups,By technology,Fossil fuels,all,2020,306840800,USD,34.33333206
USA,UNITED STATES,Fundings of start-ups,By technology,Fossil fuels,all,2021,1061472000,USD,28.11666679
USA,UNITED STATES,Fundings of start-ups,By technology,Fossil fuels,all,2022,792021632,USD,22.16666603
USA,UNITED STATES,Fundings of start-ups,By technology,Grid,all,2000,20977272,USD,1
USA,UNITED STATES,Fundings of start-ups,By technology,Grid,all,2001,102741176,USD,3
USA,UNITED STATES,Fundings of start-ups,By technology,Grid,all,2002,35500000,USD,3
USA,UNITED STATES,Fundings of start-ups,By technology,Grid,all,2003,115639360,USD,5.5
USA,UNITED STATES,Fundings of start-ups,By technology,Grid,all,2004,90243448,USD,4.833333492
USA,UNITED STATES,Fundings of start-ups,By technology,Grid,all,2005,76479864,USD,3
USA,UNITED STATES,Fundings of start-ups,By technology,Grid,all,2006,46933768,USD,3.033333302
USA,UNITED STATES,Fundings of start-ups,By technology,Grid,all,2007,56773208,USD,5.699999809
USA,UNITED STATES,Fundings of start-ups,By technology,Grid,all,2008,129990632,USD,8.033333778
USA,UNITED STATES,Fundings of start-ups,By technology,Grid,all,2009,36749564,USD,4.699999809
USA,UNITED STATES,Fundings of start-ups,By technology,Grid,all,2010,190999264,USD,6.449999809
USA,UNITED STATES,Fundings of start-ups,By technology,Grid,all,2011,73526280,USD,5.033333302
USA,UNITED STATES,Fundings of start-ups,By technology,Grid,all,2012,39878708,USD,7.366666794
USA,UNITED STATES,Fundings of start-ups,By technology,Grid,all,2013,83577672,USD,9.366666794
USA,UNITED STATES,Fundings of start-ups,By technology,Grid,all,2014,106694504,USD,18.41666603
USA,UNITED STATES,Fundings of start-ups,By technology,Grid,all,2015,51744812,USD,15.86666679
USA,UNITED STATES,Fundings of start-ups,By technology,Grid,all,2016,131904632,USD,12.90238094
USA,UNITED STATES,Fundings of start-ups,By technology,Grid,all,2017,83979560,USD,15.93571472
USA,UNITED STATES,Fundings of start-ups,By technology,Grid,all,2018,117212296,USD,15.40238094
USA,UNITED STATES,Fundings of start-ups,By technology,Grid,all,2019,138515520,USD,13.31904793
USA,UNITED STATES,Fundings of start-ups,By technology,Grid,all,2020,177955920,USD,10.30952358
USA,UNITED STATES,Fundings of start-ups,By technology,Grid,all,2021,585215232,USD,9.526190758
USA,UNITED STATES,Fundings of start-ups,By technology,Grid,all,2022,467500000,USD,11.64999962
USA,UNITED STATES,Fundings of start-ups,By technology,Hydrogen and fuel cells,all,2001,3680514.75,USD,0.5
USA,UNITED STATES,Fundings of start-ups,By technology,Hydrogen and fuel cells,all,2002,3357065.25,USD,1.25
USA,UNITED STATES,Fundings of start-ups,By technology,Hydrogen and fuel cells,all,2003,4531915,USD,0.25
USA,UNITED STATES,Fundings of start-ups,By technology,Hydrogen and fuel cells,all,2004,34887932,USD,0.75
USA,UNITED STATES,Fundings of start-ups,By technology,Hydrogen and fuel cells,all,2006,58782468,USD,1.25
USA,UNITED STATES,Fundings of start-ups,By technology,Hydrogen and fuel cells,all,2008,39308188,USD,2.666666746
USA,UNITED STATES,Fundings of start-ups,By technology,Hydrogen and fuel cells,all,2009,53899392,USD,1.25
USA,UNITED STATES,Fundings of start-ups,By technology,Hydrogen and fuel cells,all,2010,106287.4219,USD,0.333333343
USA,UNITED STATES,Fundings of start-ups,By technology,Hydrogen and fuel cells,all,2011,50236584,USD,1.083333373
USA,UNITED STATES,Fundings of start-ups,By technology,Hydrogen and fuel cells,all,2012,52539468,USD,3.25
USA,UNITED STATES,Fundings of start-ups,By technology,Hydrogen and fuel cells,all,2013,38890448,USD,0.25
USA,UNITED STATES,Fundings of start-ups,By technology,Hydrogen and fuel cells,all,2014,3001145,USD,2
USA,UNITED STATES,Fundings of start-ups,By technology,Hydrogen and fuel cells,all,2015,38637924,USD,1.25
USA,UNITED STATES,Fundings of start-ups,By technology,Hydrogen and fuel cells,all,2016,3412630.5,USD,2
USA,UNITED STATES,Fundings of start-ups,By technology,Hydrogen and fuel cells,all,2017,1370904.25,USD,0.666666687
USA,UNITED STATES,Fundings of start-ups,By technology,Hydrogen and fuel cells,all,2018,4622396,USD,0.333333343
USA,UNITED STATES,Fundings of start-ups,By technology,Hydrogen and fuel cells,all,2019,407525.5,USD,0.125
USA,UNITED STATES,Fundings of start-ups,By technology,Hydrogen and fuel cells,all,2020,6569311.5,USD,1.333333373
USA,UNITED STATES,Fundings of start-ups,By technology,Hydrogen and fuel cells,all,2021,147577392,USD,4.708333492
USA,UNITED STATES,Fundings of start-ups,By technology,Hydrogen and fuel cells,all,2022,97992672,USD,3.208333254
USA,UNITED STATES,Fundings of start-ups,By technology,Nuclear,all,2012,307801.125,USD,0.333333343
USA,UNITED STATES,Fundings of start-ups,By technology,Nuclear,all,2014,862983.4375,USD,0.333333343
USA,UNITED STATES,Fundings of start-ups,By technology,Nuclear,all,2015,980663,USD,0.333333343
USA,UNITED STATES,Fundings of start-ups,By technology,Nuclear,all,2017,226595.75,USD,0.333333343
USA,UNITED STATES,Fundings of start-ups,By technology,Nuclear,all,2018,2514583.25,USD,0.333333343
USA,UNITED STATES,Fundings of start-ups,By technology,Nuclear,all,2019,5469354.5,USD,1.75
USA,UNITED STATES,Fundings of start-ups,By technology,Nuclear,all,2020,10515046,USD,1.700000048
USA,UNITED STATES,Fundings of start-ups,By technology,Nuclear,all,2021,9432367,USD,0.333333343
USA,UNITED STATES,Fundings of start-ups,By technology,Nuclear,all,2022,65733332,USD,2.166666746
USA,UNITED STATES,Fundings of start-ups,By technology,Other energy,all,2000,111663640,USD,5.333333492
USA,UNITED STATES,Fundings of start-ups,By technology,Other energy,all,2001,30736214,USD,2.75
USA,UNITED STATES,Fundings of start-ups,By technology,Other energy,all,2002,44973880,USD,7.083333492
USA,UNITED STATES,Fundings of start-ups,By technology,Other energy,all,2003,63339248,USD,7.083333492
USA,UNITED STATES,Fundings of start-ups,By technology,Other energy,all,2004,107944480,USD,11.66666698
USA,UNITED STATES,Fundings of start-ups,By technology,Other energy,all,2005,238823152,USD,16
USA,UNITED STATES,Fundings of start-ups,By technology,Other energy,all,2006,316515616,USD,22.39999962
USA,UNITED STATES,Fundings of start-ups,By technology,Other energy,all,2007,1077923072,USD,51.59999847
USA,UNITED STATES,Fundings of start-ups,By technology,Other energy,all,2008,1316381568,USD,68.5
USA,UNITED STATES,Fundings of start-ups,By technology,Other energy,all,2009,957616192,USD,52.79999924
USA,UNITED STATES,Fundings of start-ups,By technology,Other energy,all,2010,1060785856,USD,71.08333588
USA,UNITED STATES,Fundings of start-ups,By technology,Other energy,all,2011,1411504896,USD,76.75
USA,UNITED STATES,Fundings of start-ups,By technology,Other energy,all,2012,1215443968,USD,82.1166687
USA,UNITED STATES,Fundings of start-ups,By technology,Other energy,all,2013,611505728,USD,92.41666412
USA,UNITED STATES,Fundings of start-ups,By technology,Other energy,all,2014,736001728,USD,103.8666687
USA,UNITED STATES,Fundings of start-ups,By technology,Other energy,all,2015,736791488,USD,98.31666565
USA,UNITED STATES,Fundings of start-ups,By technology,Other energy,all,2016,903879808,USD,72.00238037
USA,UNITED STATES,Fundings of start-ups,By technology,Other energy,all,2017,523316800,USD,71.30238342
USA,UNITED STATES,Fundings of start-ups,By technology,Other energy,all,2018,571333760,USD,83.00634766
USA,UNITED STATES,Fundings of start-ups,By technology,Other energy,all,2019,1042478336,USD,77.7718277
USA,UNITED STATES,Fundings of start-ups,By technology,Other energy,all,2020,1295956096,USD,78.54285431
USA,UNITED STATES,Fundings of start-ups,By technology,Other energy,all,2021,3015030528,USD,91.15119171
USA,UNITED STATES,Fundings of start-ups,By technology,Other energy,all,2022,2339485696,USD,69.27500153
USA,UNITED STATES,Fundings of start-ups,By technology,Other renewables,all,2000,14522727,USD,0.833333313
USA,UNITED STATES,Fundings of start-ups,By technology,Other renewables,all,2001,29561580,USD,1.25
USA,UNITED STATES,Fundings of start-ups,By technology,Other renewables,all,2002,23964300,USD,4.333333492
USA,UNITED STATES,Fundings of start-ups,By technology,Other renewables,all,2003,11794309,USD,2.25
USA,UNITED STATES,Fundings of start-ups,By technology,Other renewables,all,2004,53598144,USD,5.333333492
USA,UNITED STATES,Fundings of start-ups,By technology,Other renewables,all,2005,105895544,USD,7.333333492
USA,UNITED STATES,Fundings of start-ups,By technology,Other renewables,all,2006,333882112,USD,15.35000038
USA,UNITED STATES,Fundings of start-ups,By technology,Other renewables,all,2007,1146391424,USD,33.66666794
USA,UNITED STATES,Fundings of start-ups,By technology,Other renewables,all,2008,1493888896,USD,46.15000153
USA,UNITED STATES,Fundings of start-ups,By technology,Other renewables,all,2009,1327593856,USD,38.66666794
USA,UNITED STATES,Fundings of start-ups,By technology,Other renewables,all,2010,1254364800,USD,55.03333282
USA,UNITED STATES,Fundings of start-ups,By technology,Other renewables,all,2011,1260757760,USD,56.45000076
USA,UNITED STATES,Fundings of start-ups,By technology,Other renewables,all,2012,1441587328,USD,65.3666687
USA,UNITED STATES,Fundings of start-ups,By technology,Other renewables,all,2013,578444352,USD,76.91666412
USA,UNITED STATES,Fundings of start-ups,By technology,Other renewables,all,2014,980824704,USD,87.6166687
USA,UNITED STATES,Fundings of start-ups,By technology,Other renewables,all,2015,862532672,USD,72.66666412
USA,UNITED STATES,Fundings of start-ups,By technology,Other renewables,all,2016,1647764736,USD,63.31904602
USA,UNITED STATES,Fundings of start-ups,By technology,Other renewables,all,2017,1018882240,USD,71.80238342
USA,UNITED STATES,Fundings of start-ups,By technology,Other renewables,all,2018,702908352,USD,69.91031647
USA,UNITED STATES,Fundings of start-ups,By technology,Other renewables,all,2019,697108352,USD,86.4079361
USA,UNITED STATES,Fundings of start-ups,By technology,Other renewables,all,2020,1501098112,USD,71.00952148
USA,UNITED STATES,Fundings of start-ups,By technology,Other renewables,all,2021,5599884288,USD,102.3595276
USA,UNITED STATES,Fundings of start-ups,By technology,Other renewables,all,2022,3710798080,USD,75.80000305
USA,UNITED STATES,Fundings of start-ups,By technology,Solar,all,2001,3328125,USD,1.25
USA,UNITED STATES,Fundings of start-ups,By technology,Solar,all,2002,18892174,USD,3
USA,UNITED STATES,Fundings of start-ups,By technology,Solar,all,2003,5098404.5,USD,0.75
USA,UNITED STATES,Fundings of start-ups,By technology,Solar,all,2004,36937136,USD,2.333333254
USA,UNITED STATES,Fundings of start-ups,By technology,Solar,all,2005,54466292,USD,2.333333254
USA,UNITED STATES,Fundings of start-ups,By technology,Solar,all,2006,219414640,USD,11.11666679
USA,UNITED STATES,Fundings of start-ups,By technology,Solar,all,2007,402343488,USD,17.56666756
USA,UNITED STATES,Fundings of start-ups,By technology,Solar,all,2008,1213258112,USD,28.10000038
USA,UNITED STATES,Fundings of start-ups,By technology,Solar,all,2009,887588096,USD,21.85000038
USA,UNITED STATES,Fundings of start-ups,By technology,Solar,all,2010,857364416,USD,30.81666756
USA,UNITED STATES,Fundings of start-ups,By technology,Solar,all,2011,977471296,USD,30.03333282
USA,UNITED STATES,Fundings of start-ups,By technology,Solar,all,2012,506947424,USD,27.26666641
USA,UNITED STATES,Fundings of start-ups,By technology,Solar,all,2013,239597920,USD,23.5
USA,UNITED STATES,Fundings of start-ups,By technology,Solar,all,2014,270162816,USD,24.54999924
USA,UNITED STATES,Fundings of start-ups,By technology,Solar,all,2015,401861408,USD,31.11666679
USA,UNITED STATES,Fundings of start-ups,By technology,Solar,all,2016,762245312,USD,25.64999962
USA,UNITED STATES,Fundings of start-ups,By technology,Solar,all,2017,236416544,USD,25.89999962
USA,UNITED STATES,Fundings of start-ups,By technology,Solar,all,2018,210971264,USD,24.75396919
USA,UNITED STATES,Fundings of start-ups,By technology,Solar,all,2019,127723784,USD,20.86111069
USA,UNITED STATES,Fundings of start-ups,By technology,Solar,all,2020,204729888,USD,20.31666756
USA,UNITED STATES,Fundings of start-ups,By technology,Solar,all,2021,1653374848,USD,25.46666718
USA,UNITED STATES,Fundings of start-ups,By technology,Solar,all,2022,786106496,USD,15.46666622
USA,UNITED STATES,Fundings of start-ups,By technology,Wind,all,2002,1813587,USD,0.25
USA,UNITED STATES,Fundings of start-ups,By technology,Wind,all,2003,4531915,USD,0.25
USA,UNITED STATES,Fundings of start-ups,By technology,Wind,all,2004,16525862,USD,0.25
USA,UNITED STATES,Fundings of start-ups,By technology,Wind,all,2006,43337664,USD,0.833333313
USA,UNITED STATES,Fundings of start-ups,By technology,Wind,all,2007,8137761,USD,2.25
USA,UNITED STATES,Fundings of start-ups,By technology,Wind,all,2008,26372196,USD,4.583333492
USA,UNITED STATES,Fundings of start-ups,By technology,Wind,all,2009,64939024,USD,1
USA,UNITED STATES,Fundings of start-ups,By technology,Wind,all,2010,3571607.5,USD,1.166666627
USA,UNITED STATES,Fundings of start-ups,By technology,Wind,all,2011,70728120,USD,2.75
USA,UNITED STATES,Fundings of start-ups,By technology,Wind,all,2012,38969320,USD,2.583333254
USA,UNITED STATES,Fundings of start-ups,By technology,Wind,all,2013,46413268,USD,1.950000048
USA,UNITED STATES,Fundings of start-ups,By technology,Wind,all,2014,6163957,USD,2.5
USA,UNITED STATES,Fundings of start-ups,By technology,Wind,all,2015,49506764,USD,3.533333302
USA,UNITED STATES,Fundings of start-ups,By technology,Wind,all,2016,81418480,USD,1.666666627
USA,UNITED STATES,Fundings of start-ups,By technology,Wind,all,2017,23326144,USD,2.733333349
USA,UNITED STATES,Fundings of start-ups,By technology,Wind,all,2018,9692240,USD,2.777777672
USA,UNITED STATES,Fundings of start-ups,By technology,Wind,all,2019,12436473,USD,1.894444466
USA,UNITED STATES,Fundings of start-ups,By technology,Wind,all,2020,1140303,USD,0.333333343
USA,UNITED STATES,Fundings of start-ups,By technology,Wind,all,2021,13164617,USD,2.25
USA,UNITED STATES,Fundings of start-ups,By technology,Wind,all,2022,40333332,USD,0.833333313
USA,UNITED STATES,Probability to receive funding,By technology,Bioenergy,Early stage,2015,31.75675583,Percentage,49.33333206
USA,UNITED STATES,Probability to receive funding,By technology,Bioenergy,Early stage,2016,31.54362488,Percentage,49.66666794
USA,UNITED STATES,Probability to receive funding,By technology,Bioenergy,Early stage,2017,29.5597477,Percentage,53
USA,UNITED STATES,Probability to receive funding,By technology,Bioenergy,Early stage,2018,28.35595703,Percentage,55.25
USA,UNITED STATES,Probability to receive funding,By technology,Bioenergy,Early stage,2019,29.32551384,Percentage,56.83333206
USA,UNITED STATES,Probability to receive funding,By technology,Bioenergy,Early stage,2020,29.069767,Percentage,57.33333206
USA,UNITED STATES,Probability to receive funding,By technology,Bioenergy,Early stage,2021,28.9017334,Percentage,57.66666794
USA,UNITED STATES,Fundings of start-ups,By technology,Bioenergy,Early stage,2022,2.70726037,Years,57.66666794
USA,UNITED STATES,Fundings of start-ups,By technology,Clean energy,Early stage,2000,37113636,USD,2
USA,UNITED STATES,Fundings of start-ups,By technology,Clean energy,Early stage,2001,80344856,USD,5
USA,UNITED STATES,Fundings of start-ups,By technology,Clean energy,Early stage,2002,100480432,USD,11
USA,UNITED STATES,Fundings of start-ups,By technology,Clean energy,Early stage,2003,130164152,USD,14
USA,UNITED STATES,Fundings of start-ups,By technology,Clean energy,Early stage,2004,208055456,USD,24
USA,UNITED STATES,Fundings of start-ups,By technology,Clean energy,Early stage,2005,315072736,USD,20
USA,UNITED STATES,Fundings of start-ups,By technology,Clean energy,Early stage,2006,623803712,USD,42
USA,UNITED STATES,Fundings of start-ups,By technology,Clean energy,Early stage,2007,1739286144,USD,81
USA,UNITED STATES,Fundings of start-ups,By technology,Clean energy,Early stage,2008,1982701440,USD,120
USA,UNITED STATES,Fundings of start-ups,By technology,Clean energy,Early stage,2009,578652096,USD,61
USA,UNITED STATES,Fundings of start-ups,By technology,Clean energy,Early stage,2010,1193607168,USD,77
USA,UNITED STATES,Fundings of start-ups,By technology,Clean energy,Early stage,2011,849590080,USD,90
USA,UNITED STATES,Fundings of start-ups,By technology,Clean energy,Early stage,2012,463013056,USD,91
USA,UNITED STATES,Fundings of start-ups,By technology,Clean energy,Early stage,2013,378985376,USD,108
USA,UNITED STATES,Fundings of start-ups,By technology,Clean energy,Early stage,2014,447528992,USD,126
USA,UNITED STATES,Fundings of start-ups,By technology,Clean energy,Early stage,2015,494876416,USD,117
USA,UNITED STATES,Fundings of start-ups,By technology,Clean energy,Early stage,2016,586455040,USD,102
USA,UNITED STATES,Fundings of start-ups,By technology,Clean energy,Early stage,2017,489464384,USD,113
USA,UNITED STATES,Fundings of start-ups,By technology,Clean energy,Early stage,2018,889639104,USD,115
USA,UNITED STATES,Fundings of start-ups,By technology,Clean energy,Early stage,2019,1096395264,USD,129
USA,UNITED STATES,Fundings of start-ups,By technology,Clean energy,Early stage,2020,1137521280,USD,134
USA,UNITED STATES,Probability to receive funding,By technology,Clean energy,Early stage,2021,21.86343002,Percentage,4862
USA,UNITED STATES,Fundings of start-ups,By technology,Clean energy,Early stage,2021,4164376064,USD,172
USA,UNITED STATES,Fundings of start-ups,By technology,Clean energy,Early stage,2022,3445516544,USD,126
USA,UNITED STATES,Fundings of start-ups,By technology,Clean energy,Early stage,2022,2.825469017,Years,4882
USA,UNITED STATES,Probability to receive funding,By technology,Electric mobility,Early stage,2015,33.28295517,Percentage,192.9916687
USA,UNITED STATES,Probability to receive funding,By technology,Electric mobility,Early stage,2016,33.30753708,Percentage,215.3666687
USA,UNITED STATES,Probability to receive funding,By technology,Electric mobility,Early stage,2017,34.61538315,Percentage,248.7333374
USA,UNITED STATES,Probability to receive funding,By technology,Electric mobility,Early stage,2018,34.53666306,Percentage,289.4750061
USA,UNITED STATES,Probability to receive funding,By technology,Electric mobility,Early stage,2019,35.03171921,Percentage,309.8178711
USA,UNITED STATES,Probability to receive funding,By technology,Electric mobility,Early stage,2020,33.83324814,Percentage,343.551178
USA,UNITED STATES,Probability to receive funding,By technology,Electric mobility,Early stage,2021,32.30805206,Percentage,366.217865
USA,UNITED STATES,Fundings of start-ups,By technology,Electric mobility,Early stage,2022,2.725980043,Years,366.217865
USA,UNITED STATES,Probability to receive funding,By technology,Energy efficiency,Early stage,2015,20.59378624,Percentage,1638.358276
USA,UNITED STATES,Probability to receive funding,By technology,Energy efficiency,Early stage,2016,21.13476372,Percentage,1766.971436
USA,UNITED STATES,Probability to receive funding,By technology,Energy efficiency,Early stage,2017,21.96802902,Percentage,1878.238037
USA,UNITED STATES,Probability to receive funding,By technology,Energy efficiency,Early stage,2018,22.0779953,Percentage,1968.754395
USA,UNITED STATES,Probability to receive funding,By technology,Energy efficiency,Early stage,2019,22.71536827,Percentage,2051.713867
USA,UNITED STATES,Probability to receive funding,By technology,Energy efficiency,Early stage,2020,23.18816185,Percentage,2100.947266
USA,UNITED STATES,Probability to receive funding,By technology,Energy efficiency,Early stage,2021,23.36245155,Percentage,2127.36377
USA,UNITED STATES,Fundings of start-ups,By technology,Energy efficiency,Early stage,2022,2.186162233,Years,2121.36377
USA,UNITED STATES,Probability to receive funding,By technology,Energy storage and batteries,Early stage,2015,30.2667942,Percentage,183.9750061
USA,UNITED STATES,Probability to receive funding,By technology,Energy storage and batteries,Early stage,2016,31.47037888,Percentage,210.069046
USA,UNITED STATES,Probability to receive funding,By technology,Energy storage and batteries,Early stage,2017,33.57609177,Percentage,227.8690491
USA,UNITED STATES,Probability to receive funding,By technology,Energy storage and batteries,Early stage,2018,34.19130325,Percentage,243.0674591
USA,UNITED STATES,Probability to receive funding,By technology,Energy storage and batteries,Early stage,2019,34.25436401,Percentage,262.1864929
USA,UNITED STATES,Probability to receive funding,By technology,Energy storage and batteries,Early stage,2020,34.23258209,Percentage,268.536499
USA,UNITED STATES,Probability to receive funding,By technology,Energy storage and batteries,Early stage,2021,34.38739395,Percentage,276.1555481
USA,UNITED STATES,Fundings of start-ups,By technology,Energy storage and batteries,Early stage,2022,2.686133146,Years,276.1555481
USA,UNITED STATES,Probability to receive funding,By technology,Fossil fuels,Early stage,2015,9.56771183,Percentage,1249.166626
USA,UNITED STATES,Probability to receive funding,By technology,Fossil fuels,Early stage,2016,10.02562237,Percentage,1336.741699
USA,UNITED STATES,Probability to receive funding,By technology,Fossil fuels,Early stage,2017,10.27381611,Percentage,1426.44165
USA,UNITED STATES,Probability to receive funding,By technology,Fossil fuels,Early stage,2018,10.3752594,Percentage,1487.19165
USA,UNITED STATES,Probability to receive funding,By technology,Fossil fuels,Early stage,2019,10.47525215,Percentage,1530.591675
USA,UNITED STATES,Probability to receive funding,By technology,Fossil fuels,Early stage,2020,10.64588261,Percentage,1554.591675
USA,UNITED STATES,Probability to receive funding,By technology,Fossil fuels,Early stage,2021,10.6981945,Percentage,1564.460693
USA,UNITED STATES,Fundings of start-ups,By technology,Fossil fuels,Early stage,2022,2.176152945,Years,1563.460693
USA,UNITED STATES,Probability to receive funding,By technology,Grid,Early stage,2015,10.19047165,Percentage,364.8833313
USA,UNITED STATES,Probability to receive funding,By technology,Grid,Early stage,2016,10.80948257,Percentage,387.7107239
USA,UNITED STATES,Probability to receive funding,By technology,Grid,Early stage,2017,11.16028023,Percentage,412.4107056
USA,UNITED STATES,Probability to receive funding,By technology,Grid,Early stage,2018,11.46401405,Percentage,421.1107178
USA,UNITED STATES,Probability to receive funding,By technology,Grid,Early stage,2019,11.85072708,Percentage,429.6702271
USA,UNITED STATES,Probability to receive funding,By technology,Grid,Early stage,2020,12.40584087,Percentage,433.8202515
USA,UNITED STATES,Probability to receive funding,By technology,Grid,Early stage,2021,12.57949924,Percentage,442.6893005
USA,UNITED STATES,Fundings of start-ups,By technology,Grid,Early stage,2022,2.409267426,Years,442.6893005
USA,UNITED STATES,Probability to receive funding,By technology,Hydrogen and fuel cells,Early stage,2015,18.87661171,Percentage,18.10000038
USA,UNITED STATES,Probability to receive funding,By technology,Hydrogen and fuel cells,Early stage,2016,17.13228226,Percentage,19.94285774
USA,UNITED STATES,Probability to receive funding,By technology,Hydrogen and fuel cells,Early stage,2017,17.58230019,Percentage,22.2761898
USA,UNITED STATES,Probability to receive funding,By technology,Hydrogen and fuel cells,Early stage,2018,23.51455688,Percentage,24.98452377
USA,UNITED STATES,Probability to receive funding,By technology,Hydrogen and fuel cells,Early stage,2019,22.3941555,Percentage,26.23452377
USA,UNITED STATES,Probability to receive funding,By technology,Hydrogen and fuel cells,Early stage,2020,24.73644638,Percentage,30.1511898
USA,UNITED STATES,Probability to receive funding,By technology,Hydrogen and fuel cells,Early stage,2021,25.85741615,Percentage,33.07976151
USA,UNITED STATES,Fundings of start-ups,By technology,Hydrogen and fuel cells,Early stage,2022,2.684160948,Years,33.07976151
USA,UNITED STATES,Fundings of start-ups,By technology,Non-clean energy,Early stage,2000,338379552,USD,10
USA,UNITED STATES,Fundings of start-ups,By technology,Non-clean energy,Early stage,2001,73923528,USD,8
USA,UNITED STATES,Fundings of start-ups,By technology,Non-clean energy,Early stage,2002,121477912,USD,13
USA,UNITED STATES,Fundings of start-ups,By technology,Non-clean energy,Early stage,2003,199232048,USD,13
USA,UNITED STATES,Fundings of start-ups,By technology,Non-clean energy,Early stage,2004,193032352,USD,16
USA,UNITED STATES,Fundings of start-ups,By technology,Non-clean energy,Early stage,2005,132900512,USD,12
USA,UNITED STATES,Fundings of start-ups,By technology,Non-clean energy,Early stage,2006,173130192,USD,20
USA,UNITED STATES,Fundings of start-ups,By technology,Non-clean energy,Early stage,2007,390406240,USD,34
USA,UNITED STATES,Fundings of start-ups,By technology,Non-clean energy,Early stage,2008,704190912,USD,41
USA,UNITED STATES,Fundings of start-ups,By technology,Non-clean energy,Early stage,2009,202438928,USD,26
USA,UNITED STATES,Fundings of start-ups,By technology,Non-clean energy,Early stage,2010,496175584,USD,48
USA,UNITED STATES,Fundings of start-ups,By technology,Non-clean energy,Early stage,2011,457057632,USD,37
USA,UNITED STATES,Fundings of start-ups,By technology,Non-clean energy,Early stage,2012,227291936,USD,52
USA,UNITED STATES,Fundings of start-ups,By technology,Non-clean energy,Early stage,2013,187561824,USD,85
USA,UNITED STATES,Fundings of start-ups,By technology,Non-clean energy,Early stage,2014,365789184,USD,116
USA,UNITED STATES,Fundings of start-ups,By technology,Non-clean energy,Early stage,2015,542732736,USD,132
USA,UNITED STATES,Fundings of start-ups,By technology,Non-clean energy,Early stage,2016,452362112,USD,115
USA,UNITED STATES,Fundings of start-ups,By technology,Non-clean energy,Early stage,2017,868282688,USD,110
USA,UNITED STATES,Fundings of start-ups,By technology,Non-clean energy,Early stage,2018,618474944,USD,127
USA,UNITED STATES,Fundings of start-ups,By technology,Non-clean energy,Early stage,2019,670377088,USD,94
USA,UNITED STATES,Fundings of start-ups,By technology,Non-clean energy,Early stage,2020,1207369856,USD,114
USA,UNITED STATES,Fundings of start-ups,By technology,Non-clean energy,Early stage,2021,917570112,USD,95
USA,UNITED STATES,Probability to receive funding,By technology,Non-clean energy,Early stage,2021,13.87203026,Percentage,5767
USA,UNITED STATES,Fundings of start-ups,By technology,Non-clean energy,Early stage,2022,717278208,USD,59
USA,UNITED STATES,Fundings of start-ups,By technology,Non-clean energy,Early stage,2022,2.299757957,Years,5784
USA,UNITED STATES,Probability to receive funding,By technology,Nuclear,Early stage,2015,8.333333015,Percentage,11
USA,UNITED STATES,Probability to receive funding,By technology,Nuclear,Early stage,2016,10.56338024,Percentage,11.83333302
USA,UNITED STATES,Probability to receive funding,By technology,Nuclear,Early stage,2017,13.01369858,Percentage,12.16666698
USA,UNITED STATES,Probability to receive funding,By technology,Nuclear,Early stage,2018,22.56097603,Percentage,13.66666698
USA,UNITED STATES,Probability to receive funding,By technology,Nuclear,Early stage,2019,22.56097603,Percentage,13.66666698
USA,UNITED STATES,Probability to receive funding,By technology,Nuclear,Early stage,2020,22.08520126,Percentage,14.86666679
USA,UNITED STATES,Probability to receive funding,By technology,Nuclear,Early stage,2021,24.66410828,Percentage,17.36666679
USA,UNITED STATES,Fundings of start-ups,By technology,Nuclear,Early stage,2022,2.155908585,Years,17.36666679
USA,UNITED STATES,Probability to receive funding,By technology,Other energy,Early stage,2015,13.67588997,Percentage,2210.824951
USA,UNITED STATES,Probability to receive funding,By technology,Other energy,Early stage,2016,13.93313026,Percentage,2366.251221
USA,UNITED STATES,Probability to receive funding,By technology,Other energy,Early stage,2017,14.3887825,Percentage,2497.034424
USA,UNITED STATES,Probability to receive funding,By technology,Other energy,Early stage,2018,14.42695808,Percentage,2593.213379
USA,UNITED STATES,Probability to receive funding,By technology,Other energy,Early stage,2019,14.56387138,Percentage,2666.173096
USA,UNITED STATES,Probability to receive funding,By technology,Other energy,Early stage,2020,14.87554455,Percentage,2712.15625
USA,UNITED STATES,Probability to receive funding,By technology,Other energy,Early stage,2021,15.0233078,Percentage,2735.799316
USA,UNITED STATES,Fundings of start-ups,By technology,Other energy,Early stage,2022,2.972450018,Years,2730.799316
USA,UNITED STATES,Probability to receive funding,By technology,Other renewables,Early stage,2015,18.74326324,Percentage,1198.208374
USA,UNITED STATES,Probability to receive funding,By technology,Other renewables,Early stage,2016,19.35087204,Percentage,1281.645264
USA,UNITED STATES,Probability to receive funding,By technology,Other renewables,Early stage,2017,19.86540413,Percentage,1364.228516
USA,UNITED STATES,Probability to receive funding,By technology,Other renewables,Early stage,2018,20.35520744,Percentage,1432.069824
USA,UNITED STATES,Probability to receive funding,By technology,Other renewables,Early stage,2019,20.56246567,Percentage,1491.846069
USA,UNITED STATES,Probability to receive funding,By technology,Other renewables,Early stage,2020,20.61137009,Percentage,1535.529419
USA,UNITED STATES,Probability to receive funding,By technology,Other renewables,Early stage,2021,20.84347534,Percentage,1564.35083
USA,UNITED STATES,Fundings of start-ups,By technology,Other renewables,Early stage,2022,3.001597166,Years,1559.35083
USA,UNITED STATES,Probability to receive funding,By technology,Solar,Early stage,2015,15.53518391,Percentage,591.7750244
USA,UNITED STATES,Probability to receive funding,By technology,Solar,Early stage,2016,16.41989899,Percentage,622.0095215
USA,UNITED STATES,Probability to receive funding,By technology,Solar,Early stage,2017,16.86237144,Percentage,657.7761841
USA,UNITED STATES,Probability to receive funding,By technology,Solar,Early stage,2018,17.33363724,Percentage,680.7801514
USA,UNITED STATES,Probability to receive funding,By technology,Solar,Early stage,2019,17.27536201,Percentage,694.8468018
USA,UNITED STATES,Probability to receive funding,By technology,Solar,Early stage,2020,17.34285545,Percentage,705.5968018
USA,UNITED STATES,Probability to receive funding,By technology,Solar,Early stage,2021,17.38148499,Percentage,714.0968018
USA,UNITED STATES,Fundings of start-ups,By technology,Solar,Early stage,2022,2.503807783,Years,714.0968018
USA,UNITED STATES,Probability to receive funding,By technology,Wind,Early stage,2015,27.30903625,Percentage,33.38333511
USA,UNITED STATES,Probability to receive funding,By technology,Wind,Early stage,2016,26.86845207,Percentage,35.79166794
USA,UNITED STATES,Probability to receive funding,By technology,Wind,Early stage,2017,26.65761566,Percentage,36.82500076
USA,UNITED STATES,Probability to receive funding,By technology,Wind,Early stage,2018,27.13015747,Percentage,38.43611145
USA,UNITED STATES,Probability to receive funding,By technology,Wind,Early stage,2019,26.29372597,Percentage,40.41944504
USA,UNITED STATES,Probability to receive funding,By technology,Wind,Early stage,2020,25.97243881,Percentage,40.91944504
USA,UNITED STATES,Probability to receive funding,By technology,Wind,Early stage,2021,26.25241089,Percentage,41.7527771
USA,UNITED STATES,Fundings of start-ups,By technology,Wind,Early stage,2022,2.793930769,Years,41.7527771
USA,UNITED STATES,Probability to receive funding,By technology,Bioenergy,Later stage,2015,21.11486435,Percentage,49.33333206
USA,UNITED STATES,Probability to receive funding,By technology,Bioenergy,Later stage,2016,20.97315407,Percentage,49.66666794
USA,UNITED STATES,Probability to receive funding,By technology,Bioenergy,Later stage,2017,19.65408897,Percentage,53
USA,UNITED STATES,Probability to receive funding,By technology,Bioenergy,Later stage,2018,19.30618477,Percentage,55.25
USA,UNITED STATES,Probability to receive funding,By technology,Bioenergy,Later stage,2019,18.76832771,Percentage,56.83333206
USA,UNITED STATES,Probability to receive funding,By technology,Bioenergy,Later stage,2020,19.4767437,Percentage,57.33333206
USA,UNITED STATES,Probability to receive funding,By technology,Bioenergy,Later stage,2021,19.36416245,Percentage,57.66666794
USA,UNITED STATES,Fundings of start-ups,By technology,Bioenergy,Later stage,2022,3.84457159,Years,57.66666794
USA,UNITED STATES,Fundings of start-ups,By technology,Clean energy,Later stage,2002,13303239,USD,2
USA,UNITED STATES,Fundings of start-ups,By technology,Clean energy,Later stage,2003,55355828,USD,3
USA,UNITED STATES,Fundings of start-ups,By technology,Clean energy,Later stage,2004,137583312,USD,6
USA,UNITED STATES,Fundings of start-ups,By technology,Clean energy,Later stage,2005,119613080,USD,6
USA,UNITED STATES,Fundings of start-ups,By technology,Clean energy,Later stage,2006,641074688,USD,17
USA,UNITED STATES,Fundings of start-ups,By technology,Clean energy,Later stage,2007,801273280,USD,30
USA,UNITED STATES,Fundings of start-ups,By technology,Clean energy,Later stage,2008,2533149440,USD,51
USA,UNITED STATES,Fundings of start-ups,By technology,Clean energy,Later stage,2009,2137576704,USD,58
USA,UNITED STATES,Fundings of start-ups,By technology,Clean energy,Later stage,2010,2381386496,USD,81
USA,UNITED STATES,Fundings of start-ups,By technology,Clean energy,Later stage,2011,2683880192,USD,94
USA,UNITED STATES,Fundings of start-ups,By technology,Clean energy,Later stage,2012,3560989952,USD,87
USA,UNITED STATES,Fundings of start-ups,By technology,Clean energy,Later stage,2013,1227353472,USD,58
USA,UNITED STATES,Fundings of start-ups,By technology,Clean energy,Later stage,2014,1521098496,USD,75
USA,UNITED STATES,Fundings of start-ups,By technology,Clean energy,Later stage,2015,1219659392,USD,65
USA,UNITED STATES,Fundings of start-ups,By technology,Clean energy,Later stage,2016,1783256832,USD,55
USA,UNITED STATES,Fundings of start-ups,By technology,Clean energy,Later stage,2017,1050674944,USD,54
USA,UNITED STATES,Fundings of start-ups,By technology,Clean energy,Later stage,2018,2674382848,USD,57
USA,UNITED STATES,Fundings of start-ups,By technology,Clean energy,Later stage,2019,1285151616,USD,49
USA,UNITED STATES,Fundings of start-ups,By technology,Clean energy,Later stage,2020,2126726144,USD,38
USA,UNITED STATES,Probability to receive funding,By technology,Clean energy,Later stage,2021,15.26120949,Percentage,4862
USA,UNITED STATES,Fundings of start-ups,By technology,Clean energy,Later stage,2021,7913599488,USD,79
USA,UNITED STATES,Fundings of start-ups,By technology,Clean energy,Later stage,2022,6295193088,USD,61
USA,UNITED STATES,Fundings of start-ups,By technology,Clean energy,Later stage,2022,4.8309021,Years,4882
USA,UNITED STATES,Probability to receive funding,By technology,Electric mobility,Later stage,2015,24.62109756,Percentage,192.9916687
USA,UNITED STATES,Probability to receive funding,By technology,Electric mobility,Later stage,2016,23.84305763,Percentage,215.3666687
USA,UNITED STATES,Probability to receive funding,By technology,Electric mobility,Later stage,2017,22.25274658,Percentage,248.7333374
USA,UNITED STATES,Probability to receive funding,By technology,Electric mobility,Later stage,2018,20.37308884,Percentage,289.4750061
USA,UNITED STATES,Probability to receive funding,By technology,Electric mobility,Later stage,2019,20.16507339,Percentage,309.8178711
USA,UNITED STATES,Probability to receive funding,By technology,Electric mobility,Later stage,2020,19.30085945,Percentage,343.551178
USA,UNITED STATES,Probability to receive funding,By technology,Electric mobility,Later stage,2021,18.47033501,Percentage,366.217865
USA,UNITED STATES,Fundings of start-ups,By technology,Electric mobility,Later stage,2022,4.956994534,Years,366.217865
USA,UNITED STATES,Probability to receive funding,By technology,Energy efficiency,Later stage,2015,12.23073864,Percentage,1638.358276
USA,UNITED STATES,Probability to receive funding,By technology,Energy efficiency,Later stage,2016,11.93661976,Percentage,1766.971436
USA,UNITED STATES,Probability to receive funding,By technology,Energy efficiency,Later stage,2017,11.79740429,Percentage,1878.238037
USA,UNITED STATES,Probability to receive funding,By technology,Energy efficiency,Later stage,2018,11.4772234,Percentage,1968.754395
USA,UNITED STATES,Probability to receive funding,By technology,Energy efficiency,Later stage,2019,11.13499928,Percentage,2051.713867
USA,UNITED STATES,Probability to receive funding,By technology,Energy efficiency,Later stage,2020,10.96529198,Percentage,2100.947266
USA,UNITED STATES,Probability to receive funding,By technology,Energy efficiency,Later stage,2021,10.87613678,Percentage,2127.36377
USA,UNITED STATES,Fundings of start-ups,By technology,Energy efficiency,Later stage,2022,4.806778908,Years,2121.36377
USA,UNITED STATES,Probability to receive funding,By technology,Energy storage and batteries,Later stage,2015,26.23544884,Percentage,183.9750061
USA,UNITED STATES,Probability to receive funding,By technology,Energy storage and batteries,Later stage,2016,23.78582954,Percentage,210.069046
USA,UNITED STATES,Probability to receive funding,By technology,Energy storage and batteries,Later stage,2017,22.56412888,Percentage,227.8690491
USA,UNITED STATES,Probability to receive funding,By technology,Energy storage and batteries,Later stage,2018,21.83893013,Percentage,243.0674591
USA,UNITED STATES,Probability to receive funding,By technology,Energy storage and batteries,Later stage,2019,20.69137764,Percentage,262.1864929
USA,UNITED STATES,Probability to receive funding,By technology,Energy storage and batteries,Later stage,2020,20.20209503,Percentage,268.536499
USA,UNITED STATES,Probability to receive funding,By technology,Energy storage and batteries,Later stage,2021,19.76543045,Percentage,276.1555481
USA,UNITED STATES,Fundings of start-ups,By technology,Energy storage and batteries,Later stage,2022,4.893270969,Years,276.1555481
USA,UNITED STATES,Probability to receive funding,By technology,Fossil fuels,Later stage,2015,9.527685165,Percentage,1249.166626
USA,UNITED STATES,Probability to receive funding,By technology,Fossil fuels,Later stage,2016,9.903434753,Percentage,1336.741699
USA,UNITED STATES,Probability to receive funding,By technology,Fossil fuels,Later stage,2017,10.27381611,Percentage,1426.44165
USA,UNITED STATES,Probability to receive funding,By technology,Fossil fuels,Later stage,2018,10.35844994,Percentage,1487.19165
USA,UNITED STATES,Probability to receive funding,By technology,Fossil fuels,Later stage,2019,10.15184784,Percentage,1530.591675
USA,UNITED STATES,Probability to receive funding,By technology,Fossil fuels,Later stage,2020,10.22026157,Percentage,1554.591675
USA,UNITED STATES,Probability to receive funding,By technology,Fossil fuels,Later stage,2021,10.32624245,Percentage,1564.460693
USA,UNITED STATES,Fundings of start-ups,By technology,Fossil fuels,Later stage,2022,3.763707161,Years,1563.460693
USA,UNITED STATES,Probability to receive funding,By technology,Grid,Later stage,2015,9.898140907,Percentage,364.8833313
USA,UNITED STATES,Probability to receive funding,By technology,Grid,Later stage,2016,9.745238304,Percentage,387.7107239
USA,UNITED STATES,Probability to receive funding,By technology,Grid,Later stage,2017,9.525294304,Percentage,412.4107056
USA,UNITED STATES,Probability to receive funding,By technology,Grid,Later stage,2018,9.625338554,Percentage,421.1107178
USA,UNITED STATES,Probability to receive funding,By technology,Grid,Later stage,2019,9.433590889,Percentage,429.6702271
USA,UNITED STATES,Probability to receive funding,By technology,Grid,Later stage,2020,9.573858261,Percentage,433.8202515
USA,UNITED STATES,Probability to receive funding,By technology,Grid,Later stage,2021,9.45734787,Percentage,442.6893005
USA,UNITED STATES,Fundings of start-ups,By technology,Grid,Later stage,2022,4.897293091,Years,442.6893005
USA,UNITED STATES,Probability to receive funding,By technology,Hydrogen and fuel cells,Later stage,2015,14.27256012,Percentage,18.10000038
USA,UNITED STATES,Probability to receive funding,By technology,Hydrogen and fuel cells,Later stage,2016,16.29656219,Percentage,19.94285774
USA,UNITED STATES,Probability to receive funding,By technology,Hydrogen and fuel cells,Later stage,2017,18.70457458,Percentage,22.2761898
USA,UNITED STATES,Probability to receive funding,By technology,Hydrogen and fuel cells,Later stage,2018,19.17853928,Percentage,24.98452377
USA,UNITED STATES,Probability to receive funding,By technology,Hydrogen and fuel cells,Later stage,2019,18.26473618,Percentage,26.23452377
USA,UNITED STATES,Probability to receive funding,By technology,Hydrogen and fuel cells,Later stage,2020,15.89213085,Percentage,30.1511898
USA,UNITED STATES,Probability to receive funding,By technology,Hydrogen and fuel cells,Later stage,2021,15.49285603,Percentage,33.07976151
USA,UNITED STATES,Fundings of start-ups,By technology,Hydrogen and fuel cells,Later stage,2022,4.844230652,Years,33.07976151
USA,UNITED STATES,Fundings of start-ups,By technology,Non-clean energy,Later stage,2000,179839776,USD,2
USA,UNITED STATES,Fundings of start-ups,By technology,Non-clean energy,Later stage,2001,171496320,USD,2
USA,UNITED STATES,Fundings of start-ups,By technology,Non-clean energy,Later stage,2003,77797872,USD,2
USA,UNITED STATES,Fundings of start-ups,By technology,Non-clean energy,Later stage,2004,100036552,USD,7
USA,UNITED STATES,Fundings of start-ups,By technology,Non-clean energy,Later stage,2005,183520224,USD,10
USA,UNITED STATES,Fundings of start-ups,By technology,Non-clean energy,Later stage,2006,230842208,USD,12
USA,UNITED STATES,Fundings of start-ups,By technology,Non-clean energy,Later stage,2007,331511072,USD,13
USA,UNITED STATES,Fundings of start-ups,By technology,Non-clean energy,Later stage,2008,378028512,USD,18
USA,UNITED STATES,Fundings of start-ups,By technology,Non-clean energy,Later stage,2009,372972160,USD,19
USA,UNITED STATES,Fundings of start-ups,By technology,Non-clean energy,Later stage,2010,669784448,USD,30
USA,UNITED STATES,Fundings of start-ups,By technology,Non-clean energy,Later stage,2011,838423040,USD,28
USA,UNITED STATES,Fundings of start-ups,By technology,Non-clean energy,Later stage,2012,325363008,USD,29
USA,UNITED STATES,Fundings of start-ups,By technology,Non-clean energy,Later stage,2013,403355264,USD,31
USA,UNITED STATES,Fundings of start-ups,By technology,Non-clean energy,Later stage,2014,665943168,USD,33
USA,UNITED STATES,Fundings of start-ups,By technology,Non-clean energy,Later stage,2015,492276544,USD,29
USA,UNITED STATES,Fundings of start-ups,By technology,Non-clean energy,Later stage,2016,355805120,USD,30
USA,UNITED STATES,Fundings of start-ups,By technology,Non-clean energy,Later stage,2017,962479168,USD,36
USA,UNITED STATES,Fundings of start-ups,By technology,Non-clean energy,Later stage,2018,524700608,USD,35
USA,UNITED STATES,Fundings of start-ups,By technology,Non-clean energy,Later stage,2019,926349632,USD,28
USA,UNITED STATES,Fundings of start-ups,By technology,Non-clean energy,Later stage,2020,619879552,USD,23
USA,UNITED STATES,Fundings of start-ups,By technology,Non-clean energy,Later stage,2021,1528552320,USD,21
USA,UNITED STATES,Probability to receive funding,By technology,Non-clean energy,Later stage,2021,8.774059296,Percentage,5767
USA,UNITED STATES,Fundings of start-ups,By technology,Non-clean energy,Later stage,2022,4.199566841,Years,5784
USA,UNITED STATES,Fundings of start-ups,By technology,Non-clean energy,Later stage,2022,1975080064,USD,35
USA,UNITED STATES,Probability to receive funding,By technology,Nuclear,Later stage,2015,7.575757504,Percentage,11
USA,UNITED STATES,Probability to receive funding,By technology,Nuclear,Later stage,2016,9.859154701,Percentage,11.83333302
USA,UNITED STATES,Probability to receive funding,By technology,Nuclear,Later stage,2017,12.32876682,Percentage,12.16666698
USA,UNITED STATES,Probability to receive funding,By technology,Nuclear,Later stage,2018,18.29268265,Percentage,13.66666698
USA,UNITED STATES,Probability to receive funding,By technology,Nuclear,Later stage,2019,18.29268265,Percentage,13.66666698
USA,UNITED STATES,Probability to receive funding,By technology,Nuclear,Later stage,2020,16.81614304,Percentage,14.86666679
USA,UNITED STATES,Probability to receive funding,By technology,Nuclear,Later stage,2021,14.39539337,Percentage,17.36666679
USA,UNITED STATES,Fundings of start-ups,By technology,Nuclear,Later stage,2022,5.12785387,Years,17.36666679
USA,UNITED STATES,Probability to receive funding,By technology,Other energy,Later stage,2015,12.03623104,Percentage,2210.824951
USA,UNITED STATES,Probability to receive funding,By technology,Other energy,Later stage,2016,12.05493355,Percentage,2366.251221
USA,UNITED STATES,Probability to receive funding,By technology,Other energy,Later stage,2017,12.06898308,Percentage,2497.034424
USA,UNITED STATES,Probability to receive funding,By technology,Other energy,Later stage,2018,12.1082077,Percentage,2593.213379
USA,UNITED STATES,Probability to receive funding,By technology,Other energy,Later stage,2019,11.97377872,Percentage,2666.173096
USA,UNITED STATES,Probability to receive funding,By technology,Other energy,Later stage,2020,11.93976116,Percentage,2712.15625
USA,UNITED STATES,Probability to receive funding,By technology,Other energy,Later stage,2021,11.93405056,Percentage,2735.799316
USA,UNITED STATES,Fundings of start-ups,By technology,Other energy,Later stage,2022,4.463393211,Years,2730.799316
USA,UNITED STATES,Probability to receive funding,By technology,Other renewables,Later stage,2015,16.06565285,Percentage,1198.208374
USA,UNITED STATES,Probability to receive funding,By technology,Other renewables,Later stage,2016,15.85982323,Percentage,1281.645264
USA,UNITED STATES,Probability to receive funding,By technology,Other renewables,Later stage,2017,15.56435204,Percentage,1364.228516
USA,UNITED STATES,Probability to receive funding,By technology,Other renewables,Later stage,2018,15.24599743,Percentage,1432.069824
USA,UNITED STATES,Probability to receive funding,By technology,Other renewables,Later stage,2019,15.16018867,Percentage,1491.846069
USA,UNITED STATES,Probability to receive funding,By technology,Other renewables,Later stage,2020,15.31502247,Percentage,1535.529419
USA,UNITED STATES,Probability to receive funding,By technology,Other renewables,Later stage,2021,15.21397877,Percentage,1564.35083
USA,UNITED STATES,Fundings of start-ups,By technology,Other renewables,Later stage,2022,4.887354374,Years,1559.35083
USA,UNITED STATES,Probability to receive funding,By technology,Solar,Later stage,2015,12.57234573,Percentage,591.7750244
USA,UNITED STATES,Probability to receive funding,By technology,Solar,Later stage,2016,12.2479372,Percentage,622.0095215
USA,UNITED STATES,Probability to receive funding,By technology,Solar,Later stage,2017,12.00509644,Percentage,657.7761841
USA,UNITED STATES,Probability to receive funding,By technology,Solar,Later stage,2018,11.75856876,Percentage,680.7801514
USA,UNITED STATES,Probability to receive funding,By technology,Solar,Later stage,2019,11.72440624,Percentage,694.8468018
USA,UNITED STATES,Probability to receive funding,By technology,Solar,Later stage,2020,11.59302235,Percentage,705.5968018
USA,UNITED STATES,Probability to receive funding,By technology,Solar,Later stage,2021,11.5250473,Percentage,714.0968018
USA,UNITED STATES,Fundings of start-ups,By technology,Solar,Later stage,2022,4.607325554,Years,714.0968018
USA,UNITED STATES,Probability to receive funding,By technology,Wind,Later stage,2015,20.56914711,Percentage,33.38333511
USA,UNITED STATES,Probability to receive funding,By technology,Wind,Later stage,2016,19.74388885,Percentage,35.79166794
USA,UNITED STATES,Probability to receive funding,By technology,Wind,Later stage,2017,19.1898613,Percentage,36.82500076
USA,UNITED STATES,Probability to receive funding,By technology,Wind,Later stage,2018,18.38548851,Percentage,38.43611145
USA,UNITED STATES,Probability to receive funding,By technology,Wind,Later stage,2019,17.48333359,Percentage,40.41944504
USA,UNITED STATES,Probability to receive funding,By technology,Wind,Later stage,2020,18.08431244,Percentage,40.91944504
USA,UNITED STATES,Probability to receive funding,By technology,Wind,Later stage,2021,17.72337151,Percentage,41.7527771
USA,UNITED STATES,Fundings of start-ups,By technology,Wind,Later stage,2022,5.577298641,Years,41.7527771
UMI,UNITED STATES MINOR OUTLYING ISLANDS,Probability to receive funding,"By sector (energy, green, digital)",Non-energy,Early stage,2021,0,Percentage,3
UMI,UNITED STATES MINOR OUTLYING ISLANDS,Probability to receive funding,"By sector (energy, green, digital)",Non-energy,Later stage,2021,0,Percentage,3
URY,URUGUAY,Probability to receive funding,"By sector (energy, green, digital)",Energy,Early stage,2021,0,Percentage,3
URY,URUGUAY,Probability to receive funding,"By sector (energy, green, digital)",Energy and digital,Early stage,2021,0,Percentage,1
URY,URUGUAY,Probability to receive funding,"By sector (energy, green, digital)",Energy and non-digital,Early stage,2021,0,Percentage,2
URY,URUGUAY,Fundings of start-ups,"By sector (energy, green, digital)",Non-energy,Early stage,2007,1339622.625,USD,1
URY,URUGUAY,Fundings of start-ups,"By sector (energy, green, digital)",Non-energy,Early stage,2009,779268.3125,USD,2
URY,URUGUAY,Fundings of start-ups,"By sector (energy, green, digital)",Non-energy,Early stage,2010,57395.21094,USD,2
URY,URUGUAY,Fundings of start-ups,"By sector (energy, green, digital)",Non-energy,Early stage,2011,15479651,USD,3
URY,URUGUAY,Fundings of start-ups,"By sector (energy, green, digital)",Non-energy,Early stage,2012,732187.5,USD,4
URY,URUGUAY,Fundings of start-ups,"By sector (energy, green, digital)",Non-energy,Early stage,2013,8837107,USD,5
URY,URUGUAY,Fundings of start-ups,"By sector (energy, green, digital)",Non-energy,Early stage,2014,447182.3125,USD,2
URY,URUGUAY,Fundings of start-ups,"By sector (energy, green, digital)",Non-energy,Early stage,2015,26567338,USD,3
URY,URUGUAY,Fundings of start-ups,"By sector (energy, green, digital)",Non-energy,Early stage,2016,1504891.25,USD,1
URY,URUGUAY,Fundings of start-ups,"By sector (energy, green, digital)",Non-energy,Early stage,2017,32076894,USD,5
URY,URUGUAY,Fundings of start-ups,"By sector (energy, green, digital)",Non-energy,Early stage,2018,6989062.5,USD,8
URY,URUGUAY,Fundings of start-ups,"By sector (energy, green, digital)",Non-energy,Early stage,2019,2390816.25,USD,3
URY,URUGUAY,Fundings of start-ups,"By sector (energy, green, digital)",Non-energy,Early stage,2020,219992432,USD,4
URY,URUGUAY,Probability to receive funding,"By sector (energy, green, digital)",Non-energy,Early stage,2021,11.65048504,Percentage,309
URY,URUGUAY,Fundings of start-ups,"By sector (energy, green, digital)",Non-energy,Early stage,2021,5607971,USD,3
URY,URUGUAY,Fundings of start-ups,"By sector (energy, green, digital)",Non-energy,Early stage,2022,30000000,USD,6
URY,URUGUAY,Fundings of start-ups,"By sector (energy, green, digital)",Non-energy,Early stage,2022,1.722061992,Years,314
URY,URUGUAY,Probability to receive funding,"By sector (energy, green, digital)",Energy,Later stage,2021,0,Percentage,3
URY,URUGUAY,Probability to receive funding,"By sector (energy, green, digital)",Energy and digital,Later stage,2021,0,Percentage,1
URY,URUGUAY,Probability to receive funding,"By sector (energy, green, digital)",Energy and non-digital,Later stage,2021,0,Percentage,2
URY,URUGUAY,Fundings of start-ups,"By sector (energy, green, digital)",Non-energy,Later stage,2013,2393258.5,USD,1
URY,URUGUAY,Fundings of start-ups,"By sector (energy, green, digital)",Non-energy,Later stage,2015,60016576,USD,1
URY,URUGUAY,Fundings of start-ups,"By sector (energy, green, digital)",Non-energy,Later stage,2017,313835104,USD,2
URY,URUGUAY,Fundings of start-ups,"By sector (energy, green, digital)",Non-energy,Later stage,2019,32602040,USD,1
URY,URUGUAY,Fundings of start-ups,"By sector (energy, green, digital)",Non-energy,Later stage,2021,154347824,USD,1
URY,URUGUAY,Probability to receive funding,"By sector (energy, green, digital)",Non-energy,Later stage,2021,0.970873773,Percentage,309
URY,URUGUAY,Fundings of start-ups,"By sector (energy, green, digital)",Non-energy,Later stage,2022,5,Years,314
URY,URUGUAY,Probability to receive funding,By technology,Energy efficiency,Early stage,2015,0,Percentage,0.5
URY,URUGUAY,Probability to receive funding,By technology,Energy efficiency,Early stage,2016,0,Percentage,0.5
URY,URUGUAY,Probability to receive funding,By technology,Energy efficiency,Early stage,2017,0,Percentage,0.5
URY,URUGUAY,Probability to receive funding,By technology,Energy efficiency,Early stage,2018,0,Percentage,0.5
URY,URUGUAY,Probability to receive funding,By technology,Energy efficiency,Early stage,2019,0,Percentage,0.5
URY,URUGUAY,Probability to receive funding,By technology,Energy efficiency,Early stage,2020,0,Percentage,0.5
URY,URUGUAY,Probability to receive funding,By technology,Energy efficiency,Early stage,2021,0,Percentage,0.5
URY,URUGUAY,Probability to receive funding,By technology,Fossil fuels,Early stage,2015,0,Percentage,1
URY,URUGUAY,Probability to receive funding,By technology,Fossil fuels,Early stage,2016,0,Percentage,1
URY,URUGUAY,Probability to receive funding,By technology,Fossil fuels,Early stage,2017,0,Percentage,1
URY,URUGUAY,Probability to receive funding,By technology,Fossil fuels,Early stage,2018,0,Percentage,1
URY,URUGUAY,Probability to receive funding,By technology,Fossil fuels,Early stage,2019,0,Percentage,1
URY,URUGUAY,Probability to receive funding,By technology,Fossil fuels,Early stage,2020,0,Percentage,1
URY,URUGUAY,Probability to receive funding,By technology,Fossil fuels,Early stage,2021,0,Percentage,1
URY,URUGUAY,Probability to receive funding,By technology,Grid,Early stage,2015,0,Percentage,0.333333343
URY,URUGUAY,Probability to receive funding,By technology,Grid,Early stage,2016,0,Percentage,0.333333343
URY,URUGUAY,Probability to receive funding,By technology,Grid,Early stage,2017,0,Percentage,0.333333343
URY,URUGUAY,Probability to receive funding,By technology,Grid,Early stage,2018,0,Percentage,0.333333343
URY,URUGUAY,Probability to receive funding,By technology,Grid,Early stage,2019,0,Percentage,0.333333343
URY,URUGUAY,Probability to receive funding,By technology,Grid,Early stage,2020,0,Percentage,0.333333343
URY,URUGUAY,Probability to receive funding,By technology,Grid,Early stage,2021,0,Percentage,0.333333343
URY,URUGUAY,Probability to receive funding,By technology,Non-clean energy,Early stage,2021,0,Percentage,3
URY,URUGUAY,Probability to receive funding,By technology,Other energy,Early stage,2015,0,Percentage,0.833333313
URY,URUGUAY,Probability to receive funding,By technology,Other energy,Early stage,2016,0,Percentage,0.833333313
URY,URUGUAY,Probability to receive funding,By technology,Other energy,Early stage,2017,0,Percentage,0.833333313
URY,URUGUAY,Probability to receive funding,By technology,Other energy,Early stage,2018,0,Percentage,0.833333313
URY,URUGUAY,Probability to receive funding,By technology,Other energy,Early stage,2019,0,Percentage,0.833333313
URY,URUGUAY,Probability to receive funding,By technology,Other energy,Early stage,2020,0,Percentage,0.833333313
URY,URUGUAY,Probability to receive funding,By technology,Other energy,Early stage,2021,0,Percentage,0.833333313
URY,URUGUAY,Probability to receive funding,By technology,Solar,Early stage,2015,0,Percentage,0.333333343
URY,URUGUAY,Probability to receive funding,By technology,Solar,Early stage,2016,0,Percentage,0.333333343
URY,URUGUAY,Probability to receive funding,By technology,Solar,Early stage,2017,0,Percentage,0.333333343
URY,URUGUAY,Probability to receive funding,By technology,Solar,Early stage,2018,0,Percentage,0.333333343
URY,URUGUAY,Probability to receive funding,By technology,Solar,Early stage,2019,0,Percentage,0.333333343
URY,URUGUAY,Probability to receive funding,By technology,Solar,Early stage,2020,0,Percentage,0.333333343
URY,URUGUAY,Probability to receive funding,By technology,Solar,Early stage,2021,0,Percentage,0.333333343
URY,URUGUAY,Probability to receive funding,By technology,Energy efficiency,Later stage,2015,0,Percentage,0.5
URY,URUGUAY,Probability to receive funding,By technology,Energy efficiency,Later stage,2016,0,Percentage,0.5
URY,URUGUAY,Probability to receive funding,By technology,Energy efficiency,Later stage,2017,0,Percentage,0.5
URY,URUGUAY,Probability to receive funding,By technology,Energy efficiency,Later stage,2018,0,Percentage,0.5
URY,URUGUAY,Probability to receive funding,By technology,Energy efficiency,Later stage,2019,0,Percentage,0.5
URY,URUGUAY,Probability to receive funding,By technology,Energy efficiency,Later stage,2020,0,Percentage,0.5
URY,URUGUAY,Probability to receive funding,By technology,Energy efficiency,Later stage,2021,0,Percentage,0.5
URY,URUGUAY,Probability to receive funding,By technology,Fossil fuels,Later stage,2015,0,Percentage,1
URY,URUGUAY,Probability to receive funding,By technology,Fossil fuels,Later stage,2016,0,Percentage,1
URY,URUGUAY,Probability to receive funding,By technology,Fossil fuels,Later stage,2017,0,Percentage,1
URY,URUGUAY,Probability to receive funding,By technology,Fossil fuels,Later stage,2018,0,Percentage,1
URY,URUGUAY,Probability to receive funding,By technology,Fossil fuels,Later stage,2019,0,Percentage,1
URY,URUGUAY,Probability to receive funding,By technology,Fossil fuels,Later stage,2020,0,Percentage,1
URY,URUGUAY,Probability to receive funding,By technology,Fossil fuels,Later stage,2021,0,Percentage,1
URY,URUGUAY,Probability to receive funding,By technology,Grid,Later stage,2015,0,Percentage,0.333333343
URY,URUGUAY,Probability to receive funding,By technology,Grid,Later stage,2016,0,Percentage,0.333333343
URY,URUGUAY,Probability to receive funding,By technology,Grid,Later stage,2017,0,Percentage,0.333333343
URY,URUGUAY,Probability to receive funding,By technology,Grid,Later stage,2018,0,Percentage,0.333333343
URY,URUGUAY,Probability to receive funding,By technology,Grid,Later stage,2019,0,Percentage,0.333333343
URY,URUGUAY,Probability to receive funding,By technology,Grid,Later stage,2020,0,Percentage,0.333333343
URY,URUGUAY,Probability to receive funding,By technology,Grid,Later stage,2021,0,Percentage,0.333333343
URY,URUGUAY,Probability to receive funding,By technology,Non-clean energy,Later stage,2021,0,Percentage,3
URY,URUGUAY,Probability to receive funding,By technology,Other energy,Later stage,2015,0,Percentage,0.833333313
URY,URUGUAY,Probability to receive funding,By technology,Other energy,Later stage,2016,0,Percentage,0.833333313
URY,URUGUAY,Probability to receive funding,By technology,Other energy,Later stage,2017,0,Percentage,0.833333313
URY,URUGUAY,Probability to receive funding,By technology,Other energy,Later stage,2018,0,Percentage,0.833333313
URY,URUGUAY,Probability to receive funding,By technology,Other energy,Later stage,2019,0,Percentage,0.833333313
URY,URUGUAY,Probability to receive funding,By technology,Other energy,Later stage,2020,0,Percentage,0.833333313
URY,URUGUAY,Probability to receive funding,By technology,Other energy,Later stage,2021,0,Percentage,0.833333313
URY,URUGUAY,Probability to receive funding,By technology,Solar,Later stage,2015,0,Percentage,0.333333343
URY,URUGUAY,Probability to receive funding,By technology,Solar,Later stage,2016,0,Percentage,0.333333343
URY,URUGUAY,Probability to receive funding,By technology,Solar,Later stage,2017,0,Percentage,0.333333343
URY,URUGUAY,Probability to receive funding,By technology,Solar,Later stage,2018,0,Percentage,0.333333343
URY,URUGUAY,Probability to receive funding,By technology,Solar,Later stage,2019,0,Percentage,0.333333343
URY,URUGUAY,Probability to receive funding,By technology,Solar,Later stage,2020,0,Percentage,0.333333343
URY,URUGUAY,Probability to receive funding,By technology,Solar,Later stage,2021,0,Percentage,0.333333343
UZB,UZBEKISTAN,Probability to receive funding,"By sector (energy, green, digital)",Energy,Early stage,2021,0,Percentage,1
UZB,UZBEKISTAN,Probability to receive funding,"By sector (energy, green, digital)",Energy and non-digital,Early stage,2021,0,Percentage,1
UZB,UZBEKISTAN,Fundings of start-ups,"By sector (energy, green, digital)",Non-energy,Early stage,2007,120566.0391,USD,1
UZB,UZBEKISTAN,Fundings of start-ups,"By sector (energy, green, digital)",Non-energy,Early stage,2020,161363.6406,USD,1
UZB,UZBEKISTAN,Probability to receive funding,"By sector (energy, green, digital)",Non-energy,Early stage,2021,12.9032259,Percentage,31
UZB,UZBEKISTAN,Fundings of start-ups,"By sector (energy, green, digital)",Non-energy,Early stage,2022,1650000,USD,2
UZB,UZBEKISTAN,Fundings of start-ups,"By sector (energy, green, digital)",Non-energy,Early stage,2022,1.809589028,Years,32
UZB,UZBEKISTAN,Probability to receive funding,"By sector (energy, green, digital)",Energy,Later stage,2021,0,Percentage,1
UZB,UZBEKISTAN,Probability to receive funding,"By sector (energy, green, digital)",Energy and non-digital,Later stage,2021,0,Percentage,1
UZB,UZBEKISTAN,Probability to receive funding,"By sector (energy, green, digital)",Non-energy,Later stage,2021,0,Percentage,31
UZB,UZBEKISTAN,Probability to receive funding,By technology,Fossil fuels,Early stage,2015,0,Percentage,1
UZB,UZBEKISTAN,Probability to receive funding,By technology,Fossil fuels,Early stage,2016,0,Percentage,1
UZB,UZBEKISTAN,Probability to receive funding,By technology,Fossil fuels,Early stage,2017,0,Percentage,1
UZB,UZBEKISTAN,Probability to receive funding,By technology,Fossil fuels,Early stage,2018,0,Percentage,1
UZB,UZBEKISTAN,Probability to receive funding,By technology,Fossil fuels,Early stage,2019,0,Percentage,1
UZB,UZBEKISTAN,Probability to receive funding,By technology,Fossil fuels,Early stage,2020,0,Percentage,1
UZB,UZBEKISTAN,Probability to receive funding,By technology,Fossil fuels,Early stage,2021,0,Percentage,1
UZB,UZBEKISTAN,Probability to receive funding,By technology,Non-clean energy,Early stage,2021,0,Percentage,1
UZB,UZBEKISTAN,Probability to receive funding,By technology,Fossil fuels,Later stage,2015,0,Percentage,1
UZB,UZBEKISTAN,Probability to receive funding,By technology,Fossil fuels,Later stage,2016,0,Percentage,1
UZB,UZBEKISTAN,Probability to receive funding,By technology,Fossil fuels,Later stage,2017,0,Percentage,1
UZB,UZBEKISTAN,Probability to receive funding,By technology,Fossil fuels,Later stage,2018,0,Percentage,1
UZB,UZBEKISTAN,Probability to receive funding,By technology,Fossil fuels,Later stage,2019,0,Percentage,1
UZB,UZBEKISTAN,Probability to receive funding,By technology,Fossil fuels,Later stage,2020,0,Percentage,1
UZB,UZBEKISTAN,Probability to receive funding,By technology,Fossil fuels,Later stage,2021,0,Percentage,1
UZB,UZBEKISTAN,Probability to receive funding,By technology,Non-clean energy,Later stage,2021,0,Percentage,1
VNM,VIET NAM,Fundings of start-ups,"By sector (energy, green, digital)",Energy,Early stage,2021,2675362.25,USD,1
VNM,VIET NAM,Probability to receive funding,"By sector (energy, green, digital)",Energy,Early stage,2021,5.555555344,Percentage,54
VNM,VIET NAM,Fundings of start-ups,"By sector (energy, green, digital)",Energy,Early stage,2022,2.342465639,Years,54
VNM,VIET NAM,Fundings of start-ups,"By sector (energy, green, digital)",Energy,Early stage,2022,7400000,USD,2
VNM,VIET NAM,Probability to receive funding,"By sector (energy, green, digital)",Energy and digital,Early stage,2021,0,Percentage,18
VNM,VIET NAM,Fundings of start-ups,"By sector (energy, green, digital)",Energy and non-digital,Early stage,2021,2675362.25,USD,1
VNM,VIET NAM,Probability to receive funding,"By sector (energy, green, digital)",Energy and non-digital,Early stage,2021,8.333333015,Percentage,36
VNM,VIET NAM,Fundings of start-ups,"By sector (energy, green, digital)",Energy and non-digital,Early stage,2022,2.342465639,Years,36
VNM,VIET NAM,Fundings of start-ups,"By sector (energy, green, digital)",Energy and non-digital,Early stage,2022,7400000,USD,2
VNM,VIET NAM,Fundings of start-ups,"By sector (energy, green, digital)",Non-energy,Early stage,2005,714765.125,USD,1
VNM,VIET NAM,Fundings of start-ups,"By sector (energy, green, digital)",Non-energy,Early stage,2006,1383116.875,USD,1
VNM,VIET NAM,Fundings of start-ups,"By sector (energy, green, digital)",Non-energy,Early stage,2007,3750943.5,USD,2
VNM,VIET NAM,Fundings of start-ups,"By sector (energy, green, digital)",Non-energy,Early stage,2008,451818.1875,USD,2
VNM,VIET NAM,Fundings of start-ups,"By sector (energy, green, digital)",Non-energy,Early stage,2009,4962002.5,USD,2
VNM,VIET NAM,Fundings of start-ups,"By sector (energy, green, digital)",Non-energy,Early stage,2010,1686495.75,USD,3
VNM,VIET NAM,Fundings of start-ups,"By sector (energy, green, digital)",Non-energy,Early stage,2012,12707386,USD,2
VNM,VIET NAM,Fundings of start-ups,"By sector (energy, green, digital)",Non-energy,Early stage,2013,16274157,USD,9
VNM,VIET NAM,Fundings of start-ups,"By sector (energy, green, digital)",Non-energy,Early stage,2014,21802018,USD,8
VNM,VIET NAM,Fundings of start-ups,"By sector (energy, green, digital)",Non-energy,Early stage,2015,8292290,USD,7
VNM,VIET NAM,Fundings of start-ups,"By sector (energy, green, digital)",Non-energy,Early stage,2016,54279116,USD,15
VNM,VIET NAM,Fundings of start-ups,"By sector (energy, green, digital)",Non-energy,Early stage,2017,16263910,USD,15
VNM,VIET NAM,Fundings of start-ups,"By sector (energy, green, digital)",Non-energy,Early stage,2018,90571848,USD,24
VNM,VIET NAM,Fundings of start-ups,"By sector (energy, green, digital)",Non-energy,Early stage,2019,422298784,USD,32
VNM,VIET NAM,Fundings of start-ups,"By sector (energy, green, digital)",Non-energy,Early stage,2020,61318180,USD,19
VNM,VIET NAM,Fundings of start-ups,"By sector (energy, green, digital)",Non-energy,Early stage,2021,626550464,USD,41
VNM,VIET NAM,Probability to receive funding,"By sector (energy, green, digital)",Non-energy,Early stage,2021,7.080799103,Percentage,2302
VNM,VIET NAM,Fundings of start-ups,"By sector (energy, green, digital)",Non-energy,Early stage,2022,183395008,USD,27
VNM,VIET NAM,Fundings of start-ups,"By sector (energy, green, digital)",Non-energy,Early stage,2022,2.12404108,Years,2323
VNM,VIET NAM,Probability to receive funding,"By sector (energy, green, digital)",Energy,Later stage,2021,1.851851821,Percentage,54
VNM,VIET NAM,Fundings of start-ups,"By sector (energy, green, digital)",Energy,Later stage,2022,3.808219194,Years,54
VNM,VIET NAM,Probability to receive funding,"By sector (energy, green, digital)",Energy and digital,Later stage,2021,5.555555344,Percentage,18
VNM,VIET NAM,Fundings of start-ups,"By sector (energy, green, digital)",Energy and digital,Later stage,2022,3.808219194,Years,18
VNM,VIET NAM,Probability to receive funding,"By sector (energy, green, digital)",Energy and non-digital,Later stage,2021,0,Percentage,36
VNM,VIET NAM,Fundings of start-ups,"By sector (energy, green, digital)",Non-energy,Later stage,2015,29419890,USD,1
VNM,VIET NAM,Fundings of start-ups,"By sector (energy, green, digital)",Non-energy,Later stage,2016,21300000,USD,2
VNM,VIET NAM,Fundings of start-ups,"By sector (energy, green, digital)",Non-energy,Later stage,2017,55205544,USD,3
VNM,VIET NAM,Fundings of start-ups,"By sector (energy, green, digital)",Non-energy,Later stage,2019,239624992,USD,5
VNM,VIET NAM,Fundings of start-ups,"By sector (energy, green, digital)",Non-energy,Later stage,2020,139848480,USD,1
VNM,VIET NAM,Probability to receive funding,"By sector (energy, green, digital)",Non-energy,Later stage,2021,2.476107836,Percentage,2302
VNM,VIET NAM,Fundings of start-ups,"By sector (energy, green, digital)",Non-energy,Later stage,2021,647911232,USD,7
VNM,VIET NAM,Fundings of start-ups,"By sector (energy, green, digital)",Non-energy,Later stage,2022,248000000,USD,3
VNM,VIET NAM,Fundings of start-ups,"By sector (energy, green, digital)",Non-energy,Later stage,2022,5.599153042,Years,2323
VNM,VIET NAM,Fundings of start-ups,By technology,Electric mobility,all,2021,2675362.25,USD,1
VNM,VIET NAM,Fundings of start-ups,By technology,Electric mobility,all,2022,6350000,USD,1.5
VNM,VIET NAM,Fundings of start-ups,By technology,Other renewables,all,2022,1050000,USD,0.5
VNM,VIET NAM,Probability to receive funding,By technology,Clean energy,Early stage,2021,18.75,Percentage,16
VNM,VIET NAM,Fundings of start-ups,By technology,Clean energy,Early stage,2021,2675362.25,USD,1
VNM,VIET NAM,Fundings of start-ups,By technology,Clean energy,Early stage,2022,2.342465639,Years,16
VNM,VIET NAM,Fundings of start-ups,By technology,Clean energy,Early stage,2022,7400000,USD,2
VNM,VIET NAM,Probability to receive funding,By technology,Electric mobility,Early stage,2018,100,Percentage,1.5
VNM,VIET NAM,Probability to receive funding,By technology,Electric mobility,Early stage,2019,100,Percentage,1.5
VNM,VIET NAM,Probability to receive funding,By technology,Electric mobility,Early stage,2020,100,Percentage,1.5
VNM,VIET NAM,Probability to receive funding,By technology,Electric mobility,Early stage,2021,100,Percentage,2.5
VNM,VIET NAM,Probability to receive funding,By technology,Energy efficiency,Early stage,2015,0,Percentage,5.333333492
VNM,VIET NAM,Probability to receive funding,By technology,Energy efficiency,Early stage,2016,0,Percentage,5.333333492
VNM,VIET NAM,Probability to receive funding,By technology,Energy efficiency,Early stage,2017,0,Percentage,6.333333492
VNM,VIET NAM,Probability to receive funding,By technology,Energy efficiency,Early stage,2018,0,Percentage,6.333333492
VNM,VIET NAM,Probability to receive funding,By technology,Energy efficiency,Early stage,2019,0,Percentage,6.333333492
VNM,VIET NAM,Probability to receive funding,By technology,Energy efficiency,Early stage,2020,0,Percentage,7.333333492
VNM,VIET NAM,Probability to receive funding,By technology,Energy efficiency,Early stage,2021,0,Percentage,7.333333492
VNM,VIET NAM,Probability to receive funding,By technology,Fossil fuels,Early stage,2015,0,Percentage,10.5
VNM,VIET NAM,Probability to receive funding,By technology,Fossil fuels,Early stage,2016,0,Percentage,10.5
VNM,VIET NAM,Probability to receive funding,By technology,Fossil fuels,Early stage,2017,0,Percentage,10.5
VNM,VIET NAM,Probability to receive funding,By technology,Fossil fuels,Early stage,2018,0,Percentage,11.5
VNM,VIET NAM,Probability to receive funding,By technology,Fossil fuels,Early stage,2019,0,Percentage,11.5
VNM,VIET NAM,Probability to receive funding,By technology,Fossil fuels,Early stage,2020,0,Percentage,11.5
VNM,VIET NAM,Probability to receive funding,By technology,Fossil fuels,Early stage,2021,0,Percentage,11.5
VNM,VIET NAM,Probability to receive funding,By technology,Grid,Early stage,2015,0,Percentage,8.5
VNM,VIET NAM,Probability to receive funding,By technology,Grid,Early stage,2016,0,Percentage,8.5
VNM,VIET NAM,Probability to receive funding,By technology,Grid,Early stage,2017,0,Percentage,8.5
VNM,VIET NAM,Probability to receive funding,By technology,Grid,Early stage,2018,0,Percentage,9.5
VNM,VIET NAM,Probability to receive funding,By technology,Grid,Early stage,2019,0,Percentage,9.5
VNM,VIET NAM,Probability to receive funding,By technology,Grid,Early stage,2020,0,Percentage,9.5
VNM,VIET NAM,Probability to receive funding,By technology,Grid,Early stage,2021,0,Percentage,9.5
VNM,VIET NAM,Probability to receive funding,By technology,Non-clean energy,Early stage,2021,0,Percentage,38
VNM,VIET NAM,Probability to receive funding,By technology,Other energy,Early stage,2015,0,Percentage,6.5
VNM,VIET NAM,Probability to receive funding,By technology,Other energy,Early stage,2016,0,Percentage,6.5
VNM,VIET NAM,Probability to receive funding,By technology,Other energy,Early stage,2017,0,Percentage,7.333333492
VNM,VIET NAM,Probability to receive funding,By technology,Other energy,Early stage,2018,0,Percentage,7.666666508
VNM,VIET NAM,Probability to receive funding,By technology,Other energy,Early stage,2019,0,Percentage,7.666666508
VNM,VIET NAM,Probability to receive funding,By technology,Other energy,Early stage,2020,0,Percentage,7.666666508
VNM,VIET NAM,Probability to receive funding,By technology,Other energy,Early stage,2021,0,Percentage,7.666666508
VNM,VIET NAM,Probability to receive funding,By technology,Other renewables,Early stage,2015,0,Percentage,6.5
VNM,VIET NAM,Probability to receive funding,By technology,Other renewables,Early stage,2016,0,Percentage,6.5
VNM,VIET NAM,Probability to receive funding,By technology,Other renewables,Early stage,2017,0,Percentage,6.833333492
VNM,VIET NAM,Probability to receive funding,By technology,Other renewables,Early stage,2018,6.521739006,Percentage,7.666666508
VNM,VIET NAM,Probability to receive funding,By technology,Other renewables,Early stage,2019,6.521739006,Percentage,7.666666508
VNM,VIET NAM,Probability to receive funding,By technology,Other renewables,Early stage,2020,6.521739006,Percentage,7.666666508
VNM,VIET NAM,Probability to receive funding,By technology,Other renewables,Early stage,2021,6.521739006,Percentage,7.666666508
VNM,VIET NAM,Fundings of start-ups,By technology,Other renewables,Early stage,2022,4.041095734,Years,7.666666508
VNM,VIET NAM,Probability to receive funding,By technology,Solar,Early stage,2015,0,Percentage,4.166666508
VNM,VIET NAM,Probability to receive funding,By technology,Solar,Early stage,2016,0,Percentage,4.166666508
VNM,VIET NAM,Probability to receive funding,By technology,Solar,Early stage,2017,0,Percentage,5
VNM,VIET NAM,Probability to receive funding,By technology,Solar,Early stage,2018,0,Percentage,5.333333492
VNM,VIET NAM,Probability to receive funding,By technology,Solar,Early stage,2019,0,Percentage,5.333333492
VNM,VIET NAM,Probability to receive funding,By technology,Solar,Early stage,2020,0,Percentage,5.333333492
VNM,VIET NAM,Probability to receive funding,By technology,Solar,Early stage,2021,0,Percentage,5.333333492
VNM,VIET NAM,Probability to receive funding,By technology,Wind,Early stage,2015,0,Percentage,0.5
VNM,VIET NAM,Probability to receive funding,By technology,Wind,Early stage,2016,0,Percentage,0.5
VNM,VIET NAM,Probability to receive funding,By technology,Wind,Early stage,2017,0,Percentage,0.5
VNM,VIET NAM,Probability to receive funding,By technology,Wind,Early stage,2018,0,Percentage,0.5
VNM,VIET NAM,Probability to receive funding,By technology,Wind,Early stage,2019,0,Percentage,0.5
VNM,VIET NAM,Probability to receive funding,By technology,Wind,Early stage,2020,0,Percentage,0.5
VNM,VIET NAM,Probability to receive funding,By technology,Wind,Early stage,2021,0,Percentage,0.5
VNM,VIET NAM,Probability to receive funding,By technology,Clean energy,Later stage,2021,6.25,Percentage,16
VNM,VIET NAM,Fundings of start-ups,By technology,Clean energy,Later stage,2022,3.808219194,Years,16
VNM,VIET NAM,Probability to receive funding,By technology,Electric mobility,Later stage,2018,0,Percentage,1.5
VNM,VIET NAM,Probability to receive funding,By technology,Electric mobility,Later stage,2019,0,Percentage,1.5
VNM,VIET NAM,Probability to receive funding,By technology,Electric mobility,Later stage,2020,0,Percentage,1.5
VNM,VIET NAM,Probability to receive funding,By technology,Electric mobility,Later stage,2021,0,Percentage,2.5
VNM,VIET NAM,Probability to receive funding,By technology,Energy efficiency,Later stage,2015,0,Percentage,5.333333492
VNM,VIET NAM,Probability to receive funding,By technology,Energy efficiency,Later stage,2016,0,Percentage,5.333333492
VNM,VIET NAM,Probability to receive funding,By technology,Energy efficiency,Later stage,2017,0,Percentage,6.333333492
VNM,VIET NAM,Probability to receive funding,By technology,Energy efficiency,Later stage,2018,0,Percentage,6.333333492
VNM,VIET NAM,Probability to receive funding,By technology,Energy efficiency,Later stage,2019,0,Percentage,6.333333492
VNM,VIET NAM,Probability to receive funding,By technology,Energy efficiency,Later stage,2020,0,Percentage,7.333333492
VNM,VIET NAM,Probability to receive funding,By technology,Energy efficiency,Later stage,2021,0,Percentage,7.333333492
VNM,VIET NAM,Probability to receive funding,By technology,Fossil fuels,Later stage,2015,0,Percentage,10.5
VNM,VIET NAM,Probability to receive funding,By technology,Fossil fuels,Later stage,2016,0,Percentage,10.5
VNM,VIET NAM,Probability to receive funding,By technology,Fossil fuels,Later stage,2017,0,Percentage,10.5
VNM,VIET NAM,Probability to receive funding,By technology,Fossil fuels,Later stage,2018,0,Percentage,11.5
VNM,VIET NAM,Probability to receive funding,By technology,Fossil fuels,Later stage,2019,0,Percentage,11.5
VNM,VIET NAM,Probability to receive funding,By technology,Fossil fuels,Later stage,2020,0,Percentage,11.5
VNM,VIET NAM,Probability to receive funding,By technology,Fossil fuels,Later stage,2021,0,Percentage,11.5
VNM,VIET NAM,Probability to receive funding,By technology,Grid,Later stage,2015,0,Percentage,8.5
VNM,VIET NAM,Probability to receive funding,By technology,Grid,Later stage,2016,0,Percentage,8.5
VNM,VIET NAM,Probability to receive funding,By technology,Grid,Later stage,2017,0,Percentage,8.5
VNM,VIET NAM,Probability to receive funding,By technology,Grid,Later stage,2018,0,Percentage,9.5
VNM,VIET NAM,Probability to receive funding,By technology,Grid,Later stage,2019,0,Percentage,9.5
VNM,VIET NAM,Probability to receive funding,By technology,Grid,Later stage,2020,0,Percentage,9.5
VNM,VIET NAM,Probability to receive funding,By technology,Grid,Later stage,2021,0,Percentage,9.5
VNM,VIET NAM,Probability to receive funding,By technology,Non-clean energy,Later stage,2021,0,Percentage,38
VNM,VIET NAM,Probability to receive funding,By technology,Other energy,Later stage,2015,0,Percentage,6.5
VNM,VIET NAM,Probability to receive funding,By technology,Other energy,Later stage,2016,0,Percentage,6.5
VNM,VIET NAM,Probability to receive funding,By technology,Other energy,Later stage,2017,0,Percentage,7.333333492
VNM,VIET NAM,Probability to receive funding,By technology,Other energy,Later stage,2018,0,Percentage,7.666666508
VNM,VIET NAM,Probability to receive funding,By technology,Other energy,Later stage,2019,0,Percentage,7.666666508
VNM,VIET NAM,Probability to receive funding,By technology,Other energy,Later stage,2020,0,Percentage,7.666666508
VNM,VIET NAM,Probability to receive funding,By technology,Other energy,Later stage,2021,0,Percentage,7.666666508
VNM,VIET NAM,Probability to receive funding,By technology,Other renewables,Later stage,2015,15.38461494,Percentage,6.5
VNM,VIET NAM,Probability to receive funding,By technology,Other renewables,Later stage,2016,15.38461494,Percentage,6.5
VNM,VIET NAM,Probability to receive funding,By technology,Other renewables,Later stage,2017,14.63414669,Percentage,6.833333492
VNM,VIET NAM,Probability to receive funding,By technology,Other renewables,Later stage,2018,13.04347801,Percentage,7.666666508
VNM,VIET NAM,Probability to receive funding,By technology,Other renewables,Later stage,2019,13.04347801,Percentage,7.666666508
VNM,VIET NAM,Probability to receive funding,By technology,Other renewables,Later stage,2020,13.04347801,Percentage,7.666666508
VNM,VIET NAM,Probability to receive funding,By technology,Other renewables,Later stage,2021,13.04347801,Percentage,7.666666508
VNM,VIET NAM,Fundings of start-ups,By technology,Other renewables,Later stage,2022,3.808219194,Years,7.666666508
VNM,VIET NAM,Probability to receive funding,By technology,Solar,Later stage,2015,0,Percentage,4.166666508
VNM,VIET NAM,Probability to receive funding,By technology,Solar,Later stage,2016,0,Percentage,4.166666508
VNM,VIET NAM,Probability to receive funding,By technology,Solar,Later stage,2017,0,Percentage,5
VNM,VIET NAM,Probability to receive funding,By technology,Solar,Later stage,2018,0,Percentage,5.333333492
VNM,VIET NAM,Probability to receive funding,By technology,Solar,Later stage,2019,0,Percentage,5.333333492
VNM,VIET NAM,Probability to receive funding,By technology,Solar,Later stage,2020,0,Percentage,5.333333492
VNM,VIET NAM,Probability to receive funding,By technology,Solar,Later stage,2021,0,Percentage,5.333333492
VNM,VIET NAM,Probability to receive funding,By technology,Wind,Later stage,2015,0,Percentage,0.5
VNM,VIET NAM,Probability to receive funding,By technology,Wind,Later stage,2016,0,Percentage,0.5
VNM,VIET NAM,Probability to receive funding,By technology,Wind,Later stage,2017,0,Percentage,0.5
VNM,VIET NAM,Probability to receive funding,By technology,Wind,Later stage,2018,0,Percentage,0.5
VNM,VIET NAM,Probability to receive funding,By technology,Wind,Later stage,2019,0,Percentage,0.5
VNM,VIET NAM,Probability to receive funding,By technology,Wind,Later stage,2020,0,Percentage,0.5
VNM,VIET NAM,Probability to receive funding,By technology,Wind,Later stage,2021,0,Percentage,0.5
ESH,WESTERN SAHARA,Probability to receive funding,"By sector (energy, green, digital)",Non-energy,Early stage,2021,0,Percentage,1
ESH,WESTERN SAHARA,Probability to receive funding,"By sector (energy, green, digital)",Non-energy,Later stage,2021,0,Percentage,1
YEM,YEMEN,Fundings of start-ups,"By sector (energy, green, digital)",Non-energy,Early stage,2017,118962.7656,USD,1
YEM,YEMEN,Fundings of start-ups,"By sector (energy, green, digital)",Non-energy,Early stage,2018,33281.25,USD,1
YEM,YEMEN,Probability to receive funding,"By sector (energy, green, digital)",Non-energy,Early stage,2021,6.25,Percentage,16
YEM,YEMEN,Fundings of start-ups,"By sector (energy, green, digital)",Non-energy,Early stage,2022,0,Years,16
YEM,YEMEN,Probability to receive funding,"By sector (energy, green, digital)",Non-energy,Later stage,2021,0,Percentage,16
ZMB,ZAMBIA,Probability to receive funding,"By sector (energy, green, digital)",Energy,Early stage,2021,0,Percentage,10
ZMB,ZAMBIA,Probability to receive funding,"By sector (energy, green, digital)",Energy and digital,Early stage,2021,0,Percentage,2
ZMB,ZAMBIA,Probability to receive funding,"By sector (energy, green, digital)",Energy and non-digital,Early stage,2021,0,Percentage,8
ZMB,ZAMBIA,Fundings of start-ups,"By sector (energy, green, digital)",Non-energy,Early stage,2015,665104.875,USD,3
ZMB,ZAMBIA,Fundings of start-ups,"By sector (energy, green, digital)",Non-energy,Early stage,2016,235799.1094,USD,1
ZMB,ZAMBIA,Fundings of start-ups,"By sector (energy, green, digital)",Non-energy,Early stage,2017,16994.68164,USD,1
ZMB,ZAMBIA,Fundings of start-ups,"By sector (energy, green, digital)",Non-energy,Early stage,2018,1459937.5,USD,2
ZMB,ZAMBIA,Fundings of start-ups,"By sector (energy, green, digital)",Non-energy,Early stage,2020,4034091,USD,3
ZMB,ZAMBIA,Fundings of start-ups,"By sector (energy, green, digital)",Non-energy,Early stage,2021,3215579.75,USD,2
ZMB,ZAMBIA,Probability to receive funding,"By sector (energy, green, digital)",Non-energy,Early stage,2021,11.0169487,Percentage,118
ZMB,ZAMBIA,Fundings of start-ups,"By sector (energy, green, digital)",Non-energy,Early stage,2022,3.19726038,Years,119
ZMB,ZAMBIA,Fundings of start-ups,"By sector (energy, green, digital)",Non-energy,Early stage,2022,12000000,USD,1
ZMB,ZAMBIA,Probability to receive funding,"By sector (energy, green, digital)",Energy,Later stage,2021,0,Percentage,10
ZMB,ZAMBIA,Probability to receive funding,"By sector (energy, green, digital)",Energy and digital,Later stage,2021,0,Percentage,2
ZMB,ZAMBIA,Probability to receive funding,"By sector (energy, green, digital)",Energy and non-digital,Later stage,2021,0,Percentage,8
ZMB,ZAMBIA,Fundings of start-ups,"By sector (energy, green, digital)",Non-energy,Later stage,2019,1521428.625,USD,1
ZMB,ZAMBIA,Probability to receive funding,"By sector (energy, green, digital)",Non-energy,Later stage,2021,3.389830589,Percentage,118
ZMB,ZAMBIA,Fundings of start-ups,"By sector (energy, green, digital)",Non-energy,Later stage,2022,5.189041138,Years,119
ZMB,ZAMBIA,Probability to receive funding,By technology,Clean energy,Early stage,2021,0,Percentage,6
ZMB,ZAMBIA,Probability to receive funding,By technology,Energy efficiency,Early stage,2015,0,Percentage,0.5
ZMB,ZAMBIA,Probability to receive funding,By technology,Energy efficiency,Early stage,2016,0,Percentage,0.833333313
ZMB,ZAMBIA,Probability to receive funding,By technology,Energy efficiency,Early stage,2017,0,Percentage,0.833333313
ZMB,ZAMBIA,Probability to receive funding,By technology,Energy efficiency,Early stage,2018,0,Percentage,0.833333313
ZMB,ZAMBIA,Probability to receive funding,By technology,Energy efficiency,Early stage,2019,0,Percentage,0.833333313
ZMB,ZAMBIA,Probability to receive funding,By technology,Energy efficiency,Early stage,2020,0,Percentage,0.833333313
ZMB,ZAMBIA,Probability to receive funding,By technology,Energy efficiency,Early stage,2021,0,Percentage,0.833333313
ZMB,ZAMBIA,Probability to receive funding,By technology,Grid,Early stage,2015,0,Percentage,1
ZMB,ZAMBIA,Probability to receive funding,By technology,Grid,Early stage,2016,0,Percentage,1
ZMB,ZAMBIA,Probability to receive funding,By technology,Grid,Early stage,2017,0,Percentage,1
ZMB,ZAMBIA,Probability to receive funding,By technology,Grid,Early stage,2018,0,Percentage,1
ZMB,ZAMBIA,Probability to receive funding,By technology,Grid,Early stage,2019,0,Percentage,1
ZMB,ZAMBIA,Probability to receive funding,By technology,Grid,Early stage,2020,0,Percentage,1
ZMB,ZAMBIA,Probability to receive funding,By technology,Grid,Early stage,2021,0,Percentage,1
ZMB,ZAMBIA,Probability to receive funding,By technology,Non-clean energy,Early stage,2021,0,Percentage,4
ZMB,ZAMBIA,Probability to receive funding,By technology,Other energy,Early stage,2015,0,Percentage,2.5
ZMB,ZAMBIA,Probability to receive funding,By technology,Other energy,Early stage,2016,0,Percentage,3.333333254
ZMB,ZAMBIA,Probability to receive funding,By technology,Other energy,Early stage,2017,0,Percentage,3.333333254
ZMB,ZAMBIA,Probability to receive funding,By technology,Other energy,Early stage,2018,0,Percentage,3.333333254
ZMB,ZAMBIA,Probability to receive funding,By technology,Other energy,Early stage,2019,0,Percentage,3.333333254
ZMB,ZAMBIA,Probability to receive funding,By technology,Other energy,Early stage,2020,0,Percentage,3.333333254
ZMB,ZAMBIA,Probability to receive funding,By technology,Other energy,Early stage,2021,0,Percentage,3.333333254
ZMB,ZAMBIA,Probability to receive funding,By technology,Other renewables,Early stage,2015,0,Percentage,2.5
ZMB,ZAMBIA,Probability to receive funding,By technology,Other renewables,Early stage,2016,0,Percentage,3
ZMB,ZAMBIA,Probability to receive funding,By technology,Other renewables,Early stage,2017,0,Percentage,3
ZMB,ZAMBIA,Probability to receive funding,By technology,Other renewables,Early stage,2018,0,Percentage,3
ZMB,ZAMBIA,Probability to receive funding,By technology,Other renewables,Early stage,2019,0,Percentage,3
ZMB,ZAMBIA,Probability to receive funding,By technology,Other renewables,Early stage,2020,0,Percentage,3
ZMB,ZAMBIA,Probability to receive funding,By technology,Other renewables,Early stage,2021,0,Percentage,3
ZMB,ZAMBIA,Probability to receive funding,By technology,Solar,Early stage,2015,0,Percentage,0.5
ZMB,ZAMBIA,Probability to receive funding,By technology,Solar,Early stage,2016,0,Percentage,0.833333313
ZMB,ZAMBIA,Probability to receive funding,By technology,Solar,Early stage,2017,0,Percentage,0.833333313
ZMB,ZAMBIA,Probability to receive funding,By technology,Solar,Early stage,2018,0,Percentage,0.833333313
ZMB,ZAMBIA,Probability to receive funding,By technology,Solar,Early stage,2019,0,Percentage,0.833333313
ZMB,ZAMBIA,Probability to receive funding,By technology,Solar,Early stage,2020,0,Percentage,0.833333313
ZMB,ZAMBIA,Probability to receive funding,By technology,Solar,Early stage,2021,0,Percentage,0.833333313
ZMB,ZAMBIA,Probability to receive funding,By technology,Clean energy,Later stage,2021,0,Percentage,6
ZMB,ZAMBIA,Probability to receive funding,By technology,Energy efficiency,Later stage,2015,0,Percentage,0.5
ZMB,ZAMBIA,Probability to receive funding,By technology,Energy efficiency,Later stage,2016,0,Percentage,0.833333313
ZMB,ZAMBIA,Probability to receive funding,By technology,Energy efficiency,Later stage,2017,0,Percentage,0.833333313
ZMB,ZAMBIA,Probability to receive funding,By technology,Energy efficiency,Later stage,2018,0,Percentage,0.833333313
ZMB,ZAMBIA,Probability to receive funding,By technology,Energy efficiency,Later stage,2019,0,Percentage,0.833333313
ZMB,ZAMBIA,Probability to receive funding,By technology,Energy efficiency,Later stage,2020,0,Percentage,0.833333313
ZMB,ZAMBIA,Probability to receive funding,By technology,Energy efficiency,Later stage,2021,0,Percentage,0.833333313
ZMB,ZAMBIA,Probability to receive funding,By technology,Grid,Later stage,2015,0,Percentage,1
ZMB,ZAMBIA,Probability to receive funding,By technology,Grid,Later stage,2016,0,Percentage,1
ZMB,ZAMBIA,Probability to receive funding,By technology,Grid,Later stage,2017,0,Percentage,1
ZMB,ZAMBIA,Probability to receive funding,By technology,Grid,Later stage,2018,0,Percentage,1
ZMB,ZAMBIA,Probability to receive funding,By technology,Grid,Later stage,2019,0,Percentage,1
ZMB,ZAMBIA,Probability to receive funding,By technology,Grid,Later stage,2020,0,Percentage,1
ZMB,ZAMBIA,Probability to receive funding,By technology,Grid,Later stage,2021,0,Percentage,1
ZMB,ZAMBIA,Probability to receive funding,By technology,Non-clean energy,Later stage,2021,0,Percentage,4
ZMB,ZAMBIA,Probability to receive funding,By technology,Other energy,Later stage,2015,0,Percentage,2.5
ZMB,ZAMBIA,Probability to receive funding,By technology,Other energy,Later stage,2016,0,Percentage,3.333333254
ZMB,ZAMBIA,Probability to receive funding,By technology,Other energy,Later stage,2017,0,Percentage,3.333333254
ZMB,ZAMBIA,Probability to receive funding,By technology,Other energy,Later stage,2018,0,Percentage,3.333333254
ZMB,ZAMBIA,Probability to receive funding,By technology,Other energy,Later stage,2019,0,Percentage,3.333333254
ZMB,ZAMBIA,Probability to receive funding,By technology,Other energy,Later stage,2020,0,Percentage,3.333333254
ZMB,ZAMBIA,Probability to receive funding,By technology,Other energy,Later stage,2021,0,Percentage,3.333333254
ZMB,ZAMBIA,Probability to receive funding,By technology,Other renewables,Later stage,2015,0,Percentage,2.5
ZMB,ZAMBIA,Probability to receive funding,By technology,Other renewables,Later stage,2016,0,Percentage,3
ZMB,ZAMBIA,Probability to receive funding,By technology,Other renewables,Later stage,2017,0,Percentage,3
ZMB,ZAMBIA,Probability to receive funding,By technology,Other renewables,Later stage,2018,0,Percentage,3
ZMB,ZAMBIA,Probability to receive funding,By technology,Other renewables,Later stage,2019,0,Percentage,3
ZMB,ZAMBIA,Probability to receive funding,By technology,Other renewables,Later stage,2020,0,Percentage,3
ZMB,ZAMBIA,Probability to receive funding,By technology,Other renewables,Later stage,2021,0,Percentage,3
ZMB,ZAMBIA,Probability to receive funding,By technology,Solar,Later stage,2015,0,Percentage,0.5
ZMB,ZAMBIA,Probability to receive funding,By technology,Solar,Later stage,2016,0,Percentage,0.833333313
ZMB,ZAMBIA,Probability to receive funding,By technology,Solar,Later stage,2017,0,Percentage,0.833333313
ZMB,ZAMBIA,Probability to receive funding,By technology,Solar,Later stage,2018,0,Percentage,0.833333313
ZMB,ZAMBIA,Probability to receive funding,By technology,Solar,Later stage,2019,0,Percentage,0.833333313
ZMB,ZAMBIA,Probability to receive funding,By technology,Solar,Later stage,2020,0,Percentage,0.833333313
ZMB,ZAMBIA,Probability to receive funding,By technology,Solar,Later stage,2021,0,Percentage,0.833333313
ZWE,ZIMBABWE,Fundings of start-ups,"By sector (energy, green, digital)",Energy,Early stage,2018,998437.5,USD,1
ZWE,ZIMBABWE,Probability to receive funding,"By sector (energy, green, digital)",Energy,Early stage,2021,25,Percentage,8
ZWE,ZIMBABWE,Fundings of start-ups,"By sector (energy, green, digital)",Energy,Early stage,2022,2.578082085,Years,8
ZWE,ZIMBABWE,Probability to receive funding,"By sector (energy, green, digital)",Energy and digital,Early stage,2021,0,Percentage,3
ZWE,ZIMBABWE,Fundings of start-ups,"By sector (energy, green, digital)",Energy and non-digital,Early stage,2018,998437.5,USD,1
ZWE,ZIMBABWE,Probability to receive funding,"By sector (energy, green, digital)",Energy and non-digital,Early stage,2021,40,Percentage,5
ZWE,ZIMBABWE,Fundings of start-ups,"By sector (energy, green, digital)",Energy and non-digital,Early stage,2022,2.578082085,Years,5
ZWE,ZIMBABWE,Fundings of start-ups,"By sector (energy, green, digital)",Non-energy,Early stage,2015,35303.86719,USD,1
ZWE,ZIMBABWE,Fundings of start-ups,"By sector (energy, green, digital)",Non-energy,Early stage,2019,14162327,USD,2
ZWE,ZIMBABWE,Fundings of start-ups,"By sector (energy, green, digital)",Non-energy,Early stage,2020,28238.63672,USD,2
ZWE,ZIMBABWE,Probability to receive funding,"By sector (energy, green, digital)",Non-energy,Early stage,2021,7.079646111,Percentage,113
ZWE,ZIMBABWE,Fundings of start-ups,"By sector (energy, green, digital)",Non-energy,Early stage,2021,1440579.75,USD,1
ZWE,ZIMBABWE,Fundings of start-ups,"By sector (energy, green, digital)",Non-energy,Early stage,2022,1.78287673,Years,113
ZWE,ZIMBABWE,Fundings of start-ups,"By sector (energy, green, digital)",Energy,Later stage,2018,332812.5,USD,1
ZWE,ZIMBABWE,Probability to receive funding,"By sector (energy, green, digital)",Energy,Later stage,2021,12.5,Percentage,8
ZWE,ZIMBABWE,Fundings of start-ups,"By sector (energy, green, digital)",Energy,Later stage,2022,4.586301327,Years,8
ZWE,ZIMBABWE,Probability to receive funding,"By sector (energy, green, digital)",Energy and digital,Later stage,2021,0,Percentage,3
ZWE,ZIMBABWE,Fundings of start-ups,"By sector (energy, green, digital)",Energy and non-digital,Later stage,2018,332812.5,USD,1
ZWE,ZIMBABWE,Probability to receive funding,"By sector (energy, green, digital)",Energy and non-digital,Later stage,2021,20,Percentage,5
ZWE,ZIMBABWE,Fundings of start-ups,"By sector (energy, green, digital)",Energy and non-digital,Later stage,2022,4.586301327,Years,5
ZWE,ZIMBABWE,Probability to receive funding,"By sector (energy, green, digital)",Non-energy,Later stage,2021,1.769911528,Percentage,113
ZWE,ZIMBABWE,Fundings of start-ups,"By sector (energy, green, digital)",Non-energy,Later stage,2022,3.589040995,Years,113
ZWE,ZIMBABWE,Fundings of start-ups,By technology,Other energy,all,2018,443750,USD,0.666666687
ZWE,ZIMBABWE,Fundings of start-ups,By technology,Other renewables,all,2018,443750,USD,0.666666687
ZWE,ZIMBABWE,Fundings of start-ups,By technology,Solar,all,2018,443750,USD,0.666666687
ZWE,ZIMBABWE,Fundings of start-ups,By technology,Clean energy,Early stage,2018,998437.5,USD,1
ZWE,ZIMBABWE,Probability to receive funding,By technology,Clean energy,Early stage,2021,40,Percentage,5
ZWE,ZIMBABWE,Fundings of start-ups,By technology,Clean energy,Early stage,2022,2.578082085,Years,5
ZWE,ZIMBABWE,Probability to receive funding,By technology,Energy efficiency,Early stage,2021,100,Percentage,0.200000003
ZWE,ZIMBABWE,Probability to receive funding,By technology,Fossil fuels,Early stage,2015,0,Percentage,0.5
ZWE,ZIMBABWE,Probability to receive funding,By technology,Fossil fuels,Early stage,2016,0,Percentage,0.5
ZWE,ZIMBABWE,Probability to receive funding,By technology,Fossil fuels,Early stage,2017,0,Percentage,0.5
ZWE,ZIMBABWE,Probability to receive funding,By technology,Fossil fuels,Early stage,2018,0,Percentage,0.5
ZWE,ZIMBABWE,Probability to receive funding,By technology,Fossil fuels,Early stage,2019,0,Percentage,0.5
ZWE,ZIMBABWE,Probability to receive funding,By technology,Fossil fuels,Early stage,2020,0,Percentage,0.5
ZWE,ZIMBABWE,Probability to receive funding,By technology,Fossil fuels,Early stage,2021,0,Percentage,0.5
ZWE,ZIMBABWE,Probability to receive funding,By technology,Grid,Early stage,2015,0,Percentage,0.666666687
ZWE,ZIMBABWE,Probability to receive funding,By technology,Grid,Early stage,2016,0,Percentage,0.666666687
ZWE,ZIMBABWE,Probability to receive funding,By technology,Grid,Early stage,2017,0,Percentage,0.666666687
ZWE,ZIMBABWE,Probability to receive funding,By technology,Grid,Early stage,2018,0,Percentage,0.666666687
ZWE,ZIMBABWE,Probability to receive funding,By technology,Grid,Early stage,2019,0,Percentage,0.666666687
ZWE,ZIMBABWE,Probability to receive funding,By technology,Grid,Early stage,2020,0,Percentage,0.666666687
ZWE,ZIMBABWE,Probability to receive funding,By technology,Grid,Early stage,2021,0,Percentage,0.666666687
ZWE,ZIMBABWE,Probability to receive funding,By technology,Non-clean energy,Early stage,2021,0,Percentage,3
ZWE,ZIMBABWE,Probability to receive funding,By technology,Other energy,Early stage,2015,18.18181801,Percentage,1.833333373
ZWE,ZIMBABWE,Probability to receive funding,By technology,Other energy,Early stage,2016,18.18181801,Percentage,1.833333373
ZWE,ZIMBABWE,Probability to receive funding,By technology,Other energy,Early stage,2017,18.18181801,Percentage,1.833333373
ZWE,ZIMBABWE,Probability to receive funding,By technology,Other energy,Early stage,2018,15.38461494,Percentage,2.166666746
ZWE,ZIMBABWE,Probability to receive funding,By technology,Other energy,Early stage,2019,15.38461494,Percentage,2.166666746
ZWE,ZIMBABWE,Probability to receive funding,By technology,Other energy,Early stage,2020,15.38461494,Percentage,2.166666746
ZWE,ZIMBABWE,Probability to receive funding,By technology,Other energy,Early stage,2021,22.53521156,Percentage,2.366666555
ZWE,ZIMBABWE,Probability to receive funding,By technology,Other renewables,Early stage,2015,33.33333206,Percentage,1
ZWE,ZIMBABWE,Probability to receive funding,By technology,Other renewables,Early stage,2016,33.33333206,Percentage,1
ZWE,ZIMBABWE,Probability to receive funding,By technology,Other renewables,Early stage,2017,33.33333206,Percentage,1
ZWE,ZIMBABWE,Probability to receive funding,By technology,Other renewables,Early stage,2018,25,Percentage,1.333333373
ZWE,ZIMBABWE,Probability to receive funding,By technology,Other renewables,Early stage,2019,25,Percentage,1.333333373
ZWE,ZIMBABWE,Probability to receive funding,By technology,Other renewables,Early stage,2020,25,Percentage,1.333333373
ZWE,ZIMBABWE,Probability to receive funding,By technology,Other renewables,Early stage,2021,42.30769348,Percentage,1.733333349
ZWE,ZIMBABWE,Probability to receive funding,By technology,Solar,Early stage,2015,33.33333206,Percentage,1
ZWE,ZIMBABWE,Probability to receive funding,By technology,Solar,Early stage,2016,33.33333206,Percentage,1
ZWE,ZIMBABWE,Probability to receive funding,By technology,Solar,Early stage,2017,16.66666603,Percentage,2
ZWE,ZIMBABWE,Probability to receive funding,By technology,Solar,Early stage,2018,14.28571415,Percentage,2.333333254
ZWE,ZIMBABWE,Probability to receive funding,By technology,Solar,Early stage,2019,14.28571415,Percentage,2.333333254
ZWE,ZIMBABWE,Probability to receive funding,By technology,Solar,Early stage,2020,14.28571415,Percentage,2.333333254
ZWE,ZIMBABWE,Probability to receive funding,By technology,Solar,Early stage,2021,21.05263138,Percentage,2.533333302
ZWE,ZIMBABWE,Fundings of start-ups,By technology,Clean energy,Later stage,2018,332812.5,USD,1
ZWE,ZIMBABWE,Probability to receive funding,By technology,Clean energy,Later stage,2021,20,Percentage,5
ZWE,ZIMBABWE,Fundings of start-ups,By technology,Clean energy,Later stage,2022,4.586301327,Years,5
ZWE,ZIMBABWE,Probability to receive funding,By technology,Energy efficiency,Later stage,2021,0,Percentage,0.200000003
ZWE,ZIMBABWE,Probability to receive funding,By technology,Fossil fuels,Later stage,2015,0,Percentage,0.5
ZWE,ZIMBABWE,Probability to receive funding,By technology,Fossil fuels,Later stage,2016,0,Percentage,0.5
ZWE,ZIMBABWE,Probability to receive funding,By technology,Fossil fuels,Later stage,2017,0,Percentage,0.5
ZWE,ZIMBABWE,Probability to receive funding,By technology,Fossil fuels,Later stage,2018,0,Percentage,0.5
ZWE,ZIMBABWE,Probability to receive funding,By technology,Fossil fuels,Later stage,2019,0,Percentage,0.5
ZWE,ZIMBABWE,Probability to receive funding,By technology,Fossil fuels,Later stage,2020,0,Percentage,0.5
ZWE,ZIMBABWE,Probability to receive funding,By technology,Fossil fuels,Later stage,2021,0,Percentage,0.5
ZWE,ZIMBABWE,Probability to receive funding,By technology,Grid,Later stage,2015,0,Percentage,0.666666687
ZWE,ZIMBABWE,Probability to receive funding,By technology,Grid,Later stage,2016,0,Percentage,0.666666687
ZWE,ZIMBABWE,Probability to receive funding,By technology,Grid,Later stage,2017,0,Percentage,0.666666687
ZWE,ZIMBABWE,Probability to receive funding,By technology,Grid,Later stage,2018,0,Percentage,0.666666687
ZWE,ZIMBABWE,Probability to receive funding,By technology,Grid,Later stage,2019,0,Percentage,0.666666687
ZWE,ZIMBABWE,Probability to receive funding,By technology,Grid,Later stage,2020,0,Percentage,0.666666687
ZWE,ZIMBABWE,Probability to receive funding,By technology,Grid,Later stage,2021,0,Percentage,0.666666687
ZWE,ZIMBABWE,Probability to receive funding,By technology,Non-clean energy,Later stage,2021,0,Percentage,3
ZWE,ZIMBABWE,Probability to receive funding,By technology,Other energy,Later stage,2015,18.18181801,Percentage,1.833333373
ZWE,ZIMBABWE,Probability to receive funding,By technology,Other energy,Later stage,2016,18.18181801,Percentage,1.833333373
ZWE,ZIMBABWE,Probability to receive funding,By technology,Other energy,Later stage,2017,18.18181801,Percentage,1.833333373
ZWE,ZIMBABWE,Probability to receive funding,By technology,Other energy,Later stage,2018,15.38461494,Percentage,2.166666746
ZWE,ZIMBABWE,Probability to receive funding,By technology,Other energy,Later stage,2019,15.38461494,Percentage,2.166666746
ZWE,ZIMBABWE,Probability to receive funding,By technology,Other energy,Later stage,2020,15.38461494,Percentage,2.166666746
ZWE,ZIMBABWE,Probability to receive funding,By technology,Other energy,Later stage,2021,14.08450699,Percentage,2.366666555
ZWE,ZIMBABWE,Probability to receive funding,By technology,Other renewables,Later stage,2015,33.33333206,Percentage,1
ZWE,ZIMBABWE,Probability to receive funding,By technology,Other renewables,Later stage,2016,33.33333206,Percentage,1
ZWE,ZIMBABWE,Probability to receive funding,By technology,Other renewables,Later stage,2017,33.33333206,Percentage,1
ZWE,ZIMBABWE,Probability to receive funding,By technology,Other renewables,Later stage,2018,25,Percentage,1.333333373
ZWE,ZIMBABWE,Probability to receive funding,By technology,Other renewables,Later stage,2019,25,Percentage,1.333333373
ZWE,ZIMBABWE,Probability to receive funding,By technology,Other renewables,Later stage,2020,25,Percentage,1.333333373
ZWE,ZIMBABWE,Probability to receive funding,By technology,Other renewables,Later stage,2021,19.23077011,Percentage,1.733333349
ZWE,ZIMBABWE,Probability to receive funding,By technology,Solar,Later stage,2015,33.33333206,Percentage,1
ZWE,ZIMBABWE,Probability to receive funding,By technology,Solar,Later stage,2016,33.33333206,Percentage,1
ZWE,ZIMBABWE,Probability to receive funding,By technology,Solar,Later stage,2017,16.66666603,Percentage,2
ZWE,ZIMBABWE,Probability to receive funding,By technology,Solar,Later stage,2018,14.28571415,Percentage,2.333333254
ZWE,ZIMBABWE,Probability to receive funding,By technology,Solar,Later stage,2019,14.28571415,Percentage,2.333333254
ZWE,ZIMBABWE,Probability to receive funding,By technology,Solar,Later stage,2020,14.28571415,Percentage,2.333333254
ZWE,ZIMBABWE,Probability to receive funding,By technology,Solar,Later stage,2021,13.15789509,Percentage,2.533333302
